block_number,timestamp,backed,included,timed_out,disputes,cores_active,distinct_paras,bitfields,avg_avail
29621843,1769075796000,20,30,0,0,30,30,596,0.9998
29621844,1769075802000,31,20,0,0,20,20,596,1
29621845,1769075808000,20,31,0,0,31,31,596,1
29621846,1769075814000,32,20,0,0,20,20,596,0.9998
29621847,1769075820000,19,32,0,0,32,32,596,0.9997
29621848,1769075826000,29,19,0,0,19,19,596,0.9997
29621849,1769075832000,20,29,0,0,29,29,596,0.9997
29621850,1769075838000,31,20,0,0,20,20,596,0.9999
29621851,1769075844000,22,31,0,0,31,31,596,0.9999
29621852,1769075850000,32,22,0,0,22,22,596,0.9999
29621853,1769075856000,19,32,0,0,32,32,596,0.9995
29621854,1769075862000,28,19,0,0,19,19,596,0.9997
29621855,1769075868000,22,28,0,0,28,28,596,1
29621856,1769075874000,32,22,0,0,22,22,596,0.9997
29621857,1769075880000,19,32,0,0,32,32,597,0.9987
29621858,1769075886000,32,19,0,0,19,19,594,0.9988
29621859,1769075892000,21,32,0,0,32,32,596,0.9998
29621860,1769075898000,34,21,0,0,21,21,596,0.9998
29621861,1769075904000,19,34,0,0,34,34,597,0.9983
29621862,1769075910000,32,19,0,0,19,19,597,0.9986
29621863,1769075916000,22,32,0,0,32,32,596,0.9991
29621864,1769075922000,31,22,0,0,22,22,596,1
29621865,1769075928000,21,31,0,0,31,31,596,0.9998
29621866,1769075934000,29,21,0,0,21,21,596,1
29621867,1769075940000,20,29,0,0,29,29,596,0.9999
29621868,1769075946000,32,20,0,0,20,20,596,0.9999
29621869,1769075952000,20,32,0,0,32,32,596,1
29621870,1769075958000,32,20,0,0,20,20,596,0.9997
29621871,1769075964000,21,32,0,0,32,32,595,1
29621872,1769075970000,32,21,0,0,21,21,596,1
29621873,1769075976000,20,32,0,0,32,32,596,0.9999
29621874,1769075982000,32,20,0,0,20,20,596,0.9998
29621875,1769075988000,22,32,0,0,32,32,596,0.9998
29621876,1769075994000,33,22,0,0,22,22,595,0.9996
29621877,1769076000000,21,33,0,0,33,33,596,0.9998
29621878,1769076006000,31,21,0,0,21,21,596,0.9989
29621879,1769076012000,21,31,0,0,31,31,596,0.9988
29621880,1769076018000,31,21,0,0,21,21,596,1
29621881,1769076024000,22,31,0,0,31,31,596,0.9998
29621882,1769076030000,34,22,0,0,22,22,596,0.9999
29621883,1769076036000,22,34,0,0,34,34,596,0.9999
29621884,1769076042000,31,22,0,0,22,22,596,0.9999
29621885,1769076048000,20,31,0,0,31,31,596,1
29621886,1769076054000,32,20,0,0,20,20,596,0.9997
29621887,1769076060000,21,32,0,0,32,32,596,0.9997
29621888,1769076066000,31,21,0,0,21,21,596,0.9998
29621889,1769076072000,21,31,0,0,31,31,596,0.9999
29621890,1769076078000,33,21,0,0,21,21,596,0.9998
29621891,1769076084000,20,33,0,0,33,33,596,0.9999
29621892,1769076090000,32,20,0,0,20,20,596,0.9995
29621893,1769076096000,20,32,0,0,32,32,596,0.9992
29621894,1769076102000,33,20,0,0,20,20,596,0.9998
29621895,1769076108000,20,33,0,0,33,33,596,0.9998
29621896,1769076114000,33,20,0,0,20,20,596,1
29621897,1769076120000,18,33,0,0,33,33,596,0.9993
29621898,1769076126000,32,18,0,0,18,18,596,0.9998
29621899,1769076132000,19,32,0,0,32,32,596,0.9996
29621900,1769076138000,33,19,0,0,19,19,596,0.9999
29621901,1769076144000,20,33,0,0,33,33,597,0.9971
29621902,1769076150000,33,20,0,0,20,20,596,0.9998
29621903,1769076156000,19,33,0,0,33,33,596,0.9998
29621904,1769076162000,32,19,0,0,19,19,596,0.9996
29621905,1769076168000,18,32,0,0,32,32,596,1
29621906,1769076174000,32,18,0,0,18,18,596,0.9999
29621907,1769076180000,17,32,0,0,32,32,596,0.9997
29621908,1769076186000,29,17,0,0,17,17,596,0.9997
29621909,1769076192000,19,29,0,0,29,29,596,0.9997
29621910,1769076198000,35,19,0,0,19,19,596,1
29621911,1769076204000,20,35,0,0,35,35,596,0.9996
29621912,1769076210000,35,20,0,0,20,20,596,0.9997
29621913,1769076216000,18,35,0,0,35,35,596,0.9999
29621914,1769076222000,33,18,0,0,18,18,596,0.9997
29621915,1769076228000,19,33,0,0,33,33,596,0.9985
29621916,1769076234000,34,19,0,0,19,19,596,0.9997
29621917,1769076240000,20,34,0,0,34,34,593,0.9998
29621918,1769076246000,35,20,0,0,20,20,596,0.9997
29621919,1769076252000,20,35,0,0,35,35,596,0.998
29621920,1769076258000,34,20,0,0,20,20,595,0.9995
29621921,1769076264000,19,34,0,0,34,34,595,0.9994
29621922,1769076270000,31,19,0,0,19,19,595,0.9999
29621923,1769076276000,19,31,0,0,31,31,596,0.9995
29621924,1769076282000,30,19,0,0,19,19,596,0.9998
29621925,1769076288000,18,30,0,0,30,30,596,0.9995
29621926,1769076294000,33,18,0,0,18,18,596,0.9999
29621927,1769076300000,17,33,0,0,33,33,596,0.9999
29621928,1769076306000,30,17,0,0,17,17,596,0.9993
29621929,1769076312000,16,30,0,0,30,30,596,0.9987
29621930,1769076318000,31,16,0,0,16,16,596,0.9994
29621931,1769076324000,20,31,0,0,31,31,596,0.9998
29621932,1769076330000,33,20,0,0,20,20,596,0.9997
29621933,1769076336000,24,33,0,0,33,33,596,0.9998
29621934,1769076342000,27,24,0,0,24,24,595,0.9994
29621935,1769076348000,23,27,0,0,27,27,596,0.9998
29621936,1769076354000,28,23,0,0,23,23,596,0.9999
29621937,1769076360000,24,28,0,0,28,28,596,0.9998
29621938,1769076366000,26,24,0,0,24,24,592,0.9994
29621939,1769076372000,27,26,0,0,26,26,596,0.9998
29621940,1769076378000,25,27,0,0,27,27,596,0.9996
29621941,1769076384000,26,25,0,0,25,25,596,0.9993
29621942,1769076390000,23,26,0,0,26,26,596,0.9994
29621943,1769076396000,24,23,0,0,23,23,596,0.9996
29621944,1769076402000,25,24,0,0,24,24,596,0.9998
29621945,1769076408000,27,25,0,0,25,25,596,0.9995
29621946,1769076414000,24,27,0,0,27,27,596,0.9998
29621947,1769076420000,23,24,0,0,24,24,596,0.9998
29621948,1769076426000,27,23,0,0,23,23,596,0.9983
29621949,1769076432000,25,27,0,0,27,27,596,0.9998
29621950,1769076438000,27,25,0,0,25,25,596,0.9998
29621951,1769076444000,27,27,0,0,27,27,596,0.9998
29621952,1769076450000,26,27,0,0,27,27,596,0.9999
29621953,1769076456000,25,26,0,0,26,26,596,0.9985
29621954,1769076462000,25,25,0,0,25,25,596,0.9993
29621955,1769076468000,25,25,0,0,25,25,593,0.9997
29621956,1769076474000,24,25,0,0,25,25,596,0.9999
29621957,1769076480000,26,24,0,0,24,24,596,0.9999
29621958,1769076486000,23,26,0,0,26,26,596,0.9997
29621959,1769076492000,28,23,0,0,23,23,596,0.9996
29621960,1769076498000,25,28,0,0,28,28,596,0.9997
29621961,1769076504000,27,25,0,0,25,25,596,0.9995
29621962,1769076510000,26,27,0,0,27,27,596,0.9958
29621963,1769076516000,25,26,0,0,26,26,596,0.9998
29621964,1769076522000,26,25,0,0,25,25,596,0.9995
29621965,1769076528000,28,26,0,0,26,26,596,0.9998
29621966,1769076534000,26,28,0,0,28,28,595,0.9998
29621967,1769076540000,26,26,0,0,26,26,596,0.9995
29621968,1769076546000,26,26,0,0,26,26,596,0.9995
29621969,1769076552000,29,26,0,0,26,26,596,0.9998
29621970,1769076558000,27,29,0,0,29,29,596,0.9998
29621971,1769076564000,28,27,0,0,27,27,596,0.9997
29621972,1769076570000,25,28,0,0,28,28,597,0.9989
29621973,1769076576000,25,25,0,0,25,25,597,0.9989
29621974,1769076582000,26,25,0,0,25,25,597,0.9989
29621975,1769076588000,27,26,0,0,26,26,597,0.9989
29621976,1769076594000,27,27,0,0,27,27,597,0.9985
29621977,1769076600000,24,27,0,0,27,27,596,0.9987
29621978,1769076606000,26,24,0,0,24,24,597,0.9977
29621979,1769076612000,24,26,0,0,26,26,597,0.9988
29621980,1769076618000,28,24,0,0,24,24,596,0.9987
29621981,1769076624000,26,28,0,0,28,28,597,0.9985
29621982,1769076630000,28,26,0,0,26,26,596,0.9994
29621983,1769076636000,26,28,0,0,28,28,596,0.9996
29621984,1769076642000,28,26,0,0,26,26,596,0.9998
29621985,1769076648000,27,28,0,0,28,28,596,0.9997
29621986,1769076654000,27,27,0,0,27,27,596,0.9991
29621987,1769076660000,23,27,0,0,27,27,597,0.9984
29621988,1769076666000,24,23,0,0,23,23,596,0.9997
29621989,1769076672000,26,24,0,0,24,24,597,0.9985
29621990,1769076678000,28,26,0,0,26,26,597,0.9988
29621991,1769076684000,24,28,0,0,28,28,597,0.9986
29621992,1769076690000,24,24,0,0,24,24,594,0.998
29621993,1769076696000,28,24,0,0,24,24,597,0.9985
29621994,1769076702000,26,28,0,0,28,28,597,0.9984
29621995,1769076708000,26,26,0,0,26,26,597,0.9977
29621996,1769076714000,27,26,0,0,26,26,596,0.9984
29621997,1769076720000,23,27,0,0,27,27,597,0.9974
29621998,1769076726000,24,23,0,0,23,23,597,0.9987
29621999,1769076732000,25,24,0,0,24,24,597,0.9983
29622000,1769076738000,27,25,0,0,25,25,597,0.9981
29622001,1769076744000,26,27,0,0,27,27,597,0.9984
29622002,1769076750000,25,26,0,0,26,26,597,0.9985
29622003,1769076756000,26,25,0,0,25,25,596,0.9992
29622004,1769076762000,26,26,0,0,26,26,597,0.9983
29622005,1769076768000,27,26,0,0,26,26,597,0.9977
29622006,1769076774000,25,27,0,0,27,27,597,0.9977
29622007,1769076780000,26,25,0,0,25,25,597,0.9986
29622008,1769076786000,24,26,0,0,26,26,597,0.9981
29622009,1769076792000,26,24,0,0,24,24,596,0.9983
29622010,1769076798000,26,26,0,0,26,26,594,0.9995
29622011,1769076804000,27,26,0,0,26,26,597,0.9977
29622012,1769076810000,26,27,0,0,27,27,595,0.9997
29622013,1769076816000,30,26,0,0,26,26,597,0.9978
29622014,1769076822000,26,30,0,0,30,30,592,0.9998
29622015,1769076828000,28,26,0,0,26,26,596,0.9997
29622016,1769076834000,26,28,0,0,28,28,597,0.9985
29622017,1769076840000,26,26,0,0,26,26,593,0.9994
29622018,1769076846000,27,26,0,0,26,26,596,0.9987
29622019,1769076852000,27,27,0,0,27,27,597,0.9979
29622020,1769076858000,28,27,0,0,27,27,596,0.9979
29622021,1769076864000,28,28,0,0,28,28,596,0.9998
29622022,1769076870000,26,28,0,0,28,28,596,0.9995
29622023,1769076876000,28,26,0,0,26,26,596,0.9993
29622024,1769076882000,25,28,0,0,28,28,594,0.9996
29622025,1769076888000,27,25,0,0,25,25,596,0.9997
29622026,1769076894000,25,27,0,0,27,27,596,0.9992
29622027,1769076900000,26,25,0,0,25,25,596,0.9996
29622028,1769076906000,25,26,0,0,26,26,597,0.9978
29622029,1769076912000,25,25,0,0,25,25,596,0.9971
29622030,1769076918000,24,25,0,0,25,25,596,0.9991
29622031,1769076924000,28,24,0,0,24,24,595,0.9981
29622032,1769076930000,22,28,0,0,28,28,596,0.9984
29622033,1769076936000,24,22,0,0,22,22,596,0.9991
29622034,1769076942000,25,24,0,0,24,24,596,0.9992
29622035,1769076948000,29,25,0,0,25,25,596,0.9966
29622036,1769076954000,23,29,0,0,29,29,596,0.9991
29622037,1769076960000,26,23,0,0,23,23,596,0.9994
29622038,1769076966000,27,26,0,0,26,26,596,0.9995
29622039,1769076972000,26,27,0,0,27,27,596,0.9999
29622040,1769076978000,25,26,0,0,26,26,596,0.9994
29622041,1769076984000,27,25,0,0,25,25,596,0.9999
29622042,1769076990000,28,27,0,0,27,27,597,0.9986
29622043,1769076996000,28,28,0,0,28,28,597,0.9987
29622044,1769077002000,27,28,0,0,28,28,597,0.9986
29622045,1769077008000,27,27,0,0,27,27,597,0.9989
29622046,1769077014000,25,27,0,0,27,27,596,0.9998
29622047,1769077020000,23,25,0,0,25,25,597,0.999
29622048,1769077026000,25,23,0,0,23,23,597,0.9988
29622049,1769077032000,26,25,0,0,25,25,597,0.9985
29622050,1769077038000,28,26,0,0,26,26,597,0.9988
29622051,1769077044000,27,28,0,0,28,28,597,0.999
29622052,1769077050000,27,27,0,0,27,27,597,0.9989
29622053,1769077056000,26,27,0,0,27,27,597,0.9986
29622054,1769077062000,27,26,0,0,26,26,597,0.9983
29622055,1769077068000,29,27,0,0,27,27,597,0.9981
29622056,1769077074000,26,29,0,0,29,29,597,0.9987
29622057,1769077080000,24,26,0,0,26,26,596,0.9994
29622058,1769077086000,24,24,0,0,24,24,597,0.9987
29622059,1769077092000,28,24,0,0,24,24,596,0.9998
29622060,1769077098000,27,28,0,0,28,28,597,0.9984
29622061,1769077104000,24,27,0,0,27,27,593,0.9988
29622062,1769077110000,25,24,0,0,24,24,597,0.9985
29622063,1769077116000,22,25,0,0,25,25,596,1
29622064,1769077122000,28,22,0,0,22,22,597,0.9985
29622065,1769077128000,25,28,0,0,28,28,596,0.9997
29622066,1769077134000,28,25,0,0,25,25,596,0.999
29622067,1769077140000,23,28,0,0,28,28,596,0.9998
29622068,1769077146000,27,23,0,0,23,23,597,0.9985
29622069,1769077152000,22,27,0,0,27,27,596,0.9998
29622070,1769077158000,27,22,0,0,22,22,597,0.9987
29622071,1769077164000,24,27,0,0,27,27,597,0.9981
29622072,1769077170000,28,24,0,0,24,24,596,1
29622073,1769077176000,24,28,0,0,28,28,596,0.9993
29622074,1769077182000,28,24,0,0,24,24,596,0.9999
29622075,1769077188000,24,28,0,0,28,28,596,0.9996
29622076,1769077194000,26,24,0,0,24,24,596,0.9996
29622077,1769077200000,21,26,0,0,26,26,597,0.997
29622078,1769077206000,27,21,0,0,21,21,597,0.9983
29622079,1769077212000,26,27,0,0,27,27,597,0.999
29622080,1769077218000,27,26,0,0,26,26,597,0.9984
29622081,1769077224000,24,27,0,0,27,27,596,0.9994
29622082,1769077230000,29,24,0,0,24,24,596,0.9996
29622083,1769077236000,24,29,0,0,29,29,596,0.9999
29622084,1769077242000,25,24,0,0,24,24,597,0.9985
29622085,1769077248000,22,25,0,0,25,25,597,0.9977
29622086,1769077254000,28,22,0,0,22,22,597,0.999
29622087,1769077260000,22,28,0,0,28,28,596,0.9996
29622088,1769077266000,28,22,0,0,22,22,596,0.9997
29622089,1769077272000,24,28,0,0,28,28,595,0.9983
29622090,1769077278000,30,24,0,0,24,24,597,0.9987
29622091,1769077284000,23,30,0,0,30,30,596,0.9999
29622092,1769077290000,30,23,0,0,23,23,596,1
29622093,1769077296000,25,30,0,0,30,30,597,0.9986
29622094,1769077302000,29,25,0,0,25,25,597,0.9987
29622095,1769077308000,27,29,0,0,29,29,597,0.9979
29622096,1769077314000,29,27,0,0,27,27,597,0.9984
29622097,1769077320000,24,29,0,0,29,29,596,0.9994
29622098,1769077326000,27,24,0,0,24,24,597,0.9984
29622099,1769077332000,24,27,0,0,27,27,597,0.9988
29622100,1769077338000,29,24,0,0,24,24,597,0.9987
29622101,1769077344000,25,29,0,0,29,29,597,0.9986
29622102,1769077350000,29,25,0,0,25,25,596,0.9982
29622103,1769077356000,23,29,0,0,29,29,597,0.9976
29622104,1769077362000,28,23,0,0,23,23,597,0.9989
29622105,1769077368000,25,28,0,0,28,28,596,0.9995
29622106,1769077374000,28,25,0,0,25,25,597,0.9987
29622107,1769077380000,22,28,0,0,28,28,597,0.9985
29622108,1769077386000,23,22,0,0,22,22,597,0.9979
29622109,1769077392000,24,23,0,0,23,23,596,0.9997
29622110,1769077398000,27,24,0,0,24,24,596,0.9983
29622111,1769077404000,26,27,0,0,27,27,597,0.9983
29622112,1769077410000,26,26,0,0,26,26,597,0.9985
29622113,1769077416000,24,26,0,0,26,26,596,0.9995
29622114,1769077422000,27,24,0,0,24,24,597,0.9985
29622115,1769077428000,25,27,0,0,27,27,596,0.9998
29622116,1769077434000,28,25,0,0,25,25,596,0.9994
29622117,1769077440000,23,28,0,0,28,28,596,0.9995
29622118,1769077446000,27,23,0,0,23,23,597,0.9984
29622119,1769077452000,27,27,0,0,27,27,595,0.9984
29622120,1769077458000,28,27,0,0,27,27,597,0.9988
29622121,1769077464000,27,28,0,0,28,28,596,0.9998
29622122,1769077470000,26,27,0,0,27,27,597,0.9983
29622123,1769077476000,23,26,0,0,26,26,597,0.9985
29622124,1769077482000,27,23,0,0,23,23,596,0.9995
29622125,1769077488000,25,27,0,0,27,27,596,0.9998
29622126,1769077494000,27,25,0,0,25,25,597,0.9975
29622127,1769077500000,25,27,0,0,27,27,596,0.9999
29622128,1769077506000,28,25,0,0,25,25,596,0.9997
29622129,1769077512000,24,28,0,0,28,28,596,0.9992
29622130,1769077518000,28,24,0,0,24,24,594,0.9998
29622131,1769077524000,23,28,0,0,28,28,596,0.9963
29622132,1769077530000,28,23,0,0,23,23,596,0.9981
29622133,1769077536000,28,28,0,0,28,28,596,0.9998
29622134,1769077542000,27,28,0,0,28,28,593,0.9979
29622135,1769077548000,26,27,0,0,27,27,597,0.9982
29622136,1769077554000,27,26,0,0,26,26,596,0.9997
29622137,1769077560000,24,27,0,0,27,27,597,0.9979
29622138,1769077566000,27,24,0,0,24,24,597,0.9983
29622139,1769077572000,24,27,0,0,27,27,597,0.9986
29622140,1769077578000,28,24,0,0,24,24,597,0.9984
29622141,1769077584000,24,28,0,0,28,28,596,0.9999
29622142,1769077590000,28,24,0,0,24,24,597,0.9986
29622143,1769077596000,24,28,0,0,28,28,596,0.9997
29622144,1769077602000,28,24,0,0,24,24,597,0.9981
29622145,1769077608000,25,28,0,0,28,28,596,0.9998
29622146,1769077614000,26,25,0,0,25,25,596,0.9995
29622147,1769077620000,25,26,0,0,26,26,596,0.9995
29622148,1769077626000,25,25,0,0,25,25,595,0.9996
29622149,1769077632000,27,25,0,0,25,25,596,0.9997
29622150,1769077638000,25,27,0,0,27,27,596,0.9998
29622151,1769077644000,27,25,0,0,25,25,596,0.9997
29622152,1769077650000,26,27,0,0,27,27,596,0.9997
29622153,1769077656000,27,26,0,0,26,26,596,0.9995
29622154,1769077662000,26,27,0,0,27,27,595,0.9998
29622155,1769077668000,27,26,0,0,26,26,596,0.9997
29622156,1769077674000,28,27,0,0,27,27,596,0.9987
29622157,1769077680000,23,28,0,0,28,28,596,0.9993
29622158,1769077686000,27,23,0,0,23,23,596,0.9996
29622159,1769077692000,24,27,0,0,27,27,596,0.9997
29622160,1769077698000,28,24,0,0,24,24,595,0.9999
29622161,1769077704000,27,28,0,0,28,28,596,0.9999
29622162,1769077710000,27,27,0,0,27,27,597,0.9988
29622163,1769077716000,25,27,0,0,27,27,597,0.9991
29622164,1769077722000,27,25,0,0,25,25,597,0.9985
29622165,1769077728000,27,27,0,0,27,27,596,0.9997
29622166,1769077734000,27,27,0,0,27,27,597,0.9986
29622167,1769077740000,25,27,0,0,27,27,596,0.9996
29622168,1769077746000,25,25,0,0,25,25,597,0.9977
29622169,1769077752000,21,25,0,0,25,25,597,0.9978
29622170,1769077758000,27,21,0,0,21,21,597,0.9976
29622171,1769077764000,24,27,0,0,27,27,597,0.9986
29622172,1769077770000,24,24,0,0,24,24,597,0.9983
29622173,1769077776000,22,24,0,0,24,24,597,0.9987
29622174,1769077782000,23,22,0,0,22,22,597,0.9978
29622175,1769077788000,25,23,0,0,23,23,597,0.9984
29622176,1769077794000,23,25,0,0,25,25,596,0.9996
29622177,1769077800000,26,23,0,0,23,23,597,0.9985
29622178,1769077806000,25,26,0,0,26,26,597,0.9984
29622179,1769077812000,27,25,0,0,25,25,597,0.9983
29622180,1769077818000,24,27,0,0,27,27,597,0.9984
29622181,1769077824000,29,24,0,0,24,24,597,0.9987
29622182,1769077830000,25,29,0,0,29,29,596,0.9999
29622183,1769077836000,27,25,0,0,25,25,596,0.9997
29622184,1769077842000,25,27,0,0,27,27,596,0.9993
29622185,1769077848000,29,25,0,0,25,25,596,0.9999
29622186,1769077854000,25,29,0,0,29,29,596,0.9999
29622187,1769077860000,25,25,0,0,25,25,596,0.9994
29622188,1769077866000,24,25,0,0,25,25,597,0.9982
29622189,1769077872000,25,24,0,0,24,24,596,0.999
29622190,1769077878000,23,25,0,0,25,25,595,0.9996
29622191,1769077884000,28,23,0,0,23,23,595,0.9999
29622192,1769077890000,25,28,0,0,28,28,596,0.9998
29622193,1769077896000,29,25,0,0,25,25,596,0.9997
29622194,1769077902000,23,29,0,0,29,29,597,0.9984
29622195,1769077908000,27,23,0,0,23,23,597,0.9988
29622196,1769077914000,23,27,0,0,27,27,596,0.9986
29622197,1769077920000,24,23,0,0,23,23,596,1
29622198,1769077926000,23,24,0,0,24,24,597,0.9982
29622199,1769077932000,27,23,0,0,23,23,597,0.9987
29622200,1769077938000,23,27,0,0,27,27,597,0.9988
29622201,1769077944000,26,23,0,0,23,23,597,0.9978
29622202,1769077950000,25,26,0,0,26,26,597,0.9988
29622203,1769077956000,28,25,0,0,25,25,597,0.9987
29622204,1769077962000,23,28,0,0,28,28,597,0.9989
29622205,1769077968000,28,23,0,0,23,23,597,0.9988
29622206,1769077974000,24,28,0,0,28,28,597,0.9984
29622207,1769077980000,24,24,0,0,24,24,597,0.9972
29622208,1769077986000,25,24,0,0,24,24,597,0.9985
29622209,1769077992000,28,25,0,0,25,25,597,0.9981
29622210,1769077998000,27,28,0,0,28,28,595,0.9996
29622211,1769078004000,26,27,0,0,27,27,596,0.9996
29622212,1769078010000,24,26,0,0,26,26,596,0.9995
29622213,1769078016000,26,24,0,0,24,24,596,0.9995
29622214,1769078022000,25,26,0,0,26,26,596,0.9997
29622215,1769078028000,28,25,0,0,25,25,596,0.9995
29622216,1769078034000,23,28,0,0,28,28,596,0.9981
29622217,1769078040000,25,23,0,0,23,23,596,0.9993
29622218,1769078046000,24,25,0,0,25,25,596,0.9994
29622219,1769078052000,28,24,0,0,24,24,596,0.9997
29622220,1769078058000,26,28,0,0,28,28,596,0.9998
29622221,1769078064000,28,26,0,0,26,26,596,0.9997
29622222,1769078070000,25,28,0,0,28,28,596,0.9993
29622223,1769078076000,28,25,0,0,25,25,595,0.9993
29622224,1769078082000,26,28,0,0,28,28,596,0.9997
29622225,1769078088000,28,26,0,0,26,26,596,0.9994
29622226,1769078094000,24,28,0,0,28,28,595,0.9999
29622227,1769078100000,24,24,0,0,24,24,593,0.9996
29622228,1769078106000,25,24,0,0,24,24,596,0.9999
29622229,1769078112000,26,25,0,0,25,25,596,0.9998
29622230,1769078118000,26,26,0,0,26,26,596,0.9995
29622231,1769078124000,27,26,0,0,26,26,595,0.9995
29622232,1769078130000,26,27,0,0,27,27,596,0.9998
29622233,1769078136000,25,26,0,0,26,26,596,0.9994
29622234,1769078142000,26,25,0,0,25,25,596,0.9998
29622235,1769078148000,29,26,0,0,26,26,596,0.9999
29622236,1769078154000,25,29,0,0,29,29,596,0.9999
29622237,1769078160000,24,25,0,0,25,25,596,0.9995
29622238,1769078166000,24,24,0,0,24,24,596,0.9997
29622239,1769078172000,27,24,0,0,24,24,595,0.9997
29622240,1769078178000,27,27,0,0,27,27,595,0.9998
29622241,1769078184000,29,27,0,0,27,27,596,0.9975
29622242,1769078190000,26,29,0,0,29,29,596,0.9995
29622243,1769078196000,27,26,0,0,26,26,596,0.9997
29622244,1769078202000,26,27,0,0,27,27,596,0.9996
29622245,1769078208000,28,26,0,0,26,26,597,0.9987
29622246,1769078214000,28,28,0,0,28,28,597,0.9986
29622247,1769078220000,25,28,0,0,28,28,597,0.9988
29622248,1769078226000,24,25,0,0,25,25,597,0.998
29622249,1769078232000,24,24,0,0,24,24,596,0.9988
29622250,1769078238000,24,24,0,0,24,24,597,0.9985
29622251,1769078244000,27,24,0,0,24,24,597,0.9985
29622252,1769078250000,24,27,0,0,27,27,597,0.9989
29622253,1769078256000,27,24,0,0,24,24,596,0.9997
29622254,1769078262000,24,27,0,0,27,27,595,0.9984
29622255,1769078268000,27,24,0,0,24,24,596,0.9997
29622256,1769078274000,27,27,0,0,27,27,596,0.9998
29622257,1769078280000,22,27,0,0,27,27,596,0.9996
29622258,1769078286000,22,22,0,0,22,22,596,0.9998
29622259,1769078292000,29,22,0,0,22,22,595,0.9991
29622260,1769078298000,26,29,0,0,29,29,596,0.9998
29622261,1769078304000,26,26,0,0,26,26,596,0.9999
29622262,1769078310000,22,26,0,0,26,26,595,0.9996
29622263,1769078316000,29,22,0,0,22,22,596,0.9998
29622264,1769078322000,25,29,0,0,29,29,596,0.9998
29622265,1769078328000,28,25,0,0,25,25,596,0.9993
29622266,1769078334000,26,28,0,0,28,28,596,0.9996
29622267,1769078340000,26,26,0,0,26,26,596,0.9992
29622268,1769078346000,25,26,0,0,26,26,596,0.9989
29622269,1769078352000,27,25,0,0,25,25,596,0.9995
29622270,1769078358000,26,27,0,0,27,27,596,0.9995
29622271,1769078364000,26,26,0,0,26,26,596,0.9988
29622272,1769078370000,24,26,0,0,26,26,596,0.9994
29622273,1769078376000,22,24,0,0,24,24,596,0.9983
29622274,1769078382000,24,22,0,0,22,22,596,0.9997
29622275,1769078388000,26,24,0,0,24,24,596,0.9986
29622276,1769078394000,26,26,0,0,26,26,596,0.9997
29622277,1769078400000,25,26,0,0,26,26,596,0.9994
29622278,1769078406000,26,25,0,0,25,25,596,0.9995
29622279,1769078412000,25,26,0,0,26,26,596,0.9992
29622280,1769078418000,26,25,0,0,25,25,596,0.9989
29622281,1769078424000,26,26,0,0,26,26,596,0.9993
29622282,1769078430000,24,26,0,0,26,26,596,0.999
29622283,1769078436000,24,24,0,0,24,24,596,0.9992
29622284,1769078442000,25,24,0,0,24,24,596,0.9994
29622285,1769078448000,27,25,0,0,25,25,595,0.9985
29622286,1769078454000,23,27,0,0,27,27,597,0.9985
29622287,1769078460000,27,23,0,0,23,23,596,0.9998
29622288,1769078466000,22,27,0,0,27,27,596,0.9994
29622289,1769078472000,29,22,0,0,22,22,596,0.9994
29622290,1769078478000,25,29,0,0,29,29,596,0.9997
29622291,1769078484000,30,25,0,0,25,25,597,0.9988
29622292,1769078490000,25,30,0,0,30,30,597,0.9985
29622293,1769078496000,31,25,0,0,25,25,593,0.9998
29622294,1769078502000,24,31,0,0,31,31,597,0.9984
29622295,1769078508000,31,24,0,0,24,24,597,0.9986
29622296,1769078514000,24,31,0,0,31,31,596,0.9996
29622297,1769078520000,26,24,0,0,24,24,596,0.999
29622298,1769078526000,23,26,0,0,26,26,596,0.9997
29622299,1769078532000,28,23,0,0,23,23,596,0.9996
29622300,1769078538000,23,28,0,0,28,28,596,0.9996
29622301,1769078544000,30,23,0,0,23,23,596,0.9993
29622302,1769078550000,23,30,0,0,30,30,596,0.9997
29622303,1769078556000,28,23,0,0,23,23,596,0.9999
29622304,1769078562000,23,28,0,0,28,28,597,0.9988
29622305,1769078568000,28,23,0,0,23,23,597,0.9985
29622306,1769078574000,26,28,0,0,28,28,597,0.9987
29622307,1769078580000,26,26,0,0,26,26,597,0.9984
29622308,1769078586000,21,26,0,0,26,26,597,0.9978
29622309,1769078592000,27,21,0,0,21,21,596,0.9987
29622310,1769078598000,21,27,0,0,27,27,597,0.9985
29622311,1769078604000,27,21,0,0,21,21,597,0.9974
29622312,1769078610000,23,27,0,0,27,27,597,0.9975
29622313,1769078616000,27,23,0,0,23,23,596,0.9994
29622314,1769078622000,23,27,0,0,27,27,596,0.9997
29622315,1769078628000,28,23,0,0,23,23,596,0.9997
29622316,1769078634000,21,28,0,0,28,28,596,0.9994
29622317,1769078640000,25,21,0,0,21,21,596,0.9991
29622318,1769078646000,24,25,0,0,25,25,597,0.9984
29622319,1769078652000,28,24,0,0,24,24,596,0.9995
29622320,1769078658000,23,28,0,0,28,28,597,0.9983
29622321,1769078664000,25,23,0,0,23,23,596,0.9997
29622322,1769078670000,25,25,0,0,25,25,597,0.9984
29622323,1769078676000,30,25,0,0,25,25,594,0.9976
29622324,1769078682000,25,30,0,0,30,30,597,0.9984
29622325,1769078688000,31,25,0,0,25,25,596,0.9997
29622326,1769078694000,25,31,0,0,31,31,597,0.9986
29622327,1769078700000,26,25,0,0,25,25,596,0.9995
29622328,1769078706000,23,26,0,0,26,26,596,0.9974
29622329,1769078712000,28,23,0,0,23,23,596,0.9997
29622330,1769078718000,26,28,0,0,28,28,596,0.9998
29622331,1769078724000,31,26,0,0,26,26,595,0.9997
29622332,1769078730000,20,31,0,0,31,31,596,0.9998
29622333,1769078736000,25,20,0,0,20,20,596,0.9997
29622334,1769078742000,23,25,0,0,25,25,596,0.9997
29622335,1769078748000,28,23,0,0,23,23,596,0.9997
29622336,1769078754000,24,28,0,0,28,28,596,0.9999
29622337,1769078760000,27,24,0,0,24,24,597,0.9978
29622338,1769078766000,24,27,0,0,27,27,596,0.9974
29622339,1769078772000,29,24,0,0,24,24,596,0.9999
29622340,1769078778000,24,29,0,0,29,29,596,0.9999
29622341,1769078784000,27,24,0,0,24,24,596,0.9999
29622342,1769078790000,25,27,0,0,27,27,596,0.9996
29622343,1769078796000,27,25,0,0,25,25,596,0.9998
29622344,1769078802000,27,27,0,0,27,27,596,0.9997
29622345,1769078808000,25,27,0,0,27,27,596,0.9998
29622346,1769078814000,26,25,0,0,25,25,596,0.9995
29622347,1769078820000,26,26,0,0,26,26,597,0.9982
29622348,1769078826000,25,26,0,0,26,26,597,0.9982
29622349,1769078832000,27,25,0,0,25,25,597,0.9987
29622350,1769078838000,28,27,0,0,27,27,597,0.9986
29622351,1769078844000,27,28,0,0,28,28,597,0.9983
29622352,1769078850000,24,27,0,0,27,27,597,0.9973
29622353,1769078856000,28,24,0,0,24,24,597,0.9976
29622354,1769078862000,26,28,0,0,28,28,597,0.9984
29622355,1769078868000,29,26,0,0,26,26,597,0.9986
29622356,1769078874000,24,29,0,0,29,29,596,0.9997
29622357,1769078880000,27,24,0,0,24,24,597,0.998
29622358,1769078886000,24,27,0,0,27,27,597,0.9981
29622359,1769078892000,29,24,0,0,24,24,597,0.998
29622360,1769078898000,25,29,0,0,29,29,597,0.9983
29622361,1769078904000,30,25,0,0,25,25,597,0.9977
29622362,1769078910000,24,30,0,0,30,30,597,0.9976
29622363,1769078916000,27,24,0,0,24,24,597,0.9978
29622364,1769078922000,26,27,0,0,27,27,597,0.9981
29622365,1769078928000,29,26,0,0,26,26,597,0.9983
29622366,1769078934000,26,29,0,0,29,29,596,0.9997
29622367,1769078940000,26,26,0,0,26,26,596,0.9995
29622368,1769078946000,24,26,0,0,26,26,597,0.9985
29622369,1769078952000,24,24,0,0,24,24,596,0.9999
29622370,1769078958000,24,24,0,0,24,24,596,0.9998
29622371,1769078964000,28,24,0,0,24,24,597,0.999
29622372,1769078970000,23,28,0,0,28,28,596,0.9999
29622373,1769078976000,27,23,0,0,23,23,595,0.9984
29622374,1769078982000,25,27,0,0,27,27,597,0.9986
29622375,1769078988000,27,25,0,0,25,25,596,0.9993
29622376,1769078994000,23,27,0,0,27,27,597,0.9986
29622377,1769079000000,28,23,0,0,23,23,597,0.9988
29622378,1769079006000,25,28,0,0,28,28,597,0.9984
29622379,1769079012000,28,25,0,0,25,25,597,0.9983
29622380,1769079018000,26,28,0,0,28,28,597,0.9986
29622381,1769079024000,24,26,0,0,26,26,596,0.9993
29622382,1769079030000,27,24,0,0,24,24,597,0.9985
29622383,1769079036000,26,27,0,0,27,27,597,0.9981
29622384,1769079042000,24,26,0,0,26,26,597,0.9988
29622385,1769079048000,27,24,0,0,24,24,597,0.9983
29622386,1769079054000,25,27,0,0,27,27,597,0.9983
29622387,1769079060000,26,25,0,0,25,25,597,0.9951
29622388,1769079066000,24,26,0,0,26,26,597,0.998
29622389,1769079072000,28,24,0,0,24,24,597,0.9983
29622390,1769079078000,25,28,0,0,28,28,596,0.9995
29622391,1769079084000,29,25,0,0,25,25,596,0.9981
29622392,1769079090000,24,29,0,0,29,29,596,0.9997
29622393,1769079096000,28,24,0,0,24,24,596,0.9994
29622394,1769079102000,20,28,0,0,28,28,596,0.9996
29622395,1769079108000,29,20,0,0,20,20,596,0.997
29622396,1769079114000,22,29,0,0,29,29,597,0.9985
29622397,1769079120000,29,22,0,0,22,22,596,0.9982
29622398,1769079126000,21,29,0,0,29,29,597,0.9984
29622399,1769079132000,26,21,0,0,21,21,597,0.9963
29622400,1769079138000,24,26,0,0,26,26,597,0.9968
29622401,1769079144000,30,24,0,0,24,24,597,0.9971
29622402,1769079150000,23,30,0,0,30,30,597,0.9982
29622403,1769079156000,28,23,0,0,23,23,597,0.9937
29622404,1769079162000,22,28,0,0,28,28,597,0.9984
29622405,1769079168000,28,22,0,0,22,22,597,0.9964
29622406,1769079174000,23,28,0,0,28,28,596,0.9996
29622407,1769079180000,25,23,0,0,23,23,596,0.9996
29622408,1769079186000,22,25,0,0,25,25,597,0.9977
29622409,1769079192000,29,22,0,0,22,22,597,0.9976
29622410,1769079198000,23,29,0,0,29,29,597,0.9982
29622411,1769079204000,28,23,0,0,23,23,597,0.9975
29622412,1769079210000,24,28,0,0,28,28,597,0.9979
29622413,1769079216000,31,24,0,0,24,24,597,0.998
29622414,1769079222000,24,31,0,0,31,31,597,0.9983
29622415,1769079228000,29,24,0,0,24,24,597,0.998
29622416,1769079234000,26,29,0,0,29,29,597,0.9978
29622417,1769079240000,26,26,0,0,26,26,597,0.9968
29622418,1769079246000,23,26,0,0,26,26,597,0.9981
29622419,1769079252000,27,23,0,0,23,23,597,0.9985
29622420,1769079258000,24,27,0,0,27,27,596,0.9998
29622421,1769079264000,29,24,0,0,24,24,596,0.9997
29622422,1769079270000,22,29,0,0,29,29,596,0.9998
29622423,1769079276000,27,22,0,0,22,22,597,0.9982
29622424,1769079282000,24,27,0,0,27,27,597,0.9984
29622425,1769079288000,29,24,0,0,24,24,595,0.9994
29622426,1769079294000,24,29,0,0,29,29,597,0.9976
29622427,1769079300000,27,24,0,0,24,24,597,0.998
29622428,1769079306000,20,27,0,0,27,27,596,0.9991
29622429,1769079312000,24,20,0,0,20,20,597,0.9979
29622430,1769079318000,25,24,0,0,24,24,597,0.998
29622431,1769079324000,27,25,0,0,25,25,596,0.9991
29622432,1769079330000,23,27,0,0,27,27,596,0.9997
29622433,1769079336000,27,23,0,0,23,23,596,0.9997
29622434,1769079342000,25,27,0,0,27,27,597,0.9987
29622435,1769079348000,27,25,0,0,25,25,596,0.9996
29622436,1769079354000,25,27,0,0,27,27,596,0.9996
29622437,1769079360000,23,25,0,0,25,25,597,0.9981
29622438,1769079366000,23,23,0,0,23,23,597,0.9985
29622439,1769079372000,26,23,0,0,23,23,596,0.9999
29622440,1769079378000,25,26,0,0,26,26,596,0.9999
29622441,1769079384000,28,25,0,0,25,25,596,0.9996
29622442,1769079390000,24,28,0,0,28,28,596,0.9999
29622443,1769079396000,28,24,0,0,24,24,596,0.9998
29622444,1769079402000,23,28,0,0,28,28,596,0.9999
29622445,1769079408000,29,23,0,0,23,23,596,0.9993
29622446,1769079414000,24,29,0,0,29,29,596,0.9998
29622447,1769079420000,25,24,0,0,24,24,596,0.9998
29622448,1769079426000,24,25,0,0,25,25,596,0.9999
29622449,1769079432000,28,24,0,0,24,24,596,0.9998
29622450,1769079438000,23,28,0,0,28,28,597,0.9985
29622451,1769079444000,30,23,0,0,23,23,597,0.9988
29622452,1769079450000,23,30,0,0,30,30,596,0.9985
29622453,1769079456000,27,23,0,0,23,23,597,0.9988
29622454,1769079462000,24,27,0,0,27,27,597,0.9988
29622455,1769079468000,28,24,0,0,24,24,597,0.9978
29622456,1769079474000,22,28,0,0,28,28,597,0.9978
29622457,1769079480000,27,22,0,0,22,22,596,0.9996
29622458,1769079486000,24,27,0,0,27,27,596,0.9998
29622459,1769079492000,29,24,0,0,24,24,596,0.9997
29622460,1769079498000,25,29,0,0,29,29,596,0.9999
29622461,1769079504000,28,25,0,0,25,25,596,0.9999
29622462,1769079510000,23,28,0,0,28,28,596,0.9998
29622463,1769079516000,28,23,0,0,23,23,596,0.9996
29622464,1769079522000,23,28,0,0,28,28,596,0.9999
29622465,1769079528000,28,23,0,0,23,23,597,0.9986
29622466,1769079534000,23,28,0,0,28,28,596,0.9998
29622467,1769079540000,29,23,0,0,23,23,597,0.9985
29622468,1769079546000,24,29,0,0,29,29,596,0.9997
29622469,1769079552000,29,24,0,0,24,24,596,0.9999
29622470,1769079558000,25,29,0,0,29,29,597,0.9984
29622471,1769079564000,29,25,0,0,25,25,597,0.9987
29622472,1769079570000,24,29,0,0,29,29,597,0.9982
29622473,1769079576000,29,24,0,0,24,24,597,0.9983
29622474,1769079582000,23,29,0,0,29,29,594,0.9981
29622475,1769079588000,29,23,0,0,23,23,597,0.9985
29622476,1769079594000,24,29,0,0,29,29,596,0.9986
29622477,1769079600000,30,24,0,0,24,24,597,0.9988
29622478,1769079606000,22,30,0,0,30,30,597,0.9988
29622479,1769079612000,30,22,0,0,22,22,597,0.9977
29622480,1769079618000,24,30,0,0,30,30,597,0.9987
29622481,1769079624000,32,24,0,0,24,24,597,0.9985
29622482,1769079630000,23,32,0,0,32,32,597,0.9984
29622483,1769079636000,30,23,0,0,23,23,597,0.9983
29622484,1769079642000,23,30,0,0,30,30,597,0.9988
29622485,1769079648000,30,23,0,0,23,23,597,0.9988
29622486,1769079654000,24,30,0,0,30,30,597,0.9985
29622487,1769079660000,28,24,0,0,24,24,597,0.9987
29622488,1769079666000,21,28,0,0,28,28,597,0.9986
29622489,1769079672000,31,21,0,0,21,21,597,0.9983
29622490,1769079678000,22,31,0,0,31,31,597,0.9986
29622491,1769079684000,32,22,0,0,22,22,596,0.9986
29622492,1769079690000,23,32,0,0,32,32,597,0.9987
29622493,1769079696000,30,23,0,0,23,23,597,0.9974
29622494,1769079702000,24,30,0,0,30,30,597,0.9988
29622495,1769079708000,30,24,0,0,24,24,597,0.9987
29622496,1769079714000,24,30,0,0,30,30,597,0.9979
29622497,1769079720000,26,24,0,0,24,24,597,0.998
29622498,1769079726000,21,26,0,0,26,26,597,0.9985
29622499,1769079732000,27,21,0,0,21,21,597,0.9986
29622500,1769079738000,21,27,0,0,27,27,594,0.9986
29622501,1769079744000,26,21,0,0,21,21,597,0.9981
29622502,1769079750000,26,26,0,0,26,26,597,0.9986
29622503,1769079756000,25,26,0,0,26,26,597,0.998
29622504,1769079762000,26,25,0,0,25,25,596,0.9997
29622505,1769079768000,22,26,0,0,26,26,597,0.9986
29622506,1769079774000,26,22,0,0,22,22,597,0.9982
29622507,1769079780000,23,26,0,0,26,26,597,0.9973
29622508,1769079786000,25,23,0,0,23,23,596,0.9987
29622509,1769079792000,23,25,0,0,25,25,597,0.9906
29622510,1769079798000,27,23,0,0,23,23,595,0.9976
29622511,1769079804000,23,27,0,0,27,27,597,0.998
29622512,1769079810000,25,23,0,0,23,23,597,0.9958
29622513,1769079816000,22,25,0,0,25,25,596,0.9977
29622514,1769079822000,30,22,0,0,22,22,597,0.9977
29622515,1769079828000,23,30,0,0,30,30,597,0.9985
29622516,1769079834000,26,22,0,0,22,22,596,0.9966
29622517,1769079840000,22,27,0,0,27,27,596,0.9915
29622518,1769079846000,30,22,0,0,22,22,597,0.9972
29622519,1769079852000,24,30,0,0,30,30,597,0.9989
29622520,1769079858000,30,24,0,0,24,24,597,0.9989
29622521,1769079864000,23,30,0,0,30,30,597,0.9979
29622522,1769079870000,28,23,0,0,23,23,597,0.9987
29622523,1769079876000,25,28,0,0,28,28,596,0.9994
29622524,1769079882000,29,25,0,0,25,25,597,0.9992
29622525,1769079888000,23,29,0,0,29,29,597,0.9987
29622526,1769079894000,26,23,0,0,23,23,597,0.9974
29622527,1769079900000,23,26,0,0,26,26,597,0.9985
29622528,1769079906000,29,23,0,0,23,23,597,0.9962
29622529,1769079912000,26,29,0,0,29,29,596,0.9994
29622530,1769079918000,28,26,0,0,26,26,597,0.9981
29622531,1769079924000,26,28,0,0,28,28,596,0.998
29622532,1769079930000,29,26,0,0,26,26,596,0.9974
29622533,1769079936000,24,29,0,0,29,29,597,0.9969
29622534,1769079942000,29,24,0,0,24,24,597,0.998
29622535,1769079948000,26,29,0,0,29,29,596,0.9999
29622536,1769079954000,24,26,0,0,26,26,597,0.9981
29622537,1769079960000,27,24,0,0,24,24,596,0.9997
29622538,1769079966000,25,27,0,0,27,27,597,0.9982
29622539,1769079972000,28,25,0,0,25,25,597,0.9982
29622540,1769079978000,24,28,0,0,28,28,597,0.9983
29622541,1769079984000,27,24,0,0,24,24,597,0.9982
29622542,1769079990000,23,27,0,0,27,27,597,0.9986
29622543,1769079996000,30,23,0,0,23,23,597,0.9982
29622544,1769080002000,22,30,0,0,30,30,596,0.9998
29622545,1769080008000,28,22,0,0,22,22,596,0.9993
29622546,1769080014000,22,28,0,0,28,28,597,0.9983
29622547,1769080020000,27,22,0,0,22,22,597,0.9979
29622548,1769080026000,24,27,0,0,27,27,597,0.9981
29622549,1769080032000,29,24,0,0,24,24,597,0.9984
29622550,1769080038000,23,29,0,0,29,29,596,0.9983
29622551,1769080044000,29,23,0,0,23,23,597,0.9978
29622552,1769080050000,24,29,0,0,29,29,597,0.9983
29622553,1769080056000,30,24,0,0,24,24,597,0.9962
29622554,1769080062000,24,30,0,0,30,30,597,0.9983
29622555,1769080068000,26,24,0,0,24,24,597,0.9964
29622556,1769080074000,22,26,0,0,26,26,595,0.9981
29622557,1769080080000,26,22,0,0,22,22,597,0.9982
29622558,1769080086000,25,26,0,0,26,26,597,0.9962
29622559,1769080092000,28,25,0,0,25,25,597,0.9983
29622560,1769080098000,26,28,0,0,28,28,597,0.9977
29622561,1769080104000,29,26,0,0,26,26,596,0.9988
29622562,1769080110000,27,29,0,0,29,29,596,0.9992
29622563,1769080116000,23,27,0,0,27,27,597,0.9977
29622564,1769080122000,26,23,0,0,23,23,597,0.9969
29622565,1769080128000,25,26,0,0,26,26,597,0.9979
29622566,1769080134000,29,25,0,0,25,25,597,0.9982
29622567,1769080140000,25,29,0,0,29,29,597,0.9982
29622568,1769080146000,29,25,0,0,25,25,597,0.9979
29622569,1769080152000,21,29,0,0,29,29,597,0.9983
29622570,1769080158000,26,21,0,0,21,21,597,0.9982
29622571,1769080164000,23,26,0,0,26,26,597,0.9979
29622572,1769080170000,30,23,0,0,23,23,597,0.9977
29622573,1769080176000,25,30,0,0,30,30,597,0.998
29622574,1769080182000,28,25,0,0,25,25,597,0.9978
29622575,1769080188000,23,28,0,0,28,28,597,0.9984
29622576,1769080194000,26,23,0,0,23,23,597,0.9984
29622577,1769080200000,25,26,0,0,26,26,596,0.9996
29622578,1769080206000,27,25,0,0,25,25,597,0.9972
29622579,1769080212000,26,27,0,0,27,27,597,0.997
29622580,1769080218000,26,26,0,0,26,26,597,0.9984
29622581,1769080224000,24,26,0,0,26,26,597,0.9985
29622582,1769080230000,24,24,0,0,24,24,596,0.9999
29622583,1769080236000,25,24,0,0,24,24,597,0.9985
29622584,1769080242000,21,25,0,0,25,25,596,1
29622585,1769080248000,22,21,0,0,21,21,596,0.9993
29622586,1769080254000,27,22,0,0,22,22,597,0.9986
29622587,1769080260000,24,27,0,0,27,27,597,0.9984
29622588,1769080266000,27,24,0,0,24,24,597,0.9981
29622589,1769080272000,26,27,0,0,27,27,596,0.9998
29622590,1769080278000,28,26,0,0,26,26,597,0.9984
29622591,1769080284000,26,28,0,0,28,28,596,0.9998
29622592,1769080290000,27,26,0,0,26,26,596,0.9993
29622593,1769080296000,25,27,0,0,27,27,596,0.9975
29622594,1769080302000,24,25,0,0,25,25,596,0.9999
29622595,1769080308000,25,24,0,0,24,24,596,1
29622596,1769080314000,25,25,0,0,25,25,597,0.9985
29622597,1769080320000,26,25,0,0,25,25,597,0.9971
29622598,1769080326000,28,26,0,0,26,26,597,0.9983
29622599,1769080332000,25,28,0,0,28,28,597,0.9932
29622600,1769080338000,26,25,0,0,25,25,597,0.9985
29622601,1769080344000,25,26,0,0,26,26,597,0.9981
29622602,1769080350000,28,25,0,0,25,25,597,0.998
29622603,1769080356000,26,28,0,0,28,28,597,0.9981
29622604,1769080362000,27,26,0,0,26,26,597,0.9981
29622605,1769080368000,23,27,0,0,27,27,597,0.9976
29622606,1769080374000,26,23,0,0,23,23,597,0.9983
29622607,1769080380000,26,26,0,0,26,26,597,0.9983
29622608,1769080386000,28,26,0,0,26,26,597,0.9981
29622609,1769080392000,25,28,0,0,28,28,597,0.9979
29622610,1769080398000,28,25,0,0,25,25,596,0.9995
29622611,1769080404000,25,28,0,0,28,28,596,0.9996
29622612,1769080410000,27,25,0,0,25,25,596,0.9998
29622613,1769080416000,25,27,0,0,27,27,597,0.9981
29622614,1769080422000,27,25,0,0,25,25,596,0.9996
29622615,1769080428000,26,27,0,0,27,27,597,0.998
29622616,1769080434000,28,26,0,0,26,26,597,0.9984
29622617,1769080440000,24,28,0,0,28,28,596,0.998
29622618,1769080446000,28,24,0,0,24,24,596,0.9989
29622619,1769080452000,25,28,0,0,28,28,597,0.9979
29622620,1769080458000,29,25,0,0,25,25,597,0.9977
29622621,1769080464000,25,29,0,0,29,29,597,0.9986
29622622,1769080470000,29,25,0,0,25,25,597,0.9983
29622623,1769080476000,24,29,0,0,29,29,597,0.9982
29622624,1769080482000,26,24,0,0,24,24,597,0.9983
29622625,1769080488000,27,26,0,0,26,26,596,0.9983
29622626,1769080494000,27,27,0,0,27,27,597,0.998
29622627,1769080500000,25,27,0,0,27,27,596,0.9998
29622628,1769080506000,28,25,0,0,25,25,597,0.9987
29622629,1769080512000,25,28,0,0,28,28,596,0.9998
29622630,1769080518000,24,25,0,0,25,25,596,0.9995
29622631,1769080524000,23,24,0,0,24,24,596,0.9997
29622632,1769080530000,30,23,0,0,23,23,597,0.9984
29622633,1769080536000,24,30,0,0,30,30,597,0.998
29622634,1769080542000,26,24,0,0,24,24,597,0.9987
29622635,1769080548000,24,26,0,0,26,26,596,0.9994
29622636,1769080554000,27,24,0,0,24,24,597,0.9984
29622637,1769080560000,27,27,0,0,27,27,596,1
29622638,1769080566000,30,27,0,0,27,27,597,0.9984
29622639,1769080572000,26,30,0,0,30,30,596,0.9984
29622640,1769080578000,27,26,0,0,26,26,596,0.9997
29622641,1769080584000,25,27,0,0,27,27,597,0.9983
29622642,1769080590000,27,25,0,0,25,25,597,0.9985
29622643,1769080596000,24,27,0,0,27,27,597,0.9986
29622644,1769080602000,25,24,0,0,24,24,597,0.9986
29622645,1769080608000,24,25,0,0,25,25,597,0.9976
29622646,1769080614000,28,24,0,0,24,24,597,0.9986
29622647,1769080620000,25,28,0,0,28,28,597,0.9984
29622648,1769080626000,25,25,0,0,25,25,597,0.9983
29622649,1769080632000,25,25,0,0,25,25,597,0.9979
29622650,1769080638000,27,25,0,0,25,25,597,0.9985
29622651,1769080644000,26,27,0,0,27,27,597,0.9984
29622652,1769080650000,27,26,0,0,26,26,597,0.9968
29622653,1769080656000,25,27,0,0,27,27,597,0.9983
29622654,1769080662000,26,25,0,0,25,25,596,0.9983
29622655,1769080668000,26,26,0,0,26,26,597,0.9981
29622656,1769080674000,28,26,0,0,26,26,597,0.998
29622657,1769080680000,25,28,0,0,28,28,597,0.9981
29622658,1769080686000,26,25,0,0,25,25,597,0.9985
29622659,1769080692000,25,26,0,0,26,26,597,0.9981
29622660,1769080698000,28,25,0,0,25,25,597,0.9982
29622661,1769080704000,23,28,0,0,28,28,597,0.9983
29622662,1769080710000,28,23,0,0,23,23,597,0.9975
29622663,1769080716000,24,28,0,0,28,28,596,0.9998
29622664,1769080722000,27,24,0,0,24,24,597,0.9983
29622665,1769080728000,23,27,0,0,27,27,596,0.9998
29622666,1769080734000,28,23,0,0,23,23,597,0.998
29622667,1769080740000,23,28,0,0,28,28,597,0.9984
29622668,1769080746000,25,23,0,0,23,23,597,0.9982
29622669,1769080752000,21,25,0,0,25,25,597,0.9985
29622670,1769080758000,26,21,0,0,21,21,597,0.9985
29622671,1769080764000,24,26,0,0,26,26,596,0.9986
29622672,1769080770000,26,24,0,0,24,24,597,0.9984
29622673,1769080776000,24,26,0,0,26,26,597,0.9986
29622674,1769080782000,23,24,0,0,24,24,596,0.9983
29622675,1769080788000,21,23,0,0,23,23,597,0.9988
29622676,1769080794000,26,21,0,0,21,21,597,0.9985
29622677,1769080800000,22,26,0,0,26,26,597,0.997
29622678,1769080806000,27,22,0,0,22,22,596,0.9997
29622679,1769080812000,24,27,0,0,27,27,595,0.9996
29622680,1769080818000,26,24,0,0,24,24,596,0.9997
29622681,1769080824000,25,26,0,0,26,26,597,0.9976
29622682,1769080830000,28,25,0,0,25,25,596,0.9998
29622683,1769080836000,24,28,0,0,28,28,596,0.9997
29622684,1769080842000,27,24,0,0,24,24,596,0.999
29622685,1769080848000,24,27,0,0,27,27,596,0.9999
29622686,1769080854000,28,24,0,0,24,24,596,0.9996
29622687,1769080860000,24,28,0,0,28,28,596,0.9998
29622688,1769080866000,28,24,0,0,24,24,596,0.9994
29622689,1769080872000,22,28,0,0,28,28,596,0.9995
29622690,1769080878000,29,22,0,0,22,22,595,0.9996
29622691,1769080884000,21,29,0,0,29,29,597,0.9983
29622692,1769080890000,28,21,0,0,21,21,596,0.9995
29622693,1769080896000,21,28,0,0,28,28,597,0.9979
29622694,1769080902000,28,21,0,0,21,21,597,0.9982
29622695,1769080908000,21,28,0,0,28,28,597,0.9985
29622696,1769080914000,28,21,0,0,21,21,597,0.998
29622697,1769080920000,22,28,0,0,28,28,596,0.9995
29622698,1769080926000,30,22,0,0,22,22,597,0.9983
29622699,1769080932000,24,30,0,0,30,30,597,0.998
29622700,1769080938000,29,24,0,0,24,24,597,0.9985
29622701,1769080944000,23,29,0,0,29,29,597,0.9983
29622702,1769080950000,29,23,0,0,23,23,596,0.9998
29622703,1769080956000,22,29,0,0,29,29,596,0.9999
29622704,1769080962000,27,22,0,0,22,22,597,0.9982
29622705,1769080968000,22,27,0,0,27,27,596,0.9996
29622706,1769080974000,29,22,0,0,22,22,596,0.9995
29622707,1769080980000,23,29,0,0,29,29,596,0.9992
29622708,1769080986000,29,23,0,0,23,23,595,0.9988
29622709,1769080992000,23,29,0,0,29,29,596,0.9998
29622710,1769080998000,30,23,0,0,23,23,596,0.9997
29622711,1769081004000,21,30,0,0,30,30,597,0.9983
29622712,1769081010000,30,21,0,0,21,21,597,0.9982
29622713,1769081016000,23,30,0,0,30,30,597,0.9983
29622714,1769081022000,29,23,0,0,23,23,596,0.9981
29622715,1769081028000,21,29,0,0,29,29,595,0.9994
29622716,1769081034000,27,21,0,0,21,21,597,0.9977
29622717,1769081040000,21,27,0,0,27,27,597,0.9983
29622718,1769081046000,30,21,0,0,21,21,597,0.9983
29622719,1769081052000,22,30,0,0,30,30,597,0.9984
29622720,1769081058000,32,22,0,0,22,22,597,0.9982
29622721,1769081064000,22,32,0,0,32,32,597,0.9983
29622722,1769081070000,32,22,0,0,22,22,597,0.9985
29622723,1769081076000,20,32,0,0,32,32,596,0.9996
29622724,1769081082000,27,20,0,0,20,20,596,0.9999
29622725,1769081088000,20,27,0,0,27,27,596,0.9998
29622726,1769081094000,27,20,0,0,20,20,597,0.9982
29622727,1769081100000,22,27,0,0,27,27,595,0.9973
29622728,1769081106000,29,22,0,0,22,22,596,0.9998
29622729,1769081112000,22,29,0,0,29,29,597,0.9981
29622730,1769081118000,30,22,0,0,22,22,596,0.9994
29622731,1769081124000,22,30,0,0,30,30,597,0.9984
29622732,1769081130000,27,22,0,0,22,22,597,0.9954
29622733,1769081136000,23,27,0,0,27,27,597,0.9963
29622734,1769081142000,29,23,0,0,23,23,597,0.9982
29622735,1769081148000,23,29,0,0,29,29,597,0.9984
29622736,1769081154000,29,23,0,0,23,23,597,0.9985
29622737,1769081160000,21,29,0,0,29,29,596,0.9995
29622738,1769081166000,28,21,0,0,21,21,597,0.9987
29622739,1769081172000,22,28,0,0,28,28,597,0.9985
29622740,1769081178000,29,22,0,0,22,22,597,0.9984
29622741,1769081184000,22,29,0,0,29,29,596,0.9978
29622742,1769081190000,29,22,0,0,22,22,596,0.999
29622743,1769081196000,22,29,0,0,29,29,597,0.9986
29622744,1769081202000,27,22,0,0,22,22,597,0.9984
29622745,1769081208000,23,27,0,0,27,27,597,0.9984
29622746,1769081214000,30,23,0,0,23,23,595,0.9983
29622747,1769081220000,21,30,0,0,30,30,597,0.9987
29622748,1769081226000,28,21,0,0,21,21,596,0.9996
29622749,1769081232000,23,28,0,0,28,28,597,0.9969
29622750,1769081238000,29,23,0,0,23,23,597,0.9982
29622751,1769081244000,22,29,0,0,29,29,597,0.9986
29622752,1769081250000,31,22,0,0,22,22,597,0.9955
29622753,1769081256000,24,31,0,0,31,31,597,0.9957
29622754,1769081262000,29,24,0,0,24,24,597,0.9971
29622755,1769081268000,23,29,0,0,29,29,597,0.9987
29622756,1769081274000,26,23,0,0,23,23,597,0.9983
29622757,1769081280000,24,26,0,0,26,26,597,0.9987
29622758,1769081286000,29,24,0,0,24,24,597,0.9985
29622759,1769081292000,23,29,0,0,29,29,597,0.9985
29622760,1769081298000,29,23,0,0,23,23,597,0.9985
29622761,1769081304000,24,29,0,0,29,29,596,0.9988
29622762,1769081310000,30,24,0,0,24,24,597,0.9985
29622763,1769081316000,24,30,0,0,30,30,597,0.9986
29622764,1769081322000,28,24,0,0,24,24,597,0.9978
29622765,1769081328000,22,28,0,0,28,28,597,0.9984
29622766,1769081334000,31,22,0,0,22,22,597,0.9984
29622767,1769081340000,22,31,0,0,31,31,596,0.9997
29622768,1769081346000,30,22,0,0,22,22,597,0.9979
29622769,1769081352000,22,30,0,0,30,30,596,0.9995
29622770,1769081358000,30,22,0,0,22,22,597,0.9986
29622771,1769081364000,21,30,0,0,30,30,597,0.9983
29622772,1769081370000,28,21,0,0,21,21,597,0.9985
29622773,1769081376000,20,28,0,0,28,28,597,0.9983
29622774,1769081382000,26,20,0,0,20,20,597,0.9982
29622775,1769081388000,26,26,0,0,26,26,597,0.9981
29622776,1769081394000,28,26,0,0,26,26,596,0.9996
29622777,1769081400000,26,28,0,0,28,28,596,0.9996
29622778,1769081406000,23,26,0,0,26,26,596,0.999
29622779,1769081412000,25,23,0,0,23,23,597,0.9983
29622780,1769081418000,22,25,0,0,25,25,596,0.9993
29622781,1769081424000,27,22,0,0,22,22,596,0.9982
29622782,1769081430000,26,27,0,0,27,27,597,0.9983
29622783,1769081436000,24,26,0,0,26,26,597,0.9975
29622784,1769081442000,23,24,0,0,24,24,597,0.9979
29622785,1769081448000,26,23,0,0,23,23,597,0.998
29622786,1769081454000,25,26,0,0,26,26,597,0.9978
29622787,1769081460000,27,25,0,0,25,25,596,0.9991
29622788,1769081466000,22,27,0,0,27,27,597,0.9982
29622789,1769081472000,30,22,0,0,22,22,596,0.9984
29622790,1769081478000,25,30,0,0,30,30,596,0.9994
29622791,1769081484000,25,25,0,0,25,25,596,0.9996
29622792,1769081490000,24,25,0,0,25,25,596,0.9997
29622793,1769081496000,25,24,0,0,24,24,596,0.9986
29622794,1769081502000,26,25,0,0,25,25,597,0.9977
29622795,1769081508000,28,26,0,0,26,26,597,0.9987
29622796,1769081514000,26,28,0,0,28,28,597,0.9985
29622797,1769081520000,26,26,0,0,26,26,596,0.9996
29622798,1769081526000,27,26,0,0,26,26,597,0.998
29622799,1769081532000,27,27,0,0,27,27,596,0.9999
29622800,1769081538000,25,27,0,0,27,27,597,0.9976
29622801,1769081544000,27,25,0,0,25,25,597,0.9977
29622802,1769081550000,25,27,0,0,27,27,597,0.9979
29622803,1769081556000,28,25,0,0,25,25,597,0.9984
29622804,1769081562000,26,28,0,0,28,28,596,0.9977
29622805,1769081568000,28,26,0,0,26,26,597,0.9985
29622806,1769081574000,24,28,0,0,28,28,597,0.9983
29622807,1769081580000,28,24,0,0,24,24,597,0.9978
29622808,1769081586000,22,28,0,0,28,28,597,0.998
29622809,1769081592000,25,22,0,0,22,22,596,0.9997
29622810,1769081598000,25,25,0,0,25,25,597,0.9983
29622811,1769081604000,28,25,0,0,25,25,597,0.9985
29622812,1769081610000,25,28,0,0,28,28,597,0.9983
29622813,1769081616000,27,25,0,0,25,25,597,0.9985
29622814,1769081622000,24,27,0,0,27,27,596,0.9998
29622815,1769081628000,26,24,0,0,24,24,597,0.9985
29622816,1769081634000,25,26,0,0,26,26,595,0.9983
29622817,1769081640000,25,25,0,0,25,25,596,0.9997
29622818,1769081646000,25,25,0,0,25,25,596,1
29622819,1769081652000,26,25,0,0,25,25,597,0.9984
29622820,1769081658000,24,26,0,0,26,26,597,0.9981
29622821,1769081664000,26,24,0,0,24,24,597,0.9976
29622822,1769081670000,23,26,0,0,26,26,597,0.9984
29622823,1769081676000,28,23,0,0,23,23,597,0.9983
29622824,1769081682000,25,28,0,0,28,28,596,0.9981
29622825,1769081688000,29,25,0,0,25,25,597,0.9984
29622826,1769081694000,23,29,0,0,29,29,597,0.9981
29622827,1769081700000,27,23,0,0,23,23,597,0.9986
29622828,1769081706000,24,27,0,0,27,27,597,0.9983
29622829,1769081712000,30,24,0,0,24,24,597,0.9983
29622830,1769081718000,25,30,0,0,30,30,597,0.9982
29622831,1769081724000,31,25,0,0,25,25,597,0.9981
29622832,1769081730000,25,31,0,0,31,31,596,0.9998
29622833,1769081736000,26,25,0,0,25,25,597,0.9979
29622834,1769081742000,24,26,0,0,26,26,596,0.9998
29622835,1769081748000,0,24,0,0,24,24,597,0.998
29622836,1769081754000,19,0,0,0,0,0,454,0
29622837,1769081760000,27,19,0,0,19,19,592,0.9979
29622838,1769081766000,22,27,0,0,27,27,594,0.9968
29622839,1769081772000,29,22,0,0,22,22,595,0.9971
29622840,1769081778000,22,29,0,0,29,29,581,0.9972
29622841,1769081784000,30,22,0,0,22,22,588,0.9968
29622842,1769081790000,24,30,0,0,30,30,590,0.9981
29622843,1769081796000,30,24,0,0,24,24,590,0.9982
29622844,1769081802000,23,30,0,0,30,30,591,0.9979
29622845,1769081808000,27,23,0,0,23,23,591,0.9991
29622846,1769081814000,27,27,0,0,27,27,591,0.9989
29622847,1769081820000,28,27,0,0,27,27,592,0.9986
29622848,1769081826000,24,28,0,0,28,28,595,0.9972
29622849,1769081832000,27,24,0,0,24,24,595,0.9985
29622850,1769081838000,27,27,0,0,27,27,597,0.9971
29622851,1769081844000,28,27,0,0,27,27,596,0.9996
29622852,1769081850000,25,28,0,0,28,28,596,0.999
29622853,1769081856000,29,25,0,0,25,25,595,0.9984
29622854,1769081862000,21,29,0,0,29,29,597,0.9975
29622855,1769081868000,27,21,0,0,21,21,596,0.9997
29622856,1769081874000,23,27,0,0,27,27,596,0.9988
29622857,1769081880000,29,23,0,0,23,23,596,0.9963
29622858,1769081886000,23,29,0,0,29,29,597,0.9969
29622859,1769081892000,29,23,0,0,23,23,597,0.9979
29622860,1769081898000,22,29,0,0,29,29,596,0.999
29622861,1769081904000,27,22,0,0,22,22,597,0.9983
29622862,1769081910000,25,27,0,0,27,27,596,0.9997
29622863,1769081916000,27,25,0,0,25,25,596,0.998
29622864,1769081922000,23,27,0,0,27,27,597,0.9972
29622865,1769081928000,30,23,0,0,23,23,597,0.9976
29622866,1769081934000,23,30,0,0,30,30,596,0.9985
29622867,1769081940000,29,23,0,0,23,23,597,0.9976
29622868,1769081946000,21,29,0,0,29,29,596,0.9984
29622869,1769081952000,29,21,0,0,21,21,597,0.9984
29622870,1769081958000,23,29,0,0,29,29,597,0.9979
29622871,1769081964000,28,23,0,0,23,23,597,0.9977
29622872,1769081970000,21,28,0,0,28,28,597,0.9982
29622873,1769081976000,28,21,0,0,21,21,596,0.9991
29622874,1769081982000,22,28,0,0,28,28,597,0.9969
29622875,1769081988000,25,22,0,0,22,22,597,0.9982
29622876,1769081994000,22,25,0,0,25,25,597,0.9982
29622877,1769082000000,31,22,0,0,22,22,597,0.995
29622878,1769082006000,23,31,0,0,31,31,597,0.9976
29622879,1769082012000,28,23,0,0,23,23,597,0.9959
29622880,1769082018000,22,28,0,0,28,28,596,0.999
29622881,1769082024000,30,22,0,0,22,22,597,0.9963
29622882,1769082030000,24,30,0,0,30,30,597,0.9982
29622883,1769082036000,30,24,0,0,24,24,597,0.9971
29622884,1769082042000,23,30,0,0,30,30,597,0.9981
29622885,1769082048000,30,23,0,0,23,23,596,0.9972
29622886,1769082054000,22,30,0,0,30,30,596,0.9994
29622887,1769082060000,30,22,0,0,22,22,596,0.9978
29622888,1769082066000,23,30,0,0,30,30,597,0.9976
29622889,1769082072000,29,23,0,0,23,23,597,0.9983
29622890,1769082078000,22,29,0,0,29,29,597,0.9986
29622891,1769082084000,28,22,0,0,22,22,597,0.9973
29622892,1769082090000,21,28,0,0,28,28,597,0.9981
29622893,1769082096000,27,21,0,0,21,21,596,0.9994
29622894,1769082102000,20,27,0,0,27,27,596,0.9996
29622895,1769082108000,27,20,0,0,20,20,597,0.9982
29622896,1769082114000,24,27,0,0,27,27,597,0.9977
29622897,1769082120000,28,24,0,0,24,24,597,0.9962
29622898,1769082126000,20,28,0,0,28,28,597,0.9955
29622899,1769082132000,30,20,0,0,20,20,597,0.9972
29622900,1769082138000,23,30,0,0,30,30,597,0.998
29622901,1769082144000,27,23,0,0,23,23,597,0.9976
29622902,1769082150000,22,27,0,0,27,27,596,0.9983
29622903,1769082156000,28,22,0,0,22,22,597,0.996
29622904,1769082162000,23,28,0,0,28,28,597,0.9983
29622905,1769082168000,27,23,0,0,23,23,596,0.9988
29622906,1769082174000,22,27,0,0,27,27,596,0.9996
29622907,1769082180000,29,22,0,0,22,22,597,0.9983
29622908,1769082186000,24,29,0,0,29,29,597,0.9971
29622909,1769082192000,30,24,0,0,24,24,597,0.998
29622910,1769082198000,25,30,0,0,30,30,596,0.9988
29622911,1769082204000,29,25,0,0,25,25,596,0.9977
29622912,1769082210000,23,29,0,0,29,29,596,0.9992
29622913,1769082216000,28,23,0,0,23,23,597,0.9978
29622914,1769082222000,23,28,0,0,28,28,596,0.9992
29622915,1769082228000,27,23,0,0,23,23,596,0.9993
29622916,1769082234000,24,27,0,0,27,27,597,0.997
29622917,1769082240000,29,24,0,0,24,24,597,0.9976
29622918,1769082246000,24,29,0,0,29,29,596,0.9992
29622919,1769082252000,27,24,0,0,24,24,597,0.998
29622920,1769082258000,22,27,0,0,27,27,596,0.9991
29622921,1769082264000,29,22,0,0,22,22,597,0.9986
29622922,1769082270000,23,29,0,0,29,29,597,0.9983
29622923,1769082276000,27,23,0,0,23,23,597,0.9981
29622924,1769082282000,22,27,0,0,27,27,596,0.9997
29622925,1769082288000,29,22,0,0,22,22,597,0.9976
29622926,1769082294000,21,29,0,0,29,29,595,0.9993
29622927,1769082300000,30,21,0,0,21,21,597,0.9975
29622928,1769082306000,23,30,0,0,30,30,596,0.9955
29622929,1769082312000,27,23,0,0,23,23,596,0.9996
29622930,1769082318000,24,27,0,0,27,27,597,0.9978
29622931,1769082324000,29,24,0,0,24,24,595,0.9997
29622932,1769082330000,22,29,0,0,29,29,596,0.9977
29622933,1769082336000,28,22,0,0,22,22,596,0.9984
29622934,1769082342000,25,28,0,0,28,28,596,0.9997
29622935,1769082348000,27,25,0,0,25,25,596,0.9982
29622936,1769082354000,21,27,0,0,27,27,596,0.9996
29622937,1769082360000,31,21,0,0,21,21,596,0.9991
29622938,1769082366000,24,31,0,0,31,31,596,0.9995
29622939,1769082372000,30,24,0,0,24,24,596,0.9992
29622940,1769082378000,23,30,0,0,30,30,597,0.9985
29622941,1769082384000,30,23,0,0,23,23,597,0.9984
29622942,1769082390000,23,30,0,0,30,30,597,0.9983
29622943,1769082396000,26,23,0,0,23,23,597,0.998
29622944,1769082402000,21,26,0,0,26,26,597,0.9978
29622945,1769082408000,30,21,0,0,21,21,597,0.9979
29622946,1769082414000,23,30,0,0,30,30,597,0.9968
29622947,1769082420000,31,23,0,0,23,23,597,0.998
29622948,1769082426000,23,31,0,0,31,31,597,0.9981
29622949,1769082432000,31,23,0,0,23,23,597,0.9937
29622950,1769082438000,22,31,0,0,31,31,596,0.9975
29622951,1769082444000,32,22,0,0,22,22,597,0.9982
29622952,1769082450000,22,32,0,0,32,32,597,0.9982
29622953,1769082456000,28,22,0,0,22,22,596,0.9998
29622954,1769082462000,23,28,0,0,28,28,595,0.9982
29622955,1769082468000,31,23,0,0,23,23,595,0.9983
29622956,1769082474000,23,31,0,0,31,31,597,0.9987
29622957,1769082480000,31,23,0,0,23,23,597,0.9982
29622958,1769082486000,22,31,0,0,31,31,596,0.9994
29622959,1769082492000,31,22,0,0,22,22,597,0.9982
29622960,1769082498000,24,31,0,0,31,31,596,0.9994
29622961,1769082504000,31,24,0,0,24,24,597,0.9978
29622962,1769082510000,23,31,0,0,31,31,597,0.9981
29622963,1769082516000,29,23,0,0,23,23,596,0.9993
29622964,1769082522000,24,29,0,0,29,29,597,0.9981
29622965,1769082528000,29,24,0,0,24,24,596,0.9991
29622966,1769082534000,21,29,0,0,29,29,597,0.9984
29622967,1769082540000,31,21,0,0,21,21,596,0.9973
29622968,1769082546000,21,31,0,0,31,31,597,0.9965
29622969,1769082552000,31,21,0,0,21,21,597,0.9981
29622970,1769082558000,23,31,0,0,31,31,597,0.9984
29622971,1769082564000,30,23,0,0,23,23,597,0.9985
29622972,1769082570000,21,30,0,0,30,30,597,0.9979
29622973,1769082576000,30,21,0,0,21,21,597,0.9952
29622974,1769082582000,22,30,0,0,30,30,597,0.9943
29622975,1769082588000,29,22,0,0,22,22,597,0.997
29622976,1769082594000,26,29,0,0,29,29,596,0.9944
29622977,1769082600000,29,26,0,0,26,26,597,0.9939
29622978,1769082606000,21,29,0,0,29,29,594,0.9972
29622979,1769082612000,32,21,0,0,21,21,597,0.9968
29622980,1769082618000,21,32,0,0,32,32,597,0.997
29622981,1769082624000,30,21,0,0,21,21,597,0.997
29622982,1769082630000,22,30,0,0,30,30,597,0.9982
29622983,1769082636000,32,22,0,0,22,22,597,0.9981
29622984,1769082642000,22,32,0,0,32,32,597,0.9982
29622985,1769082648000,34,22,0,0,22,22,596,0.9885
29622986,1769082654000,21,34,0,0,34,34,597,0.9851
29622987,1769082660000,33,21,0,0,21,21,597,0.9921
29622988,1769082666000,21,33,0,0,33,33,597,0.9888
29622989,1769082672000,29,21,0,0,21,21,596,0.9933
29622990,1769082678000,22,29,0,0,29,29,596,0.9975
29622991,1769082684000,29,22,0,0,22,22,591,0.9968
29622992,1769082690000,21,29,0,0,29,29,597,0.9985
29622993,1769082696000,29,21,0,0,21,21,597,0.9986
29622994,1769082702000,21,29,0,0,29,29,596,0.9995
29622995,1769082708000,28,21,0,0,21,21,596,0.9988
29622996,1769082714000,21,28,0,0,28,28,596,0.9992
29622997,1769082720000,32,21,0,0,21,21,597,0.996
29622998,1769082726000,22,32,0,0,32,32,597,0.9979
29622999,1769082732000,32,22,0,0,22,22,596,0.9984
29623000,1769082738000,20,32,0,0,32,32,597,0.9963
29623001,1769082744000,32,20,0,0,20,20,597,0.9982
29623002,1769082750000,20,32,0,0,32,32,597,0.9979
29623003,1769082756000,32,20,0,0,20,20,597,0.9975
29623004,1769082762000,21,32,0,0,32,32,596,0.9986
29623005,1769082768000,33,21,0,0,21,21,597,0.9974
29623006,1769082774000,19,33,0,0,33,33,597,0.9978
29623007,1769082780000,32,19,0,0,19,19,596,0.9991
29623008,1769082786000,19,32,0,0,32,32,596,0.998
29623009,1769082792000,24,19,0,0,19,19,591,0.9986
29623010,1769082798000,25,24,0,0,24,24,596,0.9982
29623011,1769082804000,28,25,0,0,25,25,596,0.9982
29623012,1769082810000,24,28,0,0,28,28,596,0.9892
29623013,1769082816000,28,24,0,0,24,24,596,0.9947
29623014,1769082822000,24,28,0,0,28,28,596,0.9981
29623015,1769082828000,29,24,0,0,24,24,596,0.9981
29623016,1769082834000,26,29,0,0,29,29,596,0.9986
29623017,1769082840000,28,26,0,0,26,26,596,0.9994
29623018,1769082846000,23,28,0,0,28,28,596,0.9976
29623019,1769082852000,27,23,0,0,23,23,596,0.9967
29623020,1769082858000,25,27,0,0,27,27,596,0.9975
29623021,1769082864000,29,25,0,0,25,25,595,0.998
29623022,1769082870000,24,29,0,0,29,29,596,0.9984
29623023,1769082876000,28,24,0,0,24,24,595,0.9971
29623024,1769082882000,26,28,0,0,28,28,596,0.9986
29623025,1769082888000,26,26,0,0,26,26,596,0.9995
29623026,1769082894000,22,26,0,0,26,26,596,0.9997
29623027,1769082900000,29,22,0,0,22,22,596,0.9994
29623028,1769082906000,26,29,0,0,29,29,596,0.9977
29623029,1769082912000,27,26,0,0,26,26,597,0.9977
29623030,1769082918000,26,27,0,0,27,27,596,0.9982
29623031,1769082924000,25,26,0,0,26,26,597,0.9976
29623032,1769082930000,23,25,0,0,25,25,596,0.9989
29623033,1769082936000,28,23,0,0,23,23,597,0.9977
29623034,1769082942000,26,28,0,0,28,28,597,0.9972
29623035,1769082948000,28,26,0,0,26,26,597,0.9979
29623036,1769082954000,25,28,0,0,28,28,597,0.9978
29623037,1769082960000,26,25,0,0,25,25,597,0.9971
29623038,1769082966000,25,26,0,0,26,26,597,0.9976
29623039,1769082972000,29,25,0,0,25,25,596,0.9985
29623040,1769082978000,25,29,0,0,29,29,596,0.9988
29623041,1769082984000,28,25,0,0,25,25,597,0.9976
29623042,1769082990000,23,28,0,0,28,28,597,0.9978
29623043,1769082996000,28,23,0,0,23,23,597,0.9988
29623044,1769083002000,25,28,0,0,28,28,596,0.9995
29623045,1769083008000,31,25,0,0,25,25,597,0.9975
29623046,1769083014000,23,31,0,0,31,31,597,0.9978
29623047,1769083020000,31,23,0,0,23,23,597,0.9969
29623048,1769083026000,21,31,0,0,31,31,596,0.9956
29623049,1769083032000,26,21,0,0,21,21,597,0.9967
29623050,1769083038000,22,26,0,0,26,26,596,0.9979
29623051,1769083044000,28,22,0,0,22,22,597,0.9976
29623052,1769083050000,22,28,0,0,28,28,597,0.998
29623053,1769083056000,26,22,0,0,22,22,596,0.9995
29623054,1769083062000,22,26,0,0,26,26,596,0.9979
29623055,1769083068000,27,22,0,0,22,22,596,0.9994
29623056,1769083074000,23,27,0,0,27,27,597,0.9958
29623057,1769083080000,32,23,0,0,23,23,597,0.9979
29623058,1769083086000,24,32,0,0,32,32,596,0.9998
29623059,1769083092000,32,24,0,0,24,24,597,0.9981
29623060,1769083098000,23,32,0,0,32,32,597,0.9981
29623061,1769083104000,31,23,0,0,23,23,596,0.9973
29623062,1769083110000,23,31,0,0,31,31,597,0.9984
29623063,1769083116000,30,23,0,0,23,23,597,0.9969
29623064,1769083122000,22,30,0,0,30,30,595,0.9982
29623065,1769083128000,29,22,0,0,22,22,597,0.9985
29623066,1769083134000,23,29,0,0,29,29,596,0.9992
29623067,1769083140000,28,23,0,0,23,23,597,0.9984
29623068,1769083146000,22,28,0,0,28,28,597,0.998
29623069,1769083152000,30,22,0,0,22,22,597,0.9982
29623070,1769083158000,24,30,0,0,30,30,597,0.9982
29623071,1769083164000,29,24,0,0,24,24,597,0.9983
29623072,1769083170000,21,29,0,0,29,29,597,0.9989
29623073,1769083176000,25,21,0,0,21,21,597,0.9975
29623074,1769083182000,22,25,0,0,25,25,597,0.9984
29623075,1769083188000,26,22,0,0,22,22,597,0.9982
29623076,1769083194000,24,26,0,0,26,26,597,0.9985
29623077,1769083200000,28,24,0,0,24,24,595,0.9985
29623078,1769083206000,26,28,0,0,28,28,597,0.9977
29623079,1769083212000,25,26,0,0,26,26,597,0.9979
29623080,1769083218000,23,25,0,0,25,25,597,0.9981
29623081,1769083224000,30,23,0,0,23,23,597,0.9973
29623082,1769083230000,26,30,0,0,30,30,597,0.9984
29623083,1769083236000,27,26,0,0,26,26,597,0.997
29623084,1769083242000,26,27,0,0,27,27,595,0.9983
29623085,1769083248000,26,26,0,0,26,26,596,0.9983
29623086,1769083254000,26,26,0,0,26,26,596,0.9981
29623087,1769083260000,24,26,0,0,26,26,596,0.9974
29623088,1769083266000,25,24,0,0,24,24,597,0.9983
29623089,1769083272000,26,25,0,0,25,25,597,0.9979
29623090,1769083278000,25,26,0,0,26,26,597,0.9981
29623091,1769083284000,24,25,0,0,25,25,597,0.998
29623092,1769083290000,23,24,0,0,24,24,597,0.9976
29623093,1769083296000,25,23,0,0,23,23,597,0.998
29623094,1769083302000,22,25,0,0,25,25,597,0.9975
29623095,1769083308000,25,22,0,0,22,22,597,0.9973
29623096,1769083314000,21,25,0,0,25,25,597,0.9985
29623097,1769083320000,22,21,0,0,21,21,597,0.9982
29623098,1769083326000,23,22,0,0,22,22,597,0.9977
29623099,1769083332000,27,23,0,0,23,23,596,0.9991
29623100,1769083338000,26,27,0,0,27,27,597,0.997
29623101,1769083344000,28,26,0,0,26,26,597,0.9976
29623102,1769083350000,23,28,0,0,28,28,597,0.9979
29623103,1769083356000,26,23,0,0,23,23,597,0.9878
29623104,1769083362000,24,26,0,0,26,26,596,0.998
29623105,1769083368000,26,24,0,0,24,24,596,0.9991
29623106,1769083374000,24,26,0,0,26,26,596,0.9993
29623107,1769083380000,24,24,0,0,24,24,596,0.9983
29623108,1769083386000,23,24,0,0,24,24,596,0.9985
29623109,1769083392000,27,23,0,0,23,23,597,0.997
29623110,1769083398000,25,27,0,0,27,27,596,0.9989
29623111,1769083404000,28,25,0,0,25,25,597,0.997
29623112,1769083410000,22,28,0,0,28,28,596,0.9986
29623113,1769083416000,26,22,0,0,22,22,596,0.9983
29623114,1769083422000,24,26,0,0,26,26,596,0.999
29623115,1769083428000,26,24,0,0,24,24,596,0.9994
29623116,1769083434000,26,26,0,0,26,26,597,0.9977
29623117,1769083440000,28,26,0,0,26,26,597,0.998
29623118,1769083446000,23,28,0,0,28,28,596,0.9989
29623119,1769083452000,28,23,0,0,23,23,596,0.998
29623120,1769083458000,25,28,0,0,28,28,596,0.9986
29623121,1769083464000,27,25,0,0,25,25,596,0.9978
29623122,1769083470000,24,27,0,0,27,27,596,0.9985
29623123,1769083476000,26,24,0,0,24,24,596,0.9985
29623124,1769083482000,25,26,0,0,26,26,596,0.9979
29623125,1769083488000,29,25,0,0,25,25,596,0.999
29623126,1769083494000,22,29,0,0,29,29,596,0.9992
29623127,1769083500000,26,22,0,0,22,22,596,0.9988
29623128,1769083506000,24,26,0,0,26,26,595,0.9966
29623129,1769083512000,29,24,0,0,24,24,596,0.9993
29623130,1769083518000,24,29,0,0,29,29,596,0.9989
29623131,1769083524000,26,24,0,0,24,24,596,0.9997
29623132,1769083530000,23,26,0,0,26,26,597,0.9972
29623133,1769083536000,23,23,0,0,23,23,596,0.9989
29623134,1769083542000,22,23,0,0,23,23,596,0.9988
29623135,1769083548000,27,22,0,0,22,22,596,0.9991
29623136,1769083554000,26,27,0,0,27,27,596,0.9993
29623137,1769083560000,28,26,0,0,26,26,596,0.9992
29623138,1769083566000,21,28,0,0,28,28,595,0.9995
29623139,1769083572000,23,21,0,0,21,21,596,0.9992
29623140,1769083578000,23,23,0,0,23,23,596,0.9995
29623141,1769083584000,25,23,0,0,23,23,596,0.9992
29623142,1769083590000,24,25,0,0,25,25,596,0.9995
29623143,1769083596000,27,24,0,0,24,24,596,0.999
29623144,1769083602000,21,27,0,0,27,27,596,0.9998
29623145,1769083608000,27,21,0,0,21,21,596,0.999
29623146,1769083614000,21,27,0,0,27,27,596,0.9994
29623147,1769083620000,26,21,0,0,21,21,596,0.9995
29623148,1769083626000,24,26,0,0,26,26,597,0.998
29623149,1769083632000,28,24,0,0,24,24,597,0.998
29623150,1769083638000,24,28,0,0,28,28,597,0.9983
29623151,1769083644000,27,24,0,0,24,24,597,0.9985
29623152,1769083650000,21,27,0,0,27,27,597,0.9982
29623153,1769083656000,26,21,0,0,21,21,596,0.9998
29623154,1769083662000,24,26,0,0,26,26,595,0.9995
29623155,1769083668000,28,24,0,0,24,24,596,0.9997
29623156,1769083674000,25,28,0,0,28,28,596,0.9996
29623157,1769083680000,27,25,0,0,25,25,596,0.9997
29623158,1769083686000,27,27,0,0,27,27,597,0.9981
29623159,1769083692000,26,27,0,0,27,27,597,0.997
29623160,1769083698000,27,26,0,0,26,26,597,0.9981
29623161,1769083704000,24,27,0,0,27,27,596,0.9993
29623162,1769083710000,25,24,0,0,24,24,597,0.9976
29623163,1769083716000,24,25,0,0,25,25,597,0.9977
29623164,1769083722000,27,24,0,0,24,24,597,0.998
29623165,1769083728000,28,27,0,0,27,27,597,0.9978
29623166,1769083734000,26,28,0,0,28,28,597,0.998
29623167,1769083740000,26,26,0,0,26,26,597,0.9983
29623168,1769083746000,25,26,0,0,26,26,597,0.9977
29623169,1769083752000,26,25,0,0,25,25,597,0.9981
29623170,1769083758000,25,26,0,0,26,26,597,0.9974
29623171,1769083764000,27,25,0,0,25,25,597,0.9986
29623172,1769083770000,24,27,0,0,27,27,597,0.9981
29623173,1769083776000,27,24,0,0,24,24,597,0.9981
29623174,1769083782000,24,27,0,0,27,27,597,0.9981
29623175,1769083788000,27,24,0,0,24,24,597,0.998
29623176,1769083794000,26,27,0,0,27,27,597,0.9962
29623177,1769083800000,30,26,0,0,26,26,596,0.9972
29623178,1769083806000,24,30,0,0,30,30,597,0.9979
29623179,1769083812000,28,24,0,0,24,24,597,0.9979
29623180,1769083818000,25,28,0,0,28,28,597,0.9983
29623181,1769083824000,28,25,0,0,25,25,597,0.9971
29623182,1769083830000,26,28,0,0,28,28,597,0.9969
29623183,1769083836000,26,26,0,0,26,26,597,0.997
29623184,1769083842000,24,26,0,0,26,26,597,0.9984
29623185,1769083848000,27,24,0,0,24,24,595,0.9978
29623186,1769083854000,24,27,0,0,27,27,597,0.9974
29623187,1769083860000,27,24,0,0,24,24,597,0.9975
29623188,1769083866000,26,27,0,0,27,27,597,0.9978
29623189,1769083872000,26,26,0,0,26,26,597,0.998
29623190,1769083878000,25,26,0,0,26,26,597,0.998
29623191,1769083884000,27,25,0,0,25,25,597,0.9983
29623192,1769083890000,23,27,0,0,27,27,597,0.9986
29623193,1769083896000,23,23,0,0,23,23,597,0.998
29623194,1769083902000,24,23,0,0,23,23,596,0.9985
29623195,1769083908000,24,24,0,0,24,24,597,0.9984
29623196,1769083914000,27,24,0,0,24,24,597,0.998
29623197,1769083920000,29,27,0,0,27,27,597,0.9972
29623198,1769083926000,26,29,0,0,29,29,597,0.9977
29623199,1769083932000,25,26,0,0,26,26,597,0.9979
29623200,1769083938000,24,25,0,0,25,25,597,0.9968
29623201,1769083944000,29,24,0,0,24,24,597,0.9971
29623202,1769083950000,25,29,0,0,29,29,595,0.9991
29623203,1769083956000,30,25,0,0,25,25,593,0.9993
29623204,1769083962000,25,30,0,0,30,30,596,0.9992
29623205,1769083968000,29,25,0,0,25,25,596,0.9996
29623206,1769083974000,23,29,0,0,29,29,593,0.9993
29623207,1769083980000,29,23,0,0,23,23,596,0.9987
29623208,1769083986000,24,29,0,0,29,29,596,0.9979
29623209,1769083992000,30,24,0,0,24,24,596,0.9985
29623210,1769083998000,24,30,0,0,30,30,596,0.9992
29623211,1769084004000,28,24,0,0,24,24,596,0.9986
29623212,1769084010000,24,28,0,0,28,28,596,0.9991
29623213,1769084016000,30,24,0,0,24,24,596,0.999
29623214,1769084022000,24,30,0,0,30,30,596,0.9987
29623215,1769084028000,29,24,0,0,24,24,596,0.9982
29623216,1769084034000,24,29,0,0,29,29,596,0.9989
29623217,1769084040000,27,24,0,0,24,24,596,0.9978
29623218,1769084046000,25,27,0,0,27,27,596,0.9982
29623219,1769084052000,27,25,0,0,25,25,596,0.9977
29623220,1769084058000,22,27,0,0,27,27,596,0.9982
29623221,1769084064000,29,22,0,0,22,22,596,0.9988
29623222,1769084070000,23,29,0,0,29,29,596,0.999
29623223,1769084076000,30,23,0,0,23,23,596,0.9988
29623224,1769084082000,24,30,0,0,30,30,596,0.9988
29623225,1769084088000,30,24,0,0,24,24,595,0.9985
29623226,1769084094000,23,30,0,0,30,30,596,0.9987
29623227,1769084100000,28,23,0,0,23,23,596,0.9989
29623228,1769084106000,24,28,0,0,28,28,596,0.9988
29623229,1769084112000,28,24,0,0,24,24,596,0.9994
29623230,1769084118000,23,28,0,0,28,28,596,0.9991
29623231,1769084124000,29,23,0,0,23,23,596,0.9993
29623232,1769084130000,22,29,0,0,29,29,596,0.9991
29623233,1769084136000,28,22,0,0,22,22,596,0.9993
29623234,1769084142000,23,28,0,0,28,28,596,0.9995
29623235,1769084148000,25,23,0,0,23,23,596,0.9993
29623236,1769084154000,23,25,0,0,25,25,596,0.9993
29623237,1769084160000,27,23,0,0,23,23,596,0.9996
29623238,1769084166000,21,27,0,0,27,27,596,0.9986
29623239,1769084172000,28,21,0,0,21,21,596,0.9982
29623240,1769084178000,25,28,0,0,28,28,596,0.9987
29623241,1769084184000,28,25,0,0,25,25,596,0.9993
29623242,1769084190000,22,28,0,0,28,28,596,0.9992
29623243,1769084196000,30,22,0,0,22,22,596,0.9991
29623244,1769084202000,23,30,0,0,30,30,596,0.9994
29623245,1769084208000,29,23,0,0,23,23,596,0.9983
29623246,1769084214000,21,29,0,0,29,29,596,0.9987
29623247,1769084220000,28,21,0,0,21,21,596,0.9982
29623248,1769084226000,24,28,0,0,28,28,596,0.9995
29623249,1769084232000,30,24,0,0,24,24,596,0.9992
29623250,1769084238000,25,30,0,0,30,30,596,0.9995
29623251,1769084244000,29,25,0,0,25,25,596,0.9995
29623252,1769084250000,25,29,0,0,29,29,595,0.9995
29623253,1769084256000,28,25,0,0,25,25,596,0.9997
29623254,1769084262000,24,28,0,0,28,28,596,0.9999
29623255,1769084268000,30,24,0,0,24,24,596,0.9998
29623256,1769084274000,25,30,0,0,30,30,596,0.9995
29623257,1769084280000,31,25,0,0,25,25,596,0.9995
29623258,1769084286000,23,31,0,0,31,31,596,0.999
29623259,1769084292000,28,23,0,0,23,23,596,0.9989
29623260,1769084298000,26,28,0,0,28,28,596,0.9996
29623261,1769084304000,29,26,0,0,26,26,596,0.999
29623262,1769084310000,25,29,0,0,29,29,596,0.9998
29623263,1769084316000,26,25,0,0,25,25,596,0.9979
29623264,1769084322000,24,26,0,0,26,26,596,0.9998
29623265,1769084328000,29,24,0,0,24,24,595,0.9995
29623266,1769084334000,25,29,0,0,29,29,596,0.9995
29623267,1769084340000,27,25,0,0,25,25,596,0.9995
29623268,1769084346000,23,27,0,0,27,27,596,0.9993
29623269,1769084352000,24,23,0,0,23,23,596,0.9997
29623270,1769084358000,25,24,0,0,24,24,597,0.9971
29623271,1769084364000,26,25,0,0,25,25,597,0.9985
29623272,1769084370000,22,26,0,0,26,26,596,0.9993
29623273,1769084376000,28,22,0,0,22,22,597,0.9977
29623274,1769084382000,23,28,0,0,28,28,596,0.9994
29623275,1769084388000,25,23,0,0,23,23,596,0.9995
29623276,1769084394000,25,25,0,0,25,25,596,0.9993
29623277,1769084400000,25,25,0,0,25,25,596,0.9987
29623278,1769084406000,24,25,0,0,25,25,596,0.9987
29623279,1769084412000,26,24,0,0,24,24,596,0.999
29623280,1769084418000,23,26,0,0,26,26,596,0.9991
29623281,1769084424000,25,23,0,0,23,23,596,0.9989
29623282,1769084430000,27,25,0,0,25,25,596,0.9987
29623283,1769084436000,25,27,0,0,27,27,596,0.9986
29623284,1769084442000,28,25,0,0,25,25,596,0.9992
29623285,1769084448000,23,28,0,0,28,28,596,0.9987
29623286,1769084454000,31,23,0,0,23,23,596,0.9985
29623287,1769084460000,20,31,0,0,31,31,596,0.9994
29623288,1769084466000,27,20,0,0,20,20,596,0.9991
29623289,1769084472000,23,27,0,0,27,27,596,0.9986
29623290,1769084478000,30,23,0,0,23,23,597,0.9981
29623291,1769084484000,21,30,0,0,30,30,597,0.9979
29623292,1769084490000,28,21,0,0,21,21,595,0.9994
29623293,1769084496000,22,28,0,0,28,28,597,0.998
29623294,1769084502000,31,22,0,0,22,22,596,0.9979
29623295,1769084508000,23,31,0,0,31,31,597,0.9975
29623296,1769084514000,31,23,0,0,23,23,597,0.9975
29623297,1769084520000,21,31,0,0,31,31,597,0.9973
29623298,1769084526000,29,21,0,0,21,21,597,0.9969
29623299,1769084532000,21,29,0,0,29,29,597,0.9976
29623300,1769084538000,30,21,0,0,21,21,596,0.999
29623301,1769084544000,23,30,0,0,30,30,597,0.9982
29623302,1769084550000,30,23,0,0,23,23,597,0.9981
29623303,1769084556000,22,30,0,0,30,30,596,0.9994
29623304,1769084562000,30,22,0,0,22,22,597,0.9966
29623305,1769084568000,23,30,0,0,30,30,597,0.9983
29623306,1769084574000,30,23,0,0,23,23,597,0.9975
29623307,1769084580000,24,30,0,0,30,30,597,0.9981
29623308,1769084586000,29,24,0,0,24,24,597,0.9974
29623309,1769084592000,21,29,0,0,29,29,597,0.9979
29623310,1769084598000,29,21,0,0,21,21,596,0.9986
29623311,1769084604000,20,29,0,0,29,29,595,0.9989
29623312,1769084610000,26,20,0,0,20,20,597,0.9975
29623313,1769084616000,20,26,0,0,26,26,596,0.9992
29623314,1769084622000,0,20,0,0,20,20,556,0.9977
29623315,1769084628000,34,0,0,0,0,0,596,0
29623316,1769084634000,22,34,0,0,34,34,596,0.9993
29623317,1769084640000,32,22,0,0,22,22,596,0.9975
29623318,1769084646000,19,32,0,0,32,32,596,0.9983
29623319,1769084652000,33,19,0,0,19,19,596,0.9979
29623320,1769084658000,15,33,0,0,33,33,596,0.999
29623321,1769084664000,30,15,0,0,15,15,596,0.9985
29623322,1769084670000,14,30,0,0,30,30,596,0.9992
29623323,1769084676000,31,14,0,0,14,14,596,0.9982
29623324,1769084682000,17,31,0,0,31,31,597,0.9975
29623325,1769084688000,33,17,0,0,17,17,596,0.9983
29623326,1769084694000,16,33,0,0,33,33,596,0.9988
29623327,1769084700000,33,16,0,0,16,16,597,0.9984
29623328,1769084706000,20,33,0,0,33,33,596,0.9991
29623329,1769084712000,32,20,0,0,20,20,596,0.9984
29623330,1769084718000,16,32,0,0,32,32,596,0.9987
29623331,1769084724000,34,16,0,0,16,16,596,0.9988
29623332,1769084730000,17,34,0,0,34,34,596,0.9996
29623333,1769084736000,32,17,0,0,17,17,596,0.9983
29623334,1769084742000,17,32,0,0,32,32,596,0.9985
29623335,1769084748000,34,17,0,0,17,17,596,0.9973
29623336,1769084754000,20,34,0,0,34,34,596,0.9982
29623337,1769084760000,31,20,0,0,20,20,597,0.9961
29623338,1769084766000,18,31,0,0,31,31,597,0.9968
29623339,1769084772000,34,18,0,0,18,18,597,0.9967
29623340,1769084778000,18,34,0,0,34,34,596,0.9986
29623341,1769084784000,32,18,0,0,18,18,597,0.998
29623342,1769084790000,18,32,0,0,32,32,596,0.9989
29623343,1769084796000,32,18,0,0,18,18,597,0.9975
29623344,1769084802000,18,32,0,0,32,32,596,0.9985
29623345,1769084808000,34,18,0,0,18,18,596,0.9991
29623346,1769084814000,18,34,0,0,34,34,596,0.9985
29623347,1769084820000,31,18,0,0,18,18,596,0.9993
29623348,1769084826000,19,31,0,0,31,31,596,0.9986
29623349,1769084832000,32,19,0,0,19,19,596,0.998
29623350,1769084838000,19,32,0,0,32,32,597,0.9974
29623351,1769084844000,32,19,0,0,19,19,597,0.9973
29623352,1769084850000,20,32,0,0,32,32,596,0.9988
29623353,1769084856000,29,20,0,0,20,20,597,0.9968
29623354,1769084862000,19,29,0,0,29,29,597,0.9971
29623355,1769084868000,30,19,0,0,19,19,597,0.9968
29623356,1769084874000,20,30,0,0,30,30,597,0.9972
29623357,1769084880000,30,20,0,0,20,20,597,0.9968
29623358,1769084886000,18,30,0,0,30,30,596,0.9981
29623359,1769084892000,32,18,0,0,18,18,597,0.9972
29623360,1769084898000,18,32,0,0,32,32,597,0.9974
29623361,1769084904000,28,18,0,0,18,18,597,0.9976
29623362,1769084910000,18,28,0,0,28,28,597,0.9978
29623363,1769084916000,31,18,0,0,18,18,597,0.9979
29623364,1769084922000,19,31,0,0,31,31,597,0.9977
29623365,1769084928000,29,19,0,0,19,19,595,0.9988
29623366,1769084934000,20,29,0,0,29,29,596,0.9991
29623367,1769084940000,34,20,0,0,20,20,596,0.9992
29623368,1769084946000,21,34,0,0,34,34,596,0.9986
29623369,1769084952000,33,21,0,0,21,21,596,0.9994
29623370,1769084958000,20,33,0,0,33,33,597,0.9979
29623371,1769084964000,29,20,0,0,20,20,596,0.9997
29623372,1769084970000,21,29,0,0,29,29,597,0.998
29623373,1769084976000,31,21,0,0,21,21,596,0.9994
29623374,1769084982000,19,31,0,0,31,31,596,0.9994
29623375,1769084988000,33,19,0,0,19,19,596,0.9994
29623376,1769084994000,21,33,0,0,33,33,596,0.9994
29623377,1769085000000,31,21,0,0,21,21,597,0.9984
29623378,1769085006000,19,31,0,0,31,31,597,0.9977
29623379,1769085012000,34,19,0,0,19,19,597,0.9985
29623380,1769085018000,21,34,0,0,34,34,597,0.9981
29623381,1769085024000,34,21,0,0,21,21,597,0.9982
29623382,1769085030000,20,34,0,0,34,34,597,0.9981
29623383,1769085036000,33,20,0,0,20,20,597,0.9966
29623384,1769085042000,17,33,0,0,33,33,597,0.9983
29623385,1769085048000,33,17,0,0,17,17,597,0.9979
29623386,1769085054000,19,33,0,0,33,33,597,0.9978
29623387,1769085060000,35,19,0,0,19,19,597,0.9976
29623388,1769085066000,19,35,0,0,35,35,597,0.9985
29623389,1769085072000,34,19,0,0,19,19,597,0.9981
29623390,1769085078000,19,34,0,0,34,34,597,0.997
29623391,1769085084000,33,19,0,0,19,19,597,0.9971
29623392,1769085090000,19,33,0,0,33,33,597,0.9968
29623393,1769085096000,33,19,0,0,19,19,597,0.9981
29623394,1769085102000,20,33,0,0,33,33,597,0.9978
29623395,1769085108000,34,20,0,0,20,20,597,0.9977
29623396,1769085114000,20,34,0,0,34,34,597,0.9978
29623397,1769085120000,33,20,0,0,20,20,597,0.9983
29623398,1769085126000,20,33,0,0,33,33,597,0.9979
29623399,1769085132000,33,20,0,0,20,20,597,0.9982
29623400,1769085138000,20,33,0,0,33,33,597,0.9981
29623401,1769085144000,32,20,0,0,20,20,597,0.9984
29623402,1769085150000,21,32,0,0,32,32,597,0.9984
29623403,1769085156000,32,21,0,0,21,21,597,0.9982
29623404,1769085162000,18,32,0,0,32,32,597,0.9979
29623405,1769085168000,33,18,0,0,18,18,597,0.9986
29623406,1769085174000,21,33,0,0,33,33,597,0.998
29623407,1769085180000,33,21,0,0,21,21,596,0.9986
29623408,1769085186000,20,33,0,0,33,33,597,0.9982
29623409,1769085192000,32,20,0,0,20,20,597,0.9972
29623410,1769085198000,19,32,0,0,32,32,597,0.9974
29623411,1769085204000,34,19,0,0,19,19,596,0.9974
29623412,1769085210000,20,34,0,0,34,34,597,0.9978
29623413,1769085216000,30,20,0,0,20,20,596,0.9995
29623414,1769085222000,20,30,0,0,30,30,596,0.9997
29623415,1769085228000,34,20,0,0,20,20,596,0.9987
29623416,1769085234000,22,34,0,0,34,34,596,0.9998
29623417,1769085240000,31,22,0,0,22,22,597,0.9976
29623418,1769085246000,22,31,0,0,31,31,597,0.9975
29623419,1769085252000,31,22,0,0,22,22,597,0.9975
29623420,1769085258000,21,31,0,0,31,31,596,0.9978
29623421,1769085264000,28,21,0,0,21,21,597,0.9964
29623422,1769085270000,20,28,0,0,28,28,597,0.9979
29623423,1769085276000,29,20,0,0,20,20,597,0.9978
29623424,1769085282000,20,29,0,0,29,29,597,0.9965
29623425,1769085288000,28,20,0,0,20,20,597,0.9982
29623426,1769085294000,18,28,0,0,28,28,597,0.9981
29623427,1769085300000,29,18,0,0,18,18,597,0.9979
29623428,1769085306000,19,29,0,0,29,29,597,0.9971
29623429,1769085312000,31,19,0,0,19,19,597,0.9979
29623430,1769085318000,19,31,0,0,31,31,597,0.9978
29623431,1769085324000,27,19,0,0,19,19,596,0.9987
29623432,1769085330000,18,27,0,0,27,27,596,0.9975
29623433,1769085336000,29,18,0,0,18,18,597,0.9984
29623434,1769085342000,21,29,0,0,29,29,597,0.9973
29623435,1769085348000,33,21,0,0,21,21,597,0.9981
29623436,1769085354000,19,33,0,0,33,33,597,0.9977
29623437,1769085360000,29,19,0,0,19,19,596,0.996
29623438,1769085366000,22,29,0,0,29,29,597,0.9979
29623439,1769085372000,29,22,0,0,22,22,596,0.9995
29623440,1769085378000,19,29,0,0,29,29,597,0.9979
29623441,1769085384000,29,19,0,0,19,19,597,0.9984
29623442,1769085390000,20,29,0,0,29,29,597,0.9983
29623443,1769085396000,28,20,0,0,20,20,597,0.9986
29623444,1769085402000,19,28,0,0,28,28,597,0.9978
29623445,1769085408000,30,19,0,0,19,19,597,0.9977
29623446,1769085414000,20,30,0,0,30,30,597,0.9975
29623447,1769085420000,32,20,0,0,20,20,597,0.9971
29623448,1769085426000,21,32,0,0,32,32,597,0.998
29623449,1769085432000,30,21,0,0,21,21,597,0.9978
29623450,1769085438000,20,30,0,0,30,30,597,0.9984
29623451,1769085444000,27,20,0,0,20,20,597,0.9977
29623452,1769085450000,20,27,0,0,27,27,597,0.9984
29623453,1769085456000,28,20,0,0,20,20,597,0.998
29623454,1769085462000,22,28,0,0,28,28,597,0.9985
29623455,1769085468000,28,22,0,0,22,22,597,0.9976
29623456,1769085474000,23,28,0,0,28,28,597,0.9981
29623457,1769085480000,31,23,0,0,23,23,597,0.9982
29623458,1769085486000,24,31,0,0,31,31,596,0.9989
29623459,1769085492000,31,24,0,0,24,24,597,0.997
29623460,1769085498000,25,31,0,0,31,31,597,0.9977
29623461,1769085504000,30,25,0,0,25,25,596,0.9977
29623462,1769085510000,23,30,0,0,30,30,597,0.9977
29623463,1769085516000,33,23,0,0,23,23,597,0.9977
29623464,1769085522000,21,33,0,0,33,33,597,0.9975
29623465,1769085528000,31,21,0,0,21,21,597,0.9983
29623466,1769085534000,23,31,0,0,31,31,597,0.9978
29623467,1769085540000,30,23,0,0,23,23,597,0.998
29623468,1769085546000,21,30,0,0,30,30,597,0.9978
29623469,1769085552000,30,21,0,0,21,21,597,0.9969
29623470,1769085558000,22,30,0,0,30,30,596,0.9978
29623471,1769085564000,29,22,0,0,22,22,597,0.9976
29623472,1769085570000,22,29,0,0,29,29,597,0.9979
29623473,1769085576000,29,22,0,0,22,22,597,0.9975
29623474,1769085582000,22,29,0,0,29,29,597,0.998
29623475,1769085588000,30,22,0,0,22,22,596,0.9974
29623476,1769085594000,21,30,0,0,30,30,597,0.9978
29623477,1769085600000,30,21,0,0,21,21,597,0.9974
29623478,1769085606000,25,30,0,0,30,30,597,0.9978
29623479,1769085612000,30,25,0,0,25,25,597,0.9985
29623480,1769085618000,24,30,0,0,30,30,597,0.9974
29623481,1769085624000,29,24,0,0,24,24,597,0.9978
29623482,1769085630000,22,29,0,0,29,29,597,0.9979
29623483,1769085636000,30,22,0,0,22,22,597,0.9977
29623484,1769085642000,22,30,0,0,30,30,597,0.9962
29623485,1769085648000,32,22,0,0,22,22,597,0.9961
29623486,1769085654000,22,32,0,0,32,32,597,0.9978
29623487,1769085660000,31,22,0,0,22,22,597,0.9982
29623488,1769085666000,19,31,0,0,31,31,596,0.999
29623489,1769085672000,28,19,0,0,19,19,597,0.9983
29623490,1769085678000,21,28,0,0,28,28,597,0.9984
29623491,1769085684000,28,21,0,0,21,21,597,0.9983
29623492,1769085690000,18,28,0,0,28,28,597,0.9983
29623493,1769085696000,30,18,0,0,18,18,597,0.9985
29623494,1769085702000,21,30,0,0,30,30,597,0.9982
29623495,1769085708000,30,21,0,0,21,21,597,0.9986
29623496,1769085714000,20,30,0,0,30,30,597,0.9978
29623497,1769085720000,24,20,0,0,20,20,597,0.998
29623498,1769085726000,24,24,0,0,24,24,597,0.9981
29623499,1769085732000,31,24,0,0,24,24,597,0.9979
29623500,1769085738000,24,31,0,0,31,31,597,0.998
29623501,1769085744000,30,24,0,0,24,24,597,0.9979
29623502,1769085750000,21,30,0,0,30,30,597,0.9982
29623503,1769085756000,28,21,0,0,21,21,597,0.9979
29623504,1769085762000,22,28,0,0,28,28,595,0.9992
29623505,1769085768000,29,22,0,0,22,22,597,0.9976
29623506,1769085774000,23,29,0,0,29,29,597,0.998
29623507,1769085780000,32,23,0,0,23,23,597,0.998
29623508,1769085786000,24,32,0,0,32,32,596,0.9993
29623509,1769085792000,30,24,0,0,24,24,597,0.9984
29623510,1769085798000,21,30,0,0,30,30,597,0.9983
29623511,1769085804000,28,21,0,0,21,21,596,0.9996
29623512,1769085810000,22,28,0,0,28,28,596,0.9996
29623513,1769085816000,28,22,0,0,22,22,596,0.9995
29623514,1769085822000,25,28,0,0,28,28,597,0.998
29623515,1769085828000,31,25,0,0,25,25,597,0.9973
29623516,1769085834000,21,31,0,0,31,31,597,0.9981
29623517,1769085840000,31,21,0,0,21,21,597,0.9981
29623518,1769085846000,23,31,0,0,31,31,597,0.9972
29623519,1769085852000,31,23,0,0,23,23,597,0.9969
29623520,1769085858000,22,31,0,0,31,31,594,0.9946
29623521,1769085864000,29,22,0,0,22,22,597,0.9979
29623522,1769085870000,23,29,0,0,29,29,597,0.9973
29623523,1769085876000,29,23,0,0,23,23,597,0.9975
29623524,1769085882000,22,29,0,0,29,29,597,0.9966
29623525,1769085888000,28,22,0,0,22,22,597,0.9976
29623526,1769085894000,23,28,0,0,28,28,596,0.9992
29623527,1769085900000,27,23,0,0,23,23,596,0.999
29623528,1769085906000,21,27,0,0,27,27,597,0.9979
29623529,1769085912000,32,21,0,0,21,21,597,0.9984
29623530,1769085918000,22,32,0,0,32,32,596,0.9988
29623531,1769085924000,29,22,0,0,22,22,596,0.9999
29623532,1769085930000,18,29,0,0,29,29,594,0.9982
29623533,1769085936000,29,18,0,0,18,18,597,0.9969
29623534,1769085942000,23,29,0,0,29,29,597,0.9976
29623535,1769085948000,31,23,0,0,23,23,597,0.9967
29623536,1769085954000,22,31,0,0,31,31,597,0.997
29623537,1769085960000,27,22,0,0,22,22,597,0.9979
29623538,1769085966000,22,27,0,0,27,27,596,0.9986
29623539,1769085972000,29,22,0,0,22,22,597,0.9965
29623540,1769085978000,20,29,0,0,29,29,597,0.9971
29623541,1769085984000,30,20,0,0,20,20,597,0.997
29623542,1769085990000,19,30,0,0,30,30,597,0.9978
29623543,1769085996000,32,19,0,0,19,19,597,0.9969
29623544,1769086002000,18,32,0,0,32,32,597,0.9974
29623545,1769086008000,30,18,0,0,18,18,597,0.9967
29623546,1769086014000,19,30,0,0,30,30,597,0.9977
29623547,1769086020000,32,19,0,0,19,19,597,0.9969
29623548,1769086026000,20,32,0,0,32,32,597,0.9982
29623549,1769086032000,32,20,0,0,20,20,596,0.9994
29623550,1769086038000,19,32,0,0,32,32,597,0.998
29623551,1769086044000,32,19,0,0,19,19,597,0.9977
29623552,1769086050000,19,32,0,0,32,32,596,0.9991
29623553,1769086056000,28,19,0,0,19,19,595,0.998
29623554,1769086062000,20,28,0,0,28,28,597,0.9981
29623555,1769086068000,32,20,0,0,20,20,597,0.9985
29623556,1769086074000,23,32,0,0,32,32,597,0.9981
29623557,1769086080000,32,23,0,0,23,23,597,0.9985
29623558,1769086086000,22,32,0,0,32,32,597,0.9972
29623559,1769086092000,32,22,0,0,22,22,597,0.9973
29623560,1769086098000,21,32,0,0,32,32,597,0.9976
29623561,1769086104000,28,21,0,0,21,21,595,0.9982
29623562,1769086110000,20,28,0,0,28,28,597,0.9984
29623563,1769086116000,31,20,0,0,20,20,597,0.9975
29623564,1769086122000,20,31,0,0,31,31,597,0.9977
29623565,1769086128000,33,20,0,0,20,20,597,0.9976
29623566,1769086134000,20,33,0,0,33,33,597,0.9978
29623567,1769086140000,30,20,0,0,20,20,597,0.9977
29623568,1769086146000,20,30,0,0,30,30,597,0.998
29623569,1769086152000,30,20,0,0,20,20,597,0.9982
29623570,1769086158000,20,30,0,0,30,30,597,0.9977
29623571,1769086164000,31,20,0,0,20,20,597,0.9985
29623572,1769086170000,19,31,0,0,31,31,597,0.9977
29623573,1769086176000,29,19,0,0,19,19,597,0.9982
29623574,1769086182000,19,29,0,0,29,29,597,0.998
29623575,1769086188000,28,19,0,0,19,19,596,0.999
29623576,1769086194000,20,28,0,0,28,28,596,0.9993
29623577,1769086200000,30,20,0,0,20,20,597,0.9984
29623578,1769086206000,20,30,0,0,30,30,597,0.998
29623579,1769086212000,29,20,0,0,20,20,597,0.998
29623580,1769086218000,20,29,0,0,29,29,597,0.998
29623581,1769086224000,33,20,0,0,20,20,596,0.9994
29623582,1769086230000,18,33,0,0,33,33,596,0.998
29623583,1769086236000,35,18,0,0,18,18,596,0.9967
29623584,1769086242000,19,35,0,0,35,35,597,0.9979
29623585,1769086248000,34,19,0,0,19,19,596,0.9975
29623586,1769086254000,16,34,0,0,34,34,596,0.9995
29623587,1769086260000,31,16,0,0,16,16,596,0.999
29623588,1769086266000,16,31,0,0,31,31,596,0.9985
29623589,1769086272000,31,16,0,0,16,16,597,0.9977
29623590,1769086278000,17,31,0,0,31,31,597,0.9975
29623591,1769086284000,32,17,0,0,17,17,596,0.9993
29623592,1769086290000,19,32,0,0,32,32,597,0.9969
29623593,1769086296000,30,19,0,0,19,19,597,0.9984
29623594,1769086302000,19,30,0,0,30,30,597,0.9978
29623595,1769086308000,32,19,0,0,19,19,597,0.9986
29623596,1769086314000,19,32,0,0,32,32,597,0.9982
29623597,1769086320000,33,19,0,0,19,19,597,0.9986
29623598,1769086326000,20,33,0,0,33,33,597,0.998
29623599,1769086332000,34,20,0,0,20,20,597,0.9982
29623600,1769086338000,21,34,0,0,34,34,597,0.9979
29623601,1769086344000,32,21,0,0,21,21,597,0.9984
29623602,1769086350000,21,32,0,0,32,32,596,0.9979
29623603,1769086356000,33,21,0,0,21,21,597,0.9982
29623604,1769086362000,20,33,0,0,33,33,597,0.9971
29623605,1769086368000,33,20,0,0,20,20,596,0.9984
29623606,1769086374000,21,33,0,0,33,33,597,0.9978
29623607,1769086380000,29,21,0,0,21,21,597,0.9985
29623608,1769086386000,19,29,0,0,29,29,597,0.9977
29623609,1769086392000,27,19,0,0,19,19,596,0.9993
29623610,1769086398000,19,27,0,0,27,27,597,0.9976
29623611,1769086404000,27,19,0,0,19,19,597,0.9986
29623612,1769086410000,19,27,0,0,27,27,597,0.9983
29623613,1769086416000,30,19,0,0,19,19,597,0.9972
29623614,1769086422000,19,30,0,0,30,30,596,0.9981
29623615,1769086428000,29,19,0,0,19,19,596,0.9996
29623616,1769086434000,20,29,0,0,29,29,597,0.9984
29623617,1769086440000,31,20,0,0,20,20,597,0.9978
29623618,1769086446000,22,31,0,0,31,31,597,0.9978
29623619,1769086452000,33,22,0,0,22,22,597,0.9974
29623620,1769086458000,20,33,0,0,33,33,597,0.9982
29623621,1769086464000,32,20,0,0,20,20,596,0.9981
29623622,1769086470000,20,32,0,0,32,32,597,0.9982
29623623,1769086476000,31,20,0,0,20,20,596,0.9986
29623624,1769086482000,21,31,0,0,31,31,597,0.9978
29623625,1769086488000,33,21,0,0,21,21,597,0.9973
29623626,1769086494000,20,33,0,0,33,33,597,0.998
29623627,1769086500000,30,20,0,0,20,20,597,0.9983
29623628,1769086506000,20,30,0,0,30,30,597,0.9977
29623629,1769086512000,28,20,0,0,20,20,597,0.9986
29623630,1769086518000,20,28,0,0,28,28,597,0.9979
29623631,1769086524000,27,20,0,0,20,20,597,0.998
29623632,1769086530000,20,27,0,0,27,27,596,0.998
29623633,1769086536000,27,20,0,0,20,20,597,0.9982
29623634,1769086542000,22,27,0,0,27,27,597,0.9979
29623635,1769086548000,29,22,0,0,22,22,596,0.9995
29623636,1769086554000,23,29,0,0,29,29,597,0.998
29623637,1769086560000,26,23,0,0,23,23,597,0.9983
29623638,1769086566000,22,26,0,0,26,26,597,0.9985
29623639,1769086572000,30,22,0,0,22,22,597,0.998
29623640,1769086578000,23,30,0,0,30,30,597,0.9975
29623641,1769086584000,26,23,0,0,23,23,597,0.9977
29623642,1769086590000,21,26,0,0,26,26,597,0.9983
29623643,1769086596000,26,21,0,0,21,21,596,0.999
29623644,1769086602000,24,26,0,0,26,26,597,0.9969
29623645,1769086608000,27,24,0,0,24,24,596,0.998
29623646,1769086614000,25,27,0,0,27,27,596,0.9992
29623647,1769086620000,23,25,0,0,25,25,597,0.9975
29623648,1769086626000,25,23,0,0,23,23,594,0.9979
29623649,1769086632000,25,25,0,0,25,25,597,0.9979
29623650,1769086638000,25,25,0,0,25,25,596,0.9991
29623651,1769086644000,25,25,0,0,25,25,597,0.9982
29623652,1769086650000,27,25,0,0,25,25,597,0.9985
29623653,1769086656000,23,27,0,0,27,27,596,0.9995
29623654,1769086662000,27,23,0,0,23,23,597,0.9983
29623655,1769086668000,23,27,0,0,27,27,596,0.9984
29623656,1769086674000,28,23,0,0,23,23,596,0.9988
29623657,1769086680000,23,28,0,0,28,28,596,0.9992
29623658,1769086686000,30,23,0,0,23,23,597,0.9975
29623659,1769086692000,23,30,0,0,30,30,597,0.9982
29623660,1769086698000,26,23,0,0,23,23,597,0.9977
29623661,1769086704000,20,26,0,0,26,26,597,0.9972
29623662,1769086710000,28,20,0,0,20,20,595,0.9971
29623663,1769086716000,22,28,0,0,28,28,597,0.9965
29623664,1769086722000,25,22,0,0,22,22,597,0.998
29623665,1769086728000,23,25,0,0,25,25,596,0.999
29623666,1769086734000,28,23,0,0,23,23,597,0.9981
29623667,1769086740000,1,28,0,0,28,28,597,0.9979
29623668,1769086746000,35,1,0,0,1,1,597,0.9983
29623669,1769086752000,20,35,0,0,35,35,597,0.9986
29623670,1769086758000,33,20,0,0,20,20,597,0.9986
29623671,1769086764000,20,33,0,0,33,33,597,0.9973
29623672,1769086770000,34,20,0,0,20,20,597,0.9982
29623673,1769086776000,22,34,0,0,34,34,596,0.999
29623674,1769086782000,30,22,0,0,22,22,596,0.9994
29623675,1769086788000,24,30,0,0,30,30,597,0.998
29623676,1769086794000,28,24,0,0,24,24,597,0.9982
29623677,1769086800000,27,28,0,0,28,28,597,0.9986
29623678,1769086806000,26,27,0,0,27,27,596,0.9992
29623679,1769086812000,26,26,0,0,26,26,596,0.9974
29623680,1769086818000,26,26,0,0,26,26,597,0.9972
29623681,1769086824000,24,26,0,0,26,26,597,0.9981
29623682,1769086830000,24,24,0,0,24,24,596,0.9993
29623683,1769086836000,26,24,0,0,24,24,596,0.9993
29623684,1769086842000,26,26,0,0,26,26,597,0.9979
29623685,1769086848000,27,26,0,0,26,26,597,0.9979
29623686,1769086854000,27,27,0,0,27,27,597,0.9981
29623687,1769086860000,26,27,0,0,27,27,597,0.9981
29623688,1769086866000,27,26,0,0,26,26,597,0.9977
29623689,1769086872000,26,27,0,0,27,27,597,0.9987
29623690,1769086878000,24,26,0,0,26,26,597,0.9988
29623691,1769086884000,22,24,0,0,24,24,597,0.9979
29623692,1769086890000,26,22,0,0,22,22,597,0.9988
29623693,1769086896000,27,26,0,0,26,26,597,0.9986
29623694,1769086902000,26,27,0,0,27,27,597,0.998
29623695,1769086908000,26,26,0,0,26,26,595,0.9983
29623696,1769086914000,25,26,0,0,26,26,597,0.9984
29623697,1769086920000,27,25,0,0,25,25,597,0.9981
29623698,1769086926000,27,27,0,0,27,27,597,0.9964
29623699,1769086932000,24,27,0,0,27,27,596,0.9988
29623700,1769086938000,24,24,0,0,24,24,596,0.9996
29623701,1769086944000,29,24,0,0,24,24,597,0.9983
29623702,1769086950000,24,29,0,0,29,29,596,0.9996
29623703,1769086956000,28,24,0,0,24,24,596,0.9996
29623704,1769086962000,25,28,0,0,28,28,596,0.9998
29623705,1769086968000,24,25,0,0,25,25,596,0.9993
29623706,1769086974000,25,24,0,0,24,24,596,0.9992
29623707,1769086980000,27,25,0,0,25,25,595,0.999
29623708,1769086986000,25,27,0,0,27,27,596,0.9991
29623709,1769086992000,24,25,0,0,25,25,597,0.9974
29623710,1769086998000,25,24,0,0,24,24,597,0.9977
29623711,1769087004000,23,25,0,0,25,25,594,0.9989
29623712,1769087010000,26,23,0,0,23,23,596,0.9994
29623713,1769087016000,26,26,0,0,26,26,596,0.9988
29623714,1769087022000,28,26,0,0,26,26,597,0.9984
29623715,1769087028000,26,28,0,0,28,28,596,0.9993
29623716,1769087034000,26,26,0,0,26,26,597,0.9981
29623717,1769087040000,22,26,0,0,26,26,596,0.9992
29623718,1769087046000,24,22,0,0,22,22,588,0.9988
29623719,1769087052000,22,24,0,0,24,24,592,0.9985
29623720,1769087058000,24,22,0,0,22,22,597,0.998
29623721,1769087064000,27,24,0,0,24,24,597,0.997
29623722,1769087070000,26,27,0,0,27,27,596,0.9984
29623723,1769087076000,27,26,0,0,26,26,595,0.999
29623724,1769087082000,25,27,0,0,27,27,596,0.9989
29623725,1769087088000,27,25,0,0,25,25,597,0.9981
29623726,1769087094000,25,27,0,0,27,27,597,0.9981
29623727,1769087100000,28,25,0,0,25,25,596,0.9991
29623728,1769087106000,25,28,0,0,28,28,596,0.999
29623729,1769087112000,27,25,0,0,25,25,596,0.9997
29623730,1769087118000,25,27,0,0,27,27,597,0.9983
29623731,1769087124000,29,25,0,0,25,25,596,0.9983
29623732,1769087130000,26,29,0,0,29,29,597,0.9983
29623733,1769087136000,28,26,0,0,26,26,596,0.9995
29623734,1769087142000,26,28,0,0,28,28,596,0.9998
29623735,1769087148000,26,26,0,0,26,26,597,0.9986
29623736,1769087154000,28,26,0,0,26,26,597,0.9981
29623737,1769087160000,27,28,0,0,28,28,596,0.9981
29623738,1769087166000,24,27,0,0,27,27,597,0.9986
29623739,1769087172000,28,24,0,0,24,24,597,0.9979
29623740,1769087178000,22,28,0,0,28,28,597,0.9983
29623741,1769087184000,27,22,0,0,22,22,597,0.9982
29623742,1769087190000,21,27,0,0,27,27,597,0.9986
29623743,1769087196000,28,21,0,0,21,21,597,0.998
29623744,1769087202000,22,28,0,0,28,28,597,0.9983
29623745,1769087208000,24,22,0,0,22,22,597,0.9986
29623746,1769087214000,24,24,0,0,24,24,597,0.9971
29623747,1769087220000,26,24,0,0,24,24,597,0.9973
29623748,1769087226000,24,26,0,0,26,26,596,0.9974
29623749,1769087232000,27,24,0,0,24,24,597,0.9978
29623750,1769087238000,22,27,0,0,27,27,596,0.9994
29623751,1769087244000,27,22,0,0,22,22,596,0.9994
29623752,1769087250000,22,27,0,0,27,27,596,0.9994
29623753,1769087256000,26,22,0,0,22,22,597,0.9984
29623754,1769087262000,23,26,0,0,26,26,596,0.9976
29623755,1769087268000,28,23,0,0,23,23,596,0.9993
29623756,1769087274000,24,28,0,0,28,28,596,0.9991
29623757,1769087280000,29,24,0,0,24,24,597,0.9985
29623758,1769087286000,24,29,0,0,29,29,596,0.9995
29623759,1769087292000,27,24,0,0,24,24,597,0.9978
29623760,1769087298000,23,27,0,0,27,27,596,0.9995
29623761,1769087304000,28,23,0,0,23,23,597,0.9976
29623762,1769087310000,25,28,0,0,28,28,597,0.998
29623763,1769087316000,27,25,0,0,25,25,597,0.9984
29623764,1769087322000,24,27,0,0,27,27,597,0.9986
29623765,1769087328000,26,24,0,0,24,24,594,0.9966
29623766,1769087334000,26,26,0,0,26,26,597,0.9981
29623767,1769087340000,28,26,0,0,26,26,597,0.9979
29623768,1769087346000,26,28,0,0,28,28,596,0.9962
29623769,1769087352000,28,26,0,0,26,26,596,0.9989
29623770,1769087358000,24,28,0,0,28,28,596,0.9983
29623771,1769087364000,28,24,0,0,24,24,597,0.9984
29623772,1769087370000,24,28,0,0,28,28,597,0.998
29623773,1769087376000,30,24,0,0,24,24,597,0.998
29623774,1769087382000,25,30,0,0,30,30,597,0.9981
29623775,1769087388000,28,25,0,0,25,25,597,0.9981
29623776,1769087394000,23,28,0,0,28,28,597,0.9983
29623777,1769087400000,29,23,0,0,23,23,597,0.9985
29623778,1769087406000,24,29,0,0,29,29,597,0.9985
29623779,1769087412000,26,24,0,0,24,24,597,0.9981
29623780,1769087418000,24,26,0,0,26,26,596,0.9994
29623781,1769087424000,28,24,0,0,24,24,597,0.9985
29623782,1769087430000,24,28,0,0,28,28,597,0.9984
29623783,1769087436000,30,24,0,0,24,24,597,0.9971
29623784,1769087442000,24,30,0,0,30,30,597,0.9978
29623785,1769087448000,28,24,0,0,24,24,596,0.9986
29623786,1769087454000,24,28,0,0,28,28,597,0.9975
29623787,1769087460000,30,24,0,0,24,24,597,0.9985
29623788,1769087466000,24,30,0,0,30,30,597,0.998
29623789,1769087472000,27,24,0,0,24,24,597,0.9983
29623790,1769087478000,24,27,0,0,27,27,597,0.9983
29623791,1769087484000,27,24,0,0,24,24,597,0.9976
29623792,1769087490000,25,27,0,0,27,27,597,0.998
29623793,1769087496000,28,25,0,0,25,25,593,0.9976
29623794,1769087502000,25,28,0,0,28,28,597,0.9984
29623795,1769087508000,28,25,0,0,25,25,597,0.9974
29623796,1769087514000,23,28,0,0,28,28,597,0.9983
29623797,1769087520000,25,23,0,0,23,23,596,0.9994
29623798,1769087526000,22,25,0,0,25,25,596,0.9984
29623799,1769087532000,25,22,0,0,22,22,597,0.9978
29623800,1769087538000,22,25,0,0,25,25,596,0.9993
29623801,1769087544000,25,22,0,0,22,22,597,0.9986
29623802,1769087550000,21,25,0,0,25,25,596,0.9995
29623803,1769087556000,29,21,0,0,21,21,596,0.9997
29623804,1769087562000,20,29,0,0,29,29,596,0.9994
29623805,1769087568000,28,20,0,0,20,20,595,0.9997
29623806,1769087574000,20,28,0,0,28,28,597,0.9983
29623807,1769087580000,25,20,0,0,20,20,597,0.998
29623808,1769087586000,21,25,0,0,25,25,597,0.9984
29623809,1769087592000,28,21,0,0,21,21,597,0.9984
29623810,1769087598000,21,28,0,0,28,28,597,0.9984
29623811,1769087604000,28,21,0,0,21,21,597,0.9983
29623812,1769087610000,23,28,0,0,28,28,597,0.9982
29623813,1769087616000,30,23,0,0,23,23,597,0.9982
29623814,1769087622000,23,30,0,0,30,30,597,0.9984
29623815,1769087628000,29,23,0,0,23,23,597,0.9983
29623816,1769087634000,25,29,0,0,29,29,597,0.9978
29623817,1769087640000,29,25,0,0,25,25,597,0.9984
29623818,1769087646000,23,29,0,0,29,29,596,0.9994
29623819,1769087652000,26,23,0,0,23,23,597,0.9985
29623820,1769087658000,21,26,0,0,26,26,597,0.9984
29623821,1769087664000,28,21,0,0,21,21,597,0.9982
29623822,1769087670000,21,28,0,0,28,28,597,0.9983
29623823,1769087676000,27,21,0,0,21,21,597,0.9982
29623824,1769087682000,20,27,0,0,27,27,595,0.9983
29623825,1769087688000,28,20,0,0,20,20,597,0.9987
29623826,1769087694000,23,28,0,0,28,28,597,0.9967
29623827,1769087700000,28,23,0,0,23,23,597,0.9973
29623828,1769087706000,21,28,0,0,28,28,597,0.9981
29623829,1769087712000,28,21,0,0,21,21,597,0.9984
29623830,1769087718000,22,28,0,0,28,28,597,0.9983
29623831,1769087724000,24,22,0,0,22,22,597,0.9979
29623832,1769087730000,28,24,0,0,24,24,597,0.9984
29623833,1769087736000,23,28,0,0,28,28,597,0.9986
29623834,1769087742000,29,23,0,0,23,23,597,0.9981
29623835,1769087748000,26,29,0,0,29,29,597,0.9984
29623836,1769087754000,27,26,0,0,26,26,597,0.9986
29623837,1769087760000,22,27,0,0,27,27,597,0.9984
29623838,1769087766000,25,22,0,0,22,22,596,0.9995
29623839,1769087772000,24,25,0,0,25,25,597,0.9988
29623840,1769087778000,27,24,0,0,24,24,597,0.9983
29623841,1769087784000,22,27,0,0,27,27,596,0.9995
29623842,1769087790000,28,22,0,0,22,22,596,0.9988
29623843,1769087796000,23,28,0,0,28,28,597,0.9983
29623844,1769087802000,29,23,0,0,23,23,597,0.9988
29623845,1769087808000,23,29,0,0,29,29,597,0.9988
29623846,1769087814000,30,23,0,0,23,23,597,0.9984
29623847,1769087820000,22,30,0,0,30,30,595,0.9986
29623848,1769087826000,30,22,0,0,22,22,597,0.9978
29623849,1769087832000,23,30,0,0,30,30,597,0.9988
29623850,1769087838000,29,23,0,0,23,23,597,0.9985
29623851,1769087844000,24,29,0,0,29,29,597,0.9986
29623852,1769087850000,30,24,0,0,24,24,597,0.9985
29623853,1769087856000,23,30,0,0,30,30,597,0.9966
29623854,1769087862000,29,23,0,0,23,23,597,0.9988
29623855,1769087868000,23,29,0,0,29,29,597,0.9984
29623856,1769087874000,29,23,0,0,23,23,597,0.9977
29623857,1769087880000,24,29,0,0,29,29,597,0.997
29623858,1769087886000,26,24,0,0,24,24,595,0.998
29623859,1769087892000,23,26,0,0,26,26,595,0.9993
29623860,1769087898000,28,23,0,0,23,23,597,0.9982
29623861,1769087904000,24,28,0,0,28,28,597,0.9977
29623862,1769087910000,28,24,0,0,24,24,597,0.9977
29623863,1769087916000,25,28,0,0,28,28,596,0.9993
29623864,1769087922000,26,25,0,0,25,25,596,0.9995
29623865,1769087928000,25,26,0,0,26,26,596,0.9977
29623866,1769087934000,28,25,0,0,25,25,597,0.9973
29623867,1769087940000,24,28,0,0,28,28,597,0.9971
29623868,1769087946000,28,24,0,0,24,24,597,0.9985
29623869,1769087952000,24,28,0,0,28,28,596,0.9989
29623870,1769087958000,25,24,0,0,24,24,596,0.9994
29623871,1769087964000,25,25,0,0,25,25,597,0.9983
29623872,1769087970000,27,25,0,0,25,25,594,0.999
29623873,1769087976000,23,27,0,0,27,27,596,0.9975
29623874,1769087982000,25,23,0,0,23,23,597,0.9972
29623875,1769087988000,25,25,0,0,25,25,596,0.9993
29623876,1769087994000,24,25,0,0,25,25,597,0.9987
29623877,1769088000000,25,24,0,0,24,24,596,0.9998
29623878,1769088006000,25,25,0,0,25,25,596,0.9986
29623879,1769088012000,24,25,0,0,25,25,597,0.998
29623880,1769088018000,24,24,0,0,24,24,597,0.9973
29623881,1769088024000,22,24,0,0,24,24,597,0.9983
29623882,1769088030000,29,22,0,0,22,22,597,0.9978
29623883,1769088036000,27,29,0,0,29,29,597,0.9971
29623884,1769088042000,27,27,0,0,27,27,596,0.9989
29623885,1769088048000,23,27,0,0,27,27,597,0.9983
29623886,1769088054000,24,23,0,0,23,23,597,0.9979
29623887,1769088060000,23,24,0,0,24,24,597,0.9963
29623888,1769088066000,23,23,0,0,23,23,596,0.9991
29623889,1769088072000,25,23,0,0,23,23,597,0.9971
29623890,1769088078000,24,25,0,0,25,25,597,0.9977
29623891,1769088084000,24,24,0,0,24,24,597,0.9978
29623892,1769088090000,26,24,0,0,24,24,597,0.9978
29623893,1769088096000,20,26,0,0,26,26,594,0.9981
29623894,1769088102000,24,20,0,0,20,20,597,0.9974
29623895,1769088108000,22,24,0,0,24,24,596,0.9994
29623896,1769088114000,24,22,0,0,22,22,597,0.9983
29623897,1769088120000,22,24,0,0,24,24,597,0.9983
29623898,1769088126000,28,22,0,0,22,22,597,0.9981
29623899,1769088132000,25,28,0,0,28,28,597,0.9981
29623900,1769088138000,28,25,0,0,25,25,597,0.9987
29623901,1769088144000,23,28,0,0,28,28,597,0.9981
29623902,1769088150000,29,23,0,0,23,23,597,0.9984
29623903,1769088156000,25,29,0,0,29,29,597,0.998
29623904,1769088162000,27,25,0,0,25,25,596,0.9978
29623905,1769088168000,23,27,0,0,27,27,597,0.998
29623906,1769088174000,28,23,0,0,23,23,596,0.9995
29623907,1769088180000,22,28,0,0,28,28,596,0.999
29623908,1769088186000,26,22,0,0,22,22,597,0.9983
29623909,1769088192000,23,26,0,0,26,26,597,0.9983
29623910,1769088198000,27,23,0,0,23,23,597,0.998
29623911,1769088204000,23,27,0,0,27,27,596,0.9993
29623912,1769088210000,30,23,0,0,23,23,596,0.9996
29623913,1769088216000,21,30,0,0,30,30,596,0.9979
29623914,1769088222000,29,21,0,0,21,21,596,0.9994
29623915,1769088228000,24,29,0,0,29,29,596,0.9991
29623916,1769088234000,30,24,0,0,24,24,597,0.998
29623917,1769088240000,24,30,0,0,30,30,597,0.9977
29623918,1769088246000,30,24,0,0,24,24,596,0.9992
29623919,1769088252000,24,30,0,0,30,30,597,0.998
29623920,1769088258000,29,24,0,0,24,24,597,0.998
29623921,1769088264000,21,29,0,0,29,29,597,0.9979
29623922,1769088270000,29,21,0,0,21,21,596,0.9975
29623923,1769088276000,22,29,0,0,29,29,597,0.9982
29623924,1769088282000,26,22,0,0,22,22,596,0.9996
29623925,1769088288000,25,26,0,0,26,26,597,0.9983
29623926,1769088294000,28,25,0,0,25,25,597,0.9979
29623927,1769088300000,22,28,0,0,28,28,597,0.9977
29623928,1769088306000,24,22,0,0,22,22,596,0.9995
29623929,1769088312000,22,24,0,0,24,24,597,0.998
29623930,1769088318000,26,22,0,0,22,22,597,0.9986
29623931,1769088324000,22,26,0,0,26,26,597,0.9974
29623932,1769088330000,25,22,0,0,22,22,597,0.9982
29623933,1769088336000,23,25,0,0,25,25,597,0.9978
29623934,1769088342000,24,23,0,0,23,23,597,0.9981
29623935,1769088348000,22,24,0,0,24,24,596,0.998
29623936,1769088354000,27,22,0,0,22,22,596,0.9998
29623937,1769088360000,22,27,0,0,27,27,597,0.9984
29623938,1769088366000,27,22,0,0,22,22,595,0.9973
29623939,1769088372000,25,27,0,0,27,27,597,0.9981
29623940,1769088378000,29,25,0,0,25,25,597,0.9979
29623941,1769088384000,22,29,0,0,29,29,597,0.9987
29623942,1769088390000,27,22,0,0,22,22,597,0.9986
29623943,1769088396000,22,27,0,0,27,27,596,0.9982
29623944,1769088402000,30,22,0,0,22,22,597,0.9986
29623945,1769088408000,22,30,0,0,30,30,597,0.9988
29623946,1769088414000,32,22,0,0,22,22,597,0.9987
29623947,1769088420000,21,32,0,0,32,32,597,0.9984
29623948,1769088426000,30,21,0,0,21,21,597,0.9989
29623949,1769088432000,19,30,0,0,30,30,597,0.9987
29623950,1769088438000,29,19,0,0,19,19,597,0.9986
29623951,1769088444000,20,29,0,0,29,29,597,0.9983
29623952,1769088450000,31,20,0,0,20,20,596,0.9998
29623953,1769088456000,20,31,0,0,31,31,597,0.9984
29623954,1769088462000,31,20,0,0,20,20,597,0.9987
29623955,1769088468000,20,31,0,0,31,31,596,0.9994
29623956,1769088474000,28,20,0,0,20,20,597,0.9974
29623957,1769088480000,19,28,0,0,28,28,597,0.9987
29623958,1769088486000,29,19,0,0,19,19,597,0.9981
29623959,1769088492000,22,29,0,0,29,29,597,0.9982
29623960,1769088498000,31,22,0,0,22,22,596,0.9996
29623961,1769088504000,19,31,0,0,31,31,596,0.9995
29623962,1769088510000,30,19,0,0,19,19,596,0.9996
29623963,1769088516000,21,30,0,0,30,30,597,0.9985
29623964,1769088522000,29,21,0,0,21,21,596,0.9994
29623965,1769088528000,22,29,0,0,29,29,597,0.9986
29623966,1769088534000,31,22,0,0,22,22,597,0.9986
29623967,1769088540000,20,31,0,0,31,31,597,0.9985
29623968,1769088546000,27,20,0,0,20,20,596,0.9993
29623969,1769088552000,20,27,0,0,27,27,596,0.9995
29623970,1769088558000,29,20,0,0,20,20,597,0.9989
29623971,1769088564000,21,29,0,0,29,29,597,0.999
29623972,1769088570000,30,21,0,0,21,21,597,0.9993
29623973,1769088576000,19,30,0,0,30,30,597,0.9987
29623974,1769088582000,29,19,0,0,19,19,597,0.9987
29623975,1769088588000,20,29,0,0,29,29,597,0.9988
29623976,1769088594000,32,20,0,0,20,20,597,0.9987
29623977,1769088600000,19,32,0,0,32,32,596,0.9984
29623978,1769088606000,30,19,0,0,19,19,597,0.9985
29623979,1769088612000,21,30,0,0,30,30,597,0.9987
29623980,1769088618000,30,21,0,0,21,21,597,0.9986
29623981,1769088624000,19,30,0,0,30,30,597,0.9986
29623982,1769088630000,33,19,0,0,19,19,597,0.9981
29623983,1769088636000,20,33,0,0,33,33,597,0.9981
29623984,1769088642000,31,20,0,0,20,20,597,0.9983
29623985,1769088648000,21,31,0,0,31,31,597,0.9985
29623986,1769088654000,31,21,0,0,21,21,597,0.998
29623987,1769088660000,20,31,0,0,31,31,597,0.9986
29623988,1769088666000,33,20,0,0,20,20,597,0.9989
29623989,1769088672000,20,33,0,0,33,33,597,0.9984
29623990,1769088678000,32,20,0,0,20,20,597,0.9987
29623991,1769088684000,21,32,0,0,32,32,597,0.9985
29623992,1769088690000,33,21,0,0,21,21,597,0.9989
29623993,1769088696000,20,33,0,0,33,33,596,0.9994
29623994,1769088702000,35,20,0,0,20,20,595,0.9987
29623995,1769088708000,21,35,0,0,35,35,597,0.9983
29623996,1769088714000,34,21,0,0,21,21,597,0.9989
29623997,1769088720000,20,34,0,0,34,34,597,0.9987
29623998,1769088726000,29,20,0,0,20,20,597,0.9985
29623999,1769088732000,22,29,0,0,29,29,597,0.9979
29624000,1769088738000,32,22,0,0,22,22,597,0.998
29624001,1769088744000,22,32,0,0,32,32,597,0.9986
29624002,1769088750000,32,22,0,0,22,22,597,0.9986
29624003,1769088756000,23,32,0,0,32,32,597,0.9986
29624004,1769088762000,31,23,0,0,23,23,597,0.9984
29624005,1769088768000,21,31,0,0,31,31,597,0.9981
29624006,1769088774000,31,21,0,0,21,21,596,0.9996
29624007,1769088780000,22,31,0,0,31,31,596,0.9998
29624008,1769088786000,32,22,0,0,22,22,596,0.9995
29624009,1769088792000,20,32,0,0,32,32,596,0.9993
29624010,1769088798000,29,20,0,0,20,20,597,0.9984
29624011,1769088804000,21,29,0,0,29,29,597,0.9986
29624012,1769088810000,28,21,0,0,21,21,596,0.9981
29624013,1769088816000,18,28,0,0,28,28,597,0.9986
29624014,1769088822000,31,18,0,0,18,18,596,0.9996
29624015,1769088828000,19,31,0,0,31,31,596,0.9993
29624016,1769088834000,30,19,0,0,19,19,596,0.9996
29624017,1769088840000,21,30,0,0,30,30,597,0.9988
29624018,1769088846000,31,21,0,0,21,21,596,0.9989
29624019,1769088852000,20,31,0,0,31,31,597,0.9983
29624020,1769088858000,33,20,0,0,20,20,596,0.9996
29624021,1769088864000,21,33,0,0,33,33,596,0.9986
29624022,1769088870000,30,21,0,0,21,21,596,0.9992
29624023,1769088876000,21,30,0,0,30,30,596,0.9995
29624024,1769088882000,32,21,0,0,21,21,596,0.9993
29624025,1769088888000,23,32,0,0,32,32,596,0.9996
29624026,1769088894000,30,23,0,0,23,23,596,0.9998
29624027,1769088900000,20,30,0,0,30,30,597,0.9978
29624028,1769088906000,29,20,0,0,20,20,597,0.9984
29624029,1769088912000,20,29,0,0,29,29,597,0.9981
29624030,1769088918000,28,20,0,0,20,20,597,0.9989
29624031,1769088924000,19,28,0,0,28,28,597,0.9984
29624032,1769088930000,29,19,0,0,19,19,597,0.9981
29624033,1769088936000,22,29,0,0,29,29,596,0.9979
29624034,1769088942000,29,22,0,0,22,22,597,0.9985
29624035,1769088948000,21,29,0,0,29,29,597,0.9986
29624036,1769088954000,30,21,0,0,21,21,597,0.9986
29624037,1769088960000,23,30,0,0,30,30,597,0.9985
29624038,1769088966000,31,23,0,0,23,23,596,0.9994
29624039,1769088972000,20,31,0,0,31,31,596,0.9993
29624040,1769088978000,26,20,0,0,20,20,597,0.9978
29624041,1769088984000,20,26,0,0,26,26,597,0.9977
29624042,1769088990000,30,20,0,0,20,20,597,0.9977
29624043,1769088996000,21,30,0,0,30,30,597,0.9982
29624044,1769089002000,32,21,0,0,21,21,597,0.9977
29624045,1769089008000,21,32,0,0,32,32,597,0.9984
29624046,1769089014000,28,21,0,0,21,21,597,0.9979
29624047,1769089020000,19,28,0,0,28,28,597,0.9981
29624048,1769089026000,29,19,0,0,19,19,597,0.9978
29624049,1769089032000,20,29,0,0,29,29,597,0.9977
29624050,1769089038000,33,20,0,0,20,20,596,0.9981
29624051,1769089044000,21,33,0,0,33,33,597,0.9982
29624052,1769089050000,30,21,0,0,21,21,597,0.9986
29624053,1769089056000,20,30,0,0,30,30,597,0.998
29624054,1769089062000,31,20,0,0,20,20,597,0.9984
29624055,1769089068000,21,31,0,0,31,31,597,0.9986
29624056,1769089074000,32,21,0,0,21,21,597,0.997
29624057,1769089080000,21,32,0,0,32,32,597,0.9983
29624058,1769089086000,31,21,0,0,21,21,597,0.9986
29624059,1769089092000,20,31,0,0,31,31,596,0.9996
29624060,1769089098000,31,20,0,0,20,20,596,0.9992
29624061,1769089104000,20,31,0,0,31,31,597,0.9984
29624062,1769089110000,33,20,0,0,20,20,597,0.998
29624063,1769089116000,21,33,0,0,33,33,596,0.9989
29624064,1769089122000,29,21,0,0,21,21,596,0.9995
29624065,1769089128000,22,29,0,0,29,29,594,0.9983
29624066,1769089134000,31,22,0,0,22,22,596,0.9997
29624067,1769089140000,20,31,0,0,31,31,596,0.9996
29624068,1769089146000,30,20,0,0,20,20,596,0.9994
29624069,1769089152000,21,30,0,0,30,30,596,0.9996
29624070,1769089158000,28,21,0,0,21,21,596,0.9994
29624071,1769089164000,22,28,0,0,28,28,596,0.9996
29624072,1769089170000,32,22,0,0,22,22,596,0.9996
29624073,1769089176000,21,32,0,0,32,32,596,0.9986
29624074,1769089182000,30,21,0,0,21,21,597,0.9989
29624075,1769089188000,21,30,0,0,30,30,597,0.9987
29624076,1769089194000,31,21,0,0,21,21,596,0.9989
29624077,1769089200000,22,31,0,0,31,31,596,0.9989
29624078,1769089206000,31,22,0,0,22,22,596,0.9986
29624079,1769089212000,21,31,0,0,31,31,596,0.999
29624080,1769089218000,30,21,0,0,21,21,596,0.9992
29624081,1769089224000,21,30,0,0,30,30,596,0.9993
29624082,1769089230000,31,21,0,0,21,21,596,0.9987
29624083,1769089236000,21,31,0,0,31,31,597,0.9979
29624084,1769089242000,32,21,0,0,21,21,597,0.9978
29624085,1769089248000,21,32,0,0,32,32,596,0.9981
29624086,1769089254000,33,21,0,0,21,21,597,0.9982
29624087,1769089260000,19,33,0,0,33,33,597,0.9974
29624088,1769089266000,29,19,0,0,19,19,597,0.9984
29624089,1769089272000,21,29,0,0,29,29,596,0.9997
29624090,1769089278000,32,21,0,0,21,21,596,0.9998
29624091,1769089284000,21,32,0,0,32,32,596,0.9995
29624092,1769089290000,32,21,0,0,21,21,597,0.9987
29624093,1769089296000,21,32,0,0,32,32,596,0.9991
29624094,1769089302000,32,21,0,0,21,21,597,0.9982
29624095,1769089308000,21,32,0,0,32,32,597,0.9986
29624096,1769089314000,29,21,0,0,21,21,596,0.9994
29624097,1769089320000,20,29,0,0,29,29,597,0.9982
29624098,1769089326000,29,20,0,0,20,20,597,0.9976
29624099,1769089332000,20,29,0,0,29,29,596,0.9993
29624100,1769089338000,30,20,0,0,20,20,597,0.9984
29624101,1769089344000,20,30,0,0,30,30,597,0.9982
29624102,1769089350000,29,20,0,0,20,20,597,0.9982
29624103,1769089356000,19,29,0,0,29,29,596,0.9988
29624104,1769089362000,30,19,0,0,19,19,597,0.9985
29624105,1769089368000,20,30,0,0,30,30,597,0.9979
29624106,1769089374000,30,20,0,0,20,20,597,0.9983
29624107,1769089380000,20,30,0,0,30,30,595,0.9998
29624108,1769089386000,31,20,0,0,20,20,597,0.9977
29624109,1769089392000,19,31,0,0,31,31,597,0.9981
29624110,1769089398000,29,19,0,0,19,19,597,0.9981
29624111,1769089404000,20,29,0,0,29,29,597,0.9982
29624112,1769089410000,30,20,0,0,20,20,597,0.9985
29624113,1769089416000,22,30,0,0,30,30,596,0.9985
29624114,1769089422000,31,22,0,0,22,22,597,0.9969
29624115,1769089428000,22,31,0,0,31,31,597,0.9977
29624116,1769089434000,33,22,0,0,22,22,596,0.9995
29624117,1769089440000,21,33,0,0,33,33,595,0.9984
29624118,1769089446000,30,21,0,0,21,21,596,0.9994
29624119,1769089452000,27,30,0,0,30,30,596,0.9994
29624120,1769089458000,28,27,0,0,27,27,596,0.9996
29624121,1769089464000,28,28,0,0,28,28,597,0.9983
29624122,1769089470000,26,28,0,0,28,28,597,0.9986
29624123,1769089476000,23,26,0,0,26,26,597,0.9987
29624124,1769089482000,23,23,0,0,23,23,597,0.9975
29624125,1769089488000,24,23,0,0,23,23,597,0.9983
29624126,1769089494000,25,24,0,0,24,24,597,0.9982
29624127,1769089500000,23,25,0,0,25,25,597,0.9958
29624128,1769089506000,27,23,0,0,23,23,595,0.9979
29624129,1769089512000,24,27,0,0,27,27,597,0.9976
29624130,1769089518000,26,24,0,0,24,24,597,0.998
29624131,1769089524000,26,26,0,0,26,26,597,0.9976
29624132,1769089530000,29,26,0,0,26,26,596,0.9984
29624133,1769089536000,24,29,0,0,29,29,597,0.9984
29624134,1769089542000,29,24,0,0,24,24,597,0.9982
29624135,1769089548000,21,29,0,0,29,29,597,0.998
29624136,1769089554000,28,21,0,0,21,21,597,0.998
29624137,1769089560000,19,28,0,0,28,28,597,0.9983
29624138,1769089566000,32,19,0,0,19,19,597,0.9977
29624139,1769089572000,21,32,0,0,32,32,597,0.9977
29624140,1769089578000,31,21,0,0,21,21,597,0.9969
29624141,1769089584000,21,31,0,0,31,31,597,0.9978
29624142,1769089590000,32,21,0,0,21,21,597,0.9974
29624143,1769089596000,22,32,0,0,32,32,596,0.999
29624144,1769089602000,32,22,0,0,22,22,597,0.9979
29624145,1769089608000,20,32,0,0,32,32,597,0.9977
29624146,1769089614000,31,20,0,0,20,20,597,0.9972
29624147,1769089620000,21,31,0,0,31,31,597,0.9983
29624148,1769089626000,33,21,0,0,21,21,597,0.9985
29624149,1769089632000,22,33,0,0,33,33,597,0.9986
29624150,1769089638000,33,22,0,0,22,22,597,0.9983
29624151,1769089644000,22,33,0,0,33,33,597,0.9982
29624152,1769089650000,33,22,0,0,22,22,597,0.9975
29624153,1769089656000,19,33,0,0,33,33,597,0.9971
29624154,1769089662000,33,19,0,0,19,19,596,0.9989
29624155,1769089668000,22,33,0,0,33,33,597,0.9986
29624156,1769089674000,30,22,0,0,22,22,597,0.9978
29624157,1769089680000,22,30,0,0,30,30,597,0.9984
29624158,1769089686000,30,22,0,0,22,22,597,0.9978
29624159,1769089692000,20,30,0,0,30,30,597,0.9979
29624160,1769089698000,34,20,0,0,20,20,597,0.9979
29624161,1769089704000,21,34,0,0,34,34,597,0.9979
29624162,1769089710000,32,21,0,0,21,21,597,0.9981
29624163,1769089716000,22,32,0,0,32,32,596,0.9984
29624164,1769089722000,30,22,0,0,22,22,597,0.9982
29624165,1769089728000,20,30,0,0,30,30,597,0.998
29624166,1769089734000,32,20,0,0,20,20,597,0.9982
29624167,1769089740000,20,32,0,0,32,32,597,0.998
29624168,1769089746000,31,20,0,0,20,20,597,0.9976
29624169,1769089752000,22,31,0,0,31,31,597,0.9981
29624170,1769089758000,31,22,0,0,22,22,597,0.9979
29624171,1769089764000,19,31,0,0,31,31,597,0.9981
29624172,1769089770000,30,19,0,0,19,19,597,0.9981
29624173,1769089776000,21,30,0,0,30,30,597,0.9981
29624174,1769089782000,33,21,0,0,21,21,597,0.9975
29624175,1769089788000,23,33,0,0,33,33,597,0.9982
29624176,1769089794000,31,23,0,0,23,23,597,0.9977
29624177,1769089800000,20,31,0,0,31,31,597,0.9979
29624178,1769089806000,32,20,0,0,20,20,597,0.9983
29624179,1769089812000,19,32,0,0,32,32,597,0.9966
29624180,1769089818000,32,19,0,0,19,19,597,0.9961
29624181,1769089824000,21,32,0,0,32,32,597,0.9979
29624182,1769089830000,23,21,0,0,21,21,597,0.997
29624183,1769089836000,28,23,0,0,23,23,597,0.998
29624184,1769089842000,25,28,0,0,28,28,597,0.9975
29624185,1769089848000,27,25,0,0,25,25,597,0.9979
29624186,1769089854000,26,27,0,0,27,27,597,0.9963
29624187,1769089860000,25,26,0,0,26,26,597,0.9968
29624188,1769089866000,24,25,0,0,25,25,597,0.9966
29624189,1769089872000,23,24,0,0,24,24,597,0.9958
29624190,1769089878000,27,23,0,0,23,23,597,0.9967
29624191,1769089884000,22,27,0,0,27,27,597,0.9981
29624192,1769089890000,23,22,0,0,22,22,597,0.9964
29624193,1769089896000,24,23,0,0,23,23,597,0.9977
29624194,1769089902000,26,24,0,0,24,24,597,0.9978
29624195,1769089908000,26,26,0,0,26,26,597,0.9983
29624196,1769089914000,25,26,0,0,26,26,597,0.9977
29624197,1769089920000,25,25,0,0,25,25,597,0.9975
29624198,1769089926000,28,25,0,0,25,25,597,0.997
29624199,1769089932000,24,28,0,0,28,28,597,0.9974
29624200,1769089938000,29,24,0,0,24,24,597,0.998
29624201,1769089944000,25,29,0,0,29,29,597,0.9979
29624202,1769089950000,29,25,0,0,25,25,597,0.9979
29624203,1769089956000,26,29,0,0,29,29,597,0.998
29624204,1769089962000,28,26,0,0,26,26,597,0.9982
29624205,1769089968000,24,28,0,0,28,28,596,0.9993
29624206,1769089974000,27,24,0,0,24,24,597,0.9977
29624207,1769089980000,23,27,0,0,27,27,595,0.9985
29624208,1769089986000,27,23,0,0,23,23,597,0.998
29624209,1769089992000,24,27,0,0,27,27,597,0.9978
29624210,1769089998000,30,24,0,0,24,24,597,0.9978
29624211,1769090004000,24,30,0,0,30,30,597,0.9968
29624212,1769090010000,27,24,0,0,24,24,597,0.9978
29624213,1769090016000,24,27,0,0,27,27,597,0.9976
29624214,1769090022000,30,24,0,0,24,24,597,0.9977
29624215,1769090028000,25,30,0,0,30,30,597,0.9948
29624216,1769090034000,26,25,0,0,25,25,597,0.9981
29624217,1769090040000,25,26,0,0,26,26,597,0.9979
29624218,1769090046000,26,25,0,0,25,25,597,0.997
29624219,1769090052000,22,26,0,0,26,26,597,0.998
29624220,1769090058000,28,22,0,0,22,22,593,0.9983
29624221,1769090064000,24,28,0,0,28,28,596,0.9984
29624222,1769090070000,29,24,0,0,24,24,597,0.9971
29624223,1769090076000,23,29,0,0,29,29,597,0.9975
29624224,1769090082000,27,23,0,0,23,23,597,0.9956
29624225,1769090088000,22,27,0,0,27,27,597,0.9978
29624226,1769090094000,25,22,0,0,22,22,596,0.9989
29624227,1769090100000,20,25,0,0,25,25,595,0.9992
29624228,1769090106000,29,20,0,0,20,20,596,0.9993
29624229,1769090112000,23,29,0,0,29,29,596,0.9976
29624230,1769090118000,27,23,0,0,23,23,597,0.9974
29624231,1769090124000,26,27,0,0,27,27,597,0.9965
29624232,1769090130000,30,26,0,0,26,26,597,0.997
29624233,1769090136000,26,30,0,0,30,30,597,0.9977
29624234,1769090142000,29,26,0,0,26,26,596,0.9985
29624235,1769090148000,24,29,0,0,29,29,597,0.9944
29624236,1769090154000,27,24,0,0,24,24,596,0.9988
29624237,1769090160000,23,27,0,0,27,27,596,0.9986
29624238,1769090166000,29,23,0,0,23,23,596,0.9993
29624239,1769090172000,24,29,0,0,29,29,597,0.9977
29624240,1769090178000,29,24,0,0,24,24,596,0.9992
29624241,1769090184000,25,29,0,0,29,29,597,0.998
29624242,1769090190000,29,25,0,0,25,25,597,0.9977
29624243,1769090196000,25,29,0,0,29,29,597,0.9977
29624244,1769090202000,30,25,0,0,25,25,595,0.9983
29624245,1769090208000,23,30,0,0,30,30,596,0.998
29624246,1769090214000,25,23,0,0,23,23,597,0.9983
29624247,1769090220000,29,25,0,0,25,25,596,0.999
29624248,1769090226000,22,29,0,0,29,29,597,0.9975
29624249,1769090232000,28,22,0,0,22,22,597,0.9972
29624250,1769090238000,19,28,0,0,28,28,597,0.9974
29624251,1769090244000,32,19,0,0,19,19,597,0.9974
29624252,1769090250000,20,32,0,0,32,32,597,0.9976
29624253,1769090256000,29,20,0,0,20,20,596,0.9991
29624254,1769090262000,22,29,0,0,29,29,597,0.9978
29624255,1769090268000,29,22,0,0,22,22,596,0.9985
29624256,1769090274000,20,29,0,0,29,29,596,0.9993
29624257,1769090280000,29,20,0,0,20,20,597,0.9976
29624258,1769090286000,22,29,0,0,29,29,597,0.9976
29624259,1769090292000,31,22,0,0,22,22,596,0.9989
29624260,1769090298000,22,31,0,0,31,31,597,0.9979
29624261,1769090304000,30,22,0,0,22,22,597,0.9982
29624262,1769090310000,21,30,0,0,30,30,597,0.9972
29624263,1769090316000,29,21,0,0,21,21,597,0.9974
29624264,1769090322000,20,29,0,0,29,29,596,0.9992
29624265,1769090328000,27,20,0,0,20,20,595,0.9988
29624266,1769090334000,20,27,0,0,27,27,597,0.9971
29624267,1769090340000,26,20,0,0,20,20,596,0.9978
29624268,1769090346000,23,26,0,0,26,26,596,0.9981
29624269,1769090352000,29,23,0,0,23,23,596,0.9988
29624270,1769090358000,24,29,0,0,29,29,596,0.9982
29624271,1769090364000,27,24,0,0,24,24,595,0.9981
29624272,1769090370000,23,27,0,0,27,27,596,0.9991
29624273,1769090376000,28,23,0,0,23,23,595,0.9981
29624274,1769090382000,25,28,0,0,28,28,596,0.9986
29624275,1769090388000,27,25,0,0,25,25,597,0.9977
29624276,1769090394000,22,27,0,0,27,27,596,0.999
29624277,1769090400000,27,22,0,0,22,22,596,0.9991
29624278,1769090406000,24,27,0,0,27,27,597,0.9968
29624279,1769090412000,30,24,0,0,24,24,597,0.9973
29624280,1769090418000,26,30,0,0,30,30,597,0.997
29624281,1769090424000,28,26,0,0,26,26,597,0.997
29624282,1769090430000,26,28,0,0,28,28,597,0.9971
29624283,1769090436000,27,26,0,0,26,26,596,0.9977
29624284,1769090442000,24,27,0,0,27,27,597,0.9973
29624285,1769090448000,27,24,0,0,24,24,596,0.9986
29624286,1769090454000,24,27,0,0,27,27,597,0.9973
29624287,1769090460000,29,24,0,0,24,24,597,0.9977
29624288,1769090466000,22,29,0,0,29,29,596,0.9978
29624289,1769090472000,25,22,0,0,22,22,597,0.9974
29624290,1769090478000,22,25,0,0,25,25,596,0.9977
29624291,1769090484000,25,22,0,0,22,22,597,0.9977
29624292,1769090490000,21,25,0,0,25,25,597,0.9979
29624293,1769090496000,27,21,0,0,21,21,597,0.9975
29624294,1769090502000,23,27,0,0,27,27,596,0.9991
29624295,1769090508000,22,23,0,0,23,23,597,0.9975
29624296,1769090514000,22,22,0,0,22,22,597,0.9982
29624297,1769090520000,25,22,0,0,22,22,596,0.9977
29624298,1769090526000,21,25,0,0,25,25,597,0.9974
29624299,1769090532000,28,21,0,0,21,21,597,0.9974
29624300,1769090538000,22,28,0,0,28,28,597,0.9981
29624301,1769090544000,26,22,0,0,22,22,597,0.9976
29624302,1769090550000,22,26,0,0,26,26,596,0.9992
29624303,1769090556000,24,22,0,0,22,22,596,0.9976
29624304,1769090562000,23,24,0,0,24,24,597,0.9974
29624305,1769090568000,25,23,0,0,23,23,595,0.9986
29624306,1769090574000,25,25,0,0,25,25,597,0.9979
29624307,1769090580000,24,25,0,0,25,25,597,0.9972
29624308,1769090586000,26,24,0,0,24,24,597,0.998
29624309,1769090592000,29,26,0,0,26,26,597,0.9974
29624310,1769090598000,25,29,0,0,29,29,596,0.9992
29624311,1769090604000,29,25,0,0,25,25,596,0.9989
29624312,1769090610000,23,29,0,0,29,29,597,0.9978
29624313,1769090616000,24,23,0,0,23,23,597,0.9966
29624314,1769090622000,25,24,0,0,24,24,597,0.9976
29624315,1769090628000,25,25,0,0,25,25,597,0.9969
29624316,1769090634000,26,25,0,0,25,25,596,0.9985
29624317,1769090640000,25,26,0,0,26,26,597,0.9966
29624318,1769090646000,25,25,0,0,25,25,597,0.9969
29624319,1769090652000,27,25,0,0,25,25,597,0.9966
29624320,1769090658000,26,27,0,0,27,27,597,0.9968
29624321,1769090664000,26,26,0,0,26,26,597,0.9973
29624322,1769090670000,27,26,0,0,26,26,597,0.9973
29624323,1769090676000,26,27,0,0,27,27,597,0.9971
29624324,1769090682000,25,26,0,0,26,26,597,0.9975
29624325,1769090688000,24,25,0,0,25,25,596,0.9984
29624326,1769090694000,26,24,0,0,24,24,597,0.9959
29624327,1769090700000,25,26,0,0,26,26,597,0.9974
29624328,1769090706000,25,25,0,0,25,25,596,0.9991
29624329,1769090712000,26,25,0,0,25,25,597,0.9974
29624330,1769090718000,24,26,0,0,26,26,597,0.9981
29624331,1769090724000,27,24,0,0,24,24,597,0.9979
29624332,1769090730000,24,27,0,0,27,27,597,0.9978
29624333,1769090736000,28,24,0,0,24,24,597,0.9982
29624334,1769090742000,24,28,0,0,28,28,597,0.998
29624335,1769090748000,27,24,0,0,24,24,597,0.9981
29624336,1769090754000,21,27,0,0,27,27,597,0.9975
29624337,1769090760000,29,21,0,0,21,21,597,0.9971
29624338,1769090766000,22,29,0,0,29,29,597,0.9979
29624339,1769090772000,27,22,0,0,22,22,596,0.9973
29624340,1769090778000,23,27,0,0,27,27,597,0.998
29624341,1769090784000,26,23,0,0,23,23,597,0.9975
29624342,1769090790000,23,26,0,0,26,26,597,0.9979
29624343,1769090796000,25,23,0,0,23,23,597,0.9975
29624344,1769090802000,23,25,0,0,25,25,597,0.9975
29624345,1769090808000,26,23,0,0,23,23,597,0.9979
29624346,1769090814000,20,26,0,0,26,26,597,0.9977
29624347,1769090820000,25,20,0,0,20,20,597,0.9968
29624348,1769090826000,25,25,0,0,25,25,597,0.9977
29624349,1769090832000,28,25,0,0,25,25,597,0.9978
29624350,1769090838000,23,28,0,0,28,28,597,0.9975
29624351,1769090844000,30,23,0,0,23,23,597,0.9977
29624352,1769090850000,23,30,0,0,30,30,597,0.998
29624353,1769090856000,27,23,0,0,23,23,597,0.9982
29624354,1769090862000,22,27,0,0,27,27,597,0.9978
29624355,1769090868000,27,22,0,0,22,22,597,0.9977
29624356,1769090874000,23,27,0,0,27,27,597,0.998
29624357,1769090880000,29,23,0,0,23,23,597,0.9982
29624358,1769090886000,23,29,0,0,29,29,597,0.9978
29624359,1769090892000,28,23,0,0,23,23,597,0.997
29624360,1769090898000,22,28,0,0,28,28,596,0.9971
29624361,1769090904000,29,22,0,0,22,22,594,0.9981
29624362,1769090910000,23,29,0,0,29,29,596,0.9977
29624363,1769090916000,31,23,0,0,23,23,597,0.998
29624364,1769090922000,22,31,0,0,31,31,597,0.9979
29624365,1769090928000,29,22,0,0,22,22,597,0.9973
29624366,1769090934000,25,29,0,0,29,29,596,0.9979
29624367,1769090940000,27,25,0,0,25,25,597,0.9977
29624368,1769090946000,23,27,0,0,27,27,596,0.9986
29624369,1769090952000,28,23,0,0,23,23,596,0.9987
29624370,1769090958000,22,28,0,0,28,28,597,0.9977
29624371,1769090964000,29,22,0,0,22,22,597,0.9976
29624372,1769090970000,24,29,0,0,29,29,597,0.9974
29624373,1769090976000,31,24,0,0,24,24,597,0.9975
29624374,1769090982000,23,31,0,0,31,31,597,0.9981
29624375,1769090988000,25,23,0,0,23,23,597,0.998
29624376,1769090994000,24,25,0,0,25,25,597,0.9981
29624377,1769091000000,29,24,0,0,24,24,597,0.9977
29624378,1769091006000,23,29,0,0,29,29,597,0.9971
29624379,1769091012000,28,23,0,0,23,23,597,0.9975
29624380,1769091018000,24,28,0,0,28,28,597,0.9978
29624381,1769091024000,27,24,0,0,24,24,597,0.998
29624382,1769091030000,24,27,0,0,27,27,597,0.9976
29624383,1769091036000,26,24,0,0,24,24,597,0.9985
29624384,1769091042000,24,26,0,0,26,26,597,0.9964
29624385,1769091048000,26,24,0,0,24,24,597,0.9978
29624386,1769091054000,24,26,0,0,26,26,595,0.9979
29624387,1769091060000,24,24,0,0,24,24,597,0.9983
29624388,1769091066000,25,24,0,0,24,24,597,0.9983
29624389,1769091072000,26,25,0,0,25,25,596,0.9981
29624390,1769091078000,24,26,0,0,26,26,597,0.9974
29624391,1769091084000,22,24,0,0,24,24,596,0.9992
29624392,1769091090000,25,22,0,0,22,22,597,0.9979
29624393,1769091096000,26,25,0,0,25,25,597,0.9973
29624394,1769091102000,26,26,0,0,26,26,597,0.9982
29624395,1769091108000,27,26,0,0,26,26,597,0.998
29624396,1769091114000,24,27,0,0,27,27,597,0.9978
29624397,1769091120000,28,24,0,0,24,24,597,0.9978
29624398,1769091126000,24,28,0,0,28,28,597,0.9968
29624399,1769091132000,27,24,0,0,24,24,595,0.9986
29624400,1769091138000,26,27,0,0,27,27,596,0.9984
29624401,1769091144000,27,26,0,0,26,26,596,0.9992
29624402,1769091150000,27,27,0,0,27,27,596,0.9995
29624403,1769091156000,27,27,0,0,27,27,596,0.9994
29624404,1769091162000,25,27,0,0,27,27,594,0.9987
29624405,1769091168000,25,25,0,0,25,25,595,0.9994
29624406,1769091174000,27,25,0,0,25,25,596,0.9995
29624407,1769091180000,26,27,0,0,27,27,596,0.9982
29624408,1769091186000,28,26,0,0,26,26,596,0.9981
29624409,1769091192000,24,28,0,0,28,28,596,0.9984
29624410,1769091198000,27,24,0,0,24,24,596,0.9992
29624411,1769091204000,28,27,0,0,27,27,596,0.9991
29624412,1769091210000,25,28,0,0,28,28,596,0.9995
29624413,1769091216000,27,25,0,0,25,25,596,0.9985
29624414,1769091222000,25,27,0,0,27,27,596,0.9995
29624415,1769091228000,28,25,0,0,25,25,596,0.9989
29624416,1769091234000,24,28,0,0,28,28,597,0.9984
29624417,1769091240000,27,24,0,0,24,24,596,0.9995
29624418,1769091246000,20,27,0,0,27,27,597,0.9979
29624419,1769091252000,28,20,0,0,20,20,596,0.9991
29624420,1769091258000,24,28,0,0,28,28,596,0.9991
29624421,1769091264000,29,24,0,0,24,24,596,0.999
29624422,1769091270000,26,29,0,0,29,29,596,0.9991
29624423,1769091276000,27,26,0,0,26,26,597,0.9963
29624424,1769091282000,25,27,0,0,27,27,597,0.997
29624425,1769091288000,28,25,0,0,25,25,597,0.9977
29624426,1769091294000,24,28,0,0,28,28,596,0.9989
29624427,1769091300000,26,24,0,0,24,24,596,0.9984
29624428,1769091306000,24,26,0,0,26,26,596,0.9992
29624429,1769091312000,27,24,0,0,24,24,596,0.9996
29624430,1769091318000,23,27,0,0,27,27,596,0.9994
29624431,1769091324000,27,23,0,0,23,23,596,0.9992
29624432,1769091330000,24,27,0,0,27,27,597,0.9986
29624433,1769091336000,29,24,0,0,24,24,597,0.9979
29624434,1769091342000,23,29,0,0,29,29,596,0.9977
29624435,1769091348000,25,23,0,0,23,23,597,0.9982
29624436,1769091354000,24,25,0,0,25,25,596,0.9991
29624437,1769091360000,23,24,0,0,24,24,597,0.9982
29624438,1769091366000,24,23,0,0,23,23,597,0.9977
29624439,1769091372000,27,24,0,0,24,24,597,0.9978
29624440,1769091378000,23,27,0,0,27,27,597,0.9974
29624441,1769091384000,26,23,0,0,23,23,597,0.9975
29624442,1769091390000,25,26,0,0,26,26,597,0.9975
29624443,1769091396000,24,25,0,0,25,25,597,0.9974
29624444,1769091402000,21,24,0,0,24,24,596,0.9987
29624445,1769091408000,23,21,0,0,21,21,597,0.9975
29624446,1769091414000,23,23,0,0,23,23,597,0.9899
29624447,1769091420000,24,23,0,0,23,23,597,0.9969
29624448,1769091426000,24,24,0,0,24,24,597,0.994
29624449,1769091432000,31,24,0,0,24,24,597,0.9977
29624450,1769091438000,25,31,0,0,31,31,597,0.9981
29624451,1769091444000,29,25,0,0,25,25,596,0.997
29624452,1769091450000,25,29,0,0,29,29,597,0.9976
29624453,1769091456000,31,25,0,0,25,25,597,0.9978
29624454,1769091462000,24,31,0,0,31,31,597,0.9974
29624455,1769091468000,27,24,0,0,24,24,597,0.9975
29624456,1769091474000,24,27,0,0,27,27,597,0.9979
29624457,1769091480000,28,24,0,0,24,24,597,0.998
29624458,1769091486000,24,28,0,0,28,28,597,0.9977
29624459,1769091492000,30,24,0,0,24,24,597,0.9969
29624460,1769091498000,24,30,0,0,30,30,593,0.9991
29624461,1769091504000,30,24,0,0,24,24,597,0.9978
29624462,1769091510000,25,30,0,0,30,30,596,0.9993
29624463,1769091516000,29,25,0,0,25,25,596,0.9992
29624464,1769091522000,24,29,0,0,29,29,596,0.9991
29624465,1769091528000,26,24,0,0,24,24,596,0.999
29624466,1769091534000,23,26,0,0,26,26,596,0.9982
29624467,1769091540000,25,23,0,0,23,23,596,0.9992
29624468,1769091546000,24,25,0,0,25,25,597,0.9979
29624469,1769091552000,24,24,0,0,24,24,597,0.9978
29624470,1769091558000,24,24,0,0,24,24,597,0.998
29624471,1769091564000,26,24,0,0,24,24,597,0.9973
29624472,1769091570000,23,26,0,0,26,26,597,0.9977
29624473,1769091576000,25,23,0,0,23,23,596,0.9993
29624474,1769091582000,24,25,0,0,25,25,597,0.9979
29624475,1769091588000,21,24,0,0,24,24,597,0.998
29624476,1769091594000,24,21,0,0,21,21,597,0.9978
29624477,1769091600000,24,24,0,0,24,24,597,0.9978
29624478,1769091606000,25,24,0,0,24,24,597,0.9972
29624479,1769091612000,26,25,0,0,25,25,596,0.9987
29624480,1769091618000,25,26,0,0,26,26,596,0.9993
29624481,1769091624000,24,25,0,0,25,25,597,0.9977
29624482,1769091630000,26,24,0,0,24,24,597,0.9981
29624483,1769091636000,27,26,0,0,26,26,597,0.9979
29624484,1769091642000,25,27,0,0,27,27,597,0.9975
29624485,1769091648000,25,25,0,0,25,25,597,0.9983
29624486,1769091654000,25,25,0,0,25,25,597,0.9979
29624487,1769091660000,25,25,0,0,25,25,597,0.9981
29624488,1769091666000,24,25,0,0,25,25,597,0.9979
29624489,1769091672000,28,24,0,0,24,24,596,0.9974
29624490,1769091678000,25,28,0,0,28,28,597,0.9978
29624491,1769091684000,28,25,0,0,25,25,597,0.9982
29624492,1769091690000,24,28,0,0,28,28,597,0.9977
29624493,1769091696000,28,24,0,0,24,24,596,0.9976
29624494,1769091702000,25,28,0,0,28,28,597,0.9983
29624495,1769091708000,26,25,0,0,25,25,597,0.9977
29624496,1769091714000,25,26,0,0,26,26,597,0.9972
29624497,1769091720000,1,25,0,0,25,25,597,0.9981
29624498,1769091726000,34,1,0,0,1,1,597,1
29624499,1769091732000,23,34,0,0,34,34,596,0.9993
29624500,1769091738000,31,23,0,0,23,23,597,0.997
29624501,1769091744000,23,31,0,0,31,31,597,0.9976
29624502,1769091750000,29,23,0,0,23,23,595,0.998
29624503,1769091756000,23,29,0,0,29,29,597,0.998
29624504,1769091762000,29,23,0,0,23,23,597,0.9975
29624505,1769091768000,20,29,0,0,29,29,596,0.9991
29624506,1769091774000,27,20,0,0,20,20,596,0.9994
29624507,1769091780000,20,27,0,0,27,27,595,0.9992
29624508,1769091786000,30,20,0,0,20,20,596,0.9984
29624509,1769091792000,23,30,0,0,30,30,597,0.9975
29624510,1769091798000,30,23,0,0,23,23,596,0.9989
29624511,1769091804000,20,30,0,0,30,30,597,0.9976
29624512,1769091810000,27,20,0,0,20,20,595,0.9984
29624513,1769091816000,22,27,0,0,27,27,597,0.9978
29624514,1769091822000,29,22,0,0,22,22,596,0.9988
29624515,1769091828000,23,29,0,0,29,29,596,0.9989
29624516,1769091834000,30,23,0,0,23,23,596,0.999
29624517,1769091840000,20,30,0,0,30,30,597,0.9972
29624518,1769091846000,28,20,0,0,20,20,596,0.9984
29624519,1769091852000,22,28,0,0,28,28,596,0.9981
29624520,1769091858000,25,22,0,0,22,22,597,0.9978
29624521,1769091864000,20,25,0,0,25,25,597,0.998
29624522,1769091870000,28,20,0,0,20,20,597,0.9982
29624523,1769091876000,22,28,0,0,28,28,597,0.9976
29624524,1769091882000,28,22,0,0,22,22,597,0.9969
29624525,1769091888000,22,28,0,0,28,28,597,0.9976
29624526,1769091894000,27,22,0,0,22,22,596,0.9993
29624527,1769091900000,21,27,0,0,27,27,597,0.9975
29624528,1769091906000,28,21,0,0,21,21,596,0.9986
29624529,1769091912000,22,28,0,0,28,28,596,0.9992
29624530,1769091918000,28,22,0,0,22,22,597,0.9974
29624531,1769091924000,25,28,0,0,28,28,597,0.9971
29624532,1769091930000,28,25,0,0,25,25,596,0.9984
29624533,1769091936000,24,28,0,0,28,28,597,0.9974
29624534,1769091942000,28,24,0,0,24,24,597,0.9973
29624535,1769091948000,24,28,0,0,28,28,597,0.9971
29624536,1769091954000,27,24,0,0,24,24,596,0.9987
29624537,1769091960000,24,27,0,0,27,27,596,0.9978
29624538,1769091966000,27,24,0,0,24,24,597,0.9978
29624539,1769091972000,25,27,0,0,27,27,597,0.9968
29624540,1769091978000,26,25,0,0,25,25,596,0.9993
29624541,1769091984000,20,26,0,0,26,26,597,0.9978
29624542,1769091990000,25,20,0,0,20,20,597,0.9976
29624543,1769091996000,24,25,0,0,25,25,592,0.9992
29624544,1769092002000,24,24,0,0,24,24,596,0.999
29624545,1769092008000,25,24,0,0,24,24,597,0.9981
29624546,1769092014000,26,25,0,0,25,25,596,0.9977
29624547,1769092020000,22,26,0,0,26,26,597,0.9982
29624548,1769092026000,24,22,0,0,22,22,597,0.997
29624549,1769092032000,27,24,0,0,24,24,597,0.9976
29624550,1769092038000,25,27,0,0,27,27,597,0.9973
29624551,1769092044000,26,25,0,0,25,25,597,0.9977
29624552,1769092050000,23,26,0,0,26,26,597,0.9975
29624553,1769092056000,25,23,0,0,23,23,597,0.9969
29624554,1769092062000,24,25,0,0,25,25,597,0.9978
29624555,1769092068000,25,24,0,0,24,24,597,0.997
29624556,1769092074000,25,25,0,0,25,25,597,0.9972
29624557,1769092080000,28,25,0,0,25,25,597,0.9975
29624558,1769092086000,22,28,0,0,28,28,596,0.9972
29624559,1769092092000,27,22,0,0,22,22,597,0.9977
29624560,1769092098000,24,27,0,0,27,27,595,0.999
29624561,1769092104000,26,24,0,0,24,24,597,0.998
29624562,1769092110000,23,26,0,0,26,26,597,0.9975
29624563,1769092116000,28,23,0,0,23,23,597,0.9983
29624564,1769092122000,24,28,0,0,28,28,597,0.9977
29624565,1769092128000,26,24,0,0,24,24,597,0.9976
29624566,1769092134000,24,26,0,0,26,26,597,0.9968
29624567,1769092140000,27,24,0,0,24,24,597,0.9968
29624568,1769092146000,25,27,0,0,27,27,596,0.9982
29624569,1769092152000,28,25,0,0,25,25,597,0.9965
29624570,1769092158000,26,28,0,0,28,28,597,0.9981
29624571,1769092164000,29,26,0,0,26,26,597,0.9976
29624572,1769092170000,24,29,0,0,29,29,596,0.9996
29624573,1769092176000,27,24,0,0,24,24,597,0.9975
29624574,1769092182000,26,27,0,0,27,27,597,0.9965
29624575,1769092188000,28,26,0,0,26,26,597,0.9959
29624576,1769092194000,22,28,0,0,28,28,597,0.9965
29624577,1769092200000,27,22,0,0,22,22,596,0.9992
29624578,1769092206000,24,27,0,0,27,27,596,0.9983
29624579,1769092212000,28,24,0,0,24,24,597,0.9976
29624580,1769092218000,25,28,0,0,28,28,596,0.9989
29624581,1769092224000,30,25,0,0,25,25,597,0.995
29624582,1769092230000,26,30,0,0,30,30,596,0.9987
29624583,1769092236000,26,26,0,0,26,26,596,0.9988
29624584,1769092242000,22,26,0,0,26,26,597,0.9974
29624585,1769092248000,26,22,0,0,22,22,597,0.9976
29624586,1769092254000,23,26,0,0,26,26,596,0.999
29624587,1769092260000,27,23,0,0,23,23,597,0.9983
29624588,1769092266000,29,27,0,0,27,27,597,0.9981
29624589,1769092272000,24,29,0,0,29,29,597,0.9979
29624590,1769092278000,27,24,0,0,24,24,597,0.9981
29624591,1769092284000,24,27,0,0,27,27,596,0.9991
29624592,1769092290000,29,24,0,0,24,24,597,0.9971
29624593,1769092296000,26,29,0,0,29,29,596,0.9991
29624594,1769092302000,25,26,0,0,26,26,597,0.9974
29624595,1769092308000,21,25,0,0,25,25,597,0.9977
29624596,1769092314000,28,21,0,0,21,21,597,0.9982
29624597,1769092320000,21,28,0,0,28,28,597,0.9965
29624598,1769092326000,27,21,0,0,21,21,597,0.9973
29624599,1769092332000,24,27,0,0,27,27,597,0.9974
29624600,1769092338000,29,24,0,0,24,24,597,0.9981
29624601,1769092344000,25,29,0,0,29,29,597,0.9978
29624602,1769092350000,29,25,0,0,25,25,597,0.9975
29624603,1769092356000,25,29,0,0,29,29,597,0.9974
29624604,1769092362000,28,25,0,0,25,25,597,0.9977
29624605,1769092368000,25,28,0,0,28,28,597,0.996
29624606,1769092374000,27,25,0,0,25,25,596,0.9993
29624607,1769092380000,24,27,0,0,27,27,596,0.9994
29624608,1769092386000,30,24,0,0,24,24,596,0.9987
29624609,1769092392000,24,30,0,0,30,30,596,0.9994
29624610,1769092398000,29,24,0,0,24,24,596,0.9985
29624611,1769092404000,23,29,0,0,29,29,596,0.9986
29624612,1769092410000,28,23,0,0,23,23,596,0.9988
29624613,1769092416000,24,28,0,0,28,28,596,0.9993
29624614,1769092422000,28,24,0,0,24,24,596,0.9987
29624615,1769092428000,26,28,0,0,28,28,596,0.9993
29624616,1769092434000,29,26,0,0,26,26,596,0.9994
29624617,1769092440000,23,29,0,0,29,29,596,0.9932
29624618,1769092446000,27,23,0,0,23,23,597,0.996
29624619,1769092452000,22,27,0,0,27,27,597,0.998
29624620,1769092458000,30,22,0,0,22,22,597,0.9972
29624621,1769092464000,23,30,0,0,30,30,597,0.9975
29624622,1769092470000,27,23,0,0,23,23,597,0.998
29624623,1769092476000,23,27,0,0,27,27,596,0.9993
29624624,1769092482000,24,23,0,0,23,23,597,0.9977
29624625,1769092488000,19,24,0,0,24,24,597,0.9983
29624626,1769092494000,26,19,0,0,19,19,597,0.9983
29624627,1769092500000,24,26,0,0,26,26,597,0.9977
29624628,1769092506000,30,24,0,0,24,24,596,0.9991
29624629,1769092512000,24,30,0,0,30,30,597,0.9979
29624630,1769092518000,28,24,0,0,24,24,597,0.998
29624631,1769092524000,21,28,0,0,28,28,597,0.998
29624632,1769092530000,29,21,0,0,21,21,596,0.9997
29624633,1769092536000,21,29,0,0,29,29,597,0.9977
29624634,1769092542000,27,21,0,0,21,21,597,0.9975
29624635,1769092548000,20,27,0,0,27,27,597,0.9974
29624636,1769092554000,28,20,0,0,20,20,596,0.9983
29624637,1769092560000,23,28,0,0,28,28,597,0.9982
29624638,1769092566000,29,23,0,0,23,23,597,0.9979
29624639,1769092572000,21,29,0,0,29,29,597,0.9966
29624640,1769092578000,28,21,0,0,21,21,597,0.9979
29624641,1769092584000,21,28,0,0,28,28,597,0.9978
29624642,1769092590000,28,21,0,0,21,21,597,0.998
29624643,1769092596000,21,28,0,0,28,28,597,0.9965
29624644,1769092602000,29,21,0,0,21,21,597,0.997
29624645,1769092608000,23,29,0,0,29,29,597,0.9942
29624646,1769092614000,29,23,0,0,23,23,597,0.9977
29624647,1769092620000,23,29,0,0,29,29,596,0.9972
29624648,1769092626000,27,23,0,0,23,23,596,0.9974
29624649,1769092632000,20,27,0,0,27,27,596,0.999
29624650,1769092638000,27,20,0,0,20,20,596,0.9986
29624651,1769092644000,21,27,0,0,27,27,597,0.997
29624652,1769092650000,28,21,0,0,21,21,597,0.9975
29624653,1769092656000,22,28,0,0,28,28,597,0.9975
29624654,1769092662000,25,22,0,0,22,22,597,0.9974
29624655,1769092668000,23,25,0,0,25,25,597,0.9977
29624656,1769092674000,31,23,0,0,23,23,597,0.998
29624657,1769092680000,24,31,0,0,31,31,596,0.999
29624658,1769092686000,29,24,0,0,24,24,596,0.9976
29624659,1769092692000,24,29,0,0,29,29,597,0.9981
29624660,1769092698000,30,24,0,0,24,24,597,0.9976
29624661,1769092704000,23,30,0,0,30,30,597,0.9978
29624662,1769092710000,30,23,0,0,23,23,597,0.9983
29624663,1769092716000,22,30,0,0,30,30,597,0.9968
29624664,1769092722000,30,22,0,0,22,22,597,0.9973
29624665,1769092728000,23,30,0,0,30,30,597,0.998
29624666,1769092734000,28,23,0,0,23,23,597,0.9975
29624667,1769092740000,24,28,0,0,28,28,596,0.999
29624668,1769092746000,30,24,0,0,24,24,593,0.9989
29624669,1769092752000,23,30,0,0,30,30,596,0.9991
29624670,1769092758000,30,23,0,0,23,23,596,0.9985
29624671,1769092764000,24,30,0,0,30,30,597,0.9973
29624672,1769092770000,28,24,0,0,24,24,597,0.9965
29624673,1769092776000,21,28,0,0,28,28,597,0.9975
29624674,1769092782000,26,21,0,0,21,21,596,0.9973
29624675,1769092788000,22,26,0,0,26,26,597,0.9975
29624676,1769092794000,31,22,0,0,22,22,597,0.9978
29624677,1769092800000,24,31,0,0,31,31,597,0.9974
29624678,1769092806000,29,24,0,0,24,24,597,0.9969
29624679,1769092812000,23,29,0,0,29,29,594,0.9977
29624680,1769092818000,30,23,0,0,23,23,597,0.9981
29624681,1769092824000,21,30,0,0,30,30,596,0.9983
29624682,1769092830000,30,21,0,0,21,21,597,0.9982
29624683,1769092836000,19,30,0,0,30,30,597,0.9978
29624684,1769092842000,26,19,0,0,19,19,597,0.9975
29624685,1769092848000,22,26,0,0,26,26,597,0.998
29624686,1769092854000,30,22,0,0,22,22,597,0.9976
29624687,1769092860000,24,30,0,0,30,30,597,0.9972
29624688,1769092866000,31,24,0,0,24,24,597,0.9978
29624689,1769092872000,19,31,0,0,31,31,597,0.9976
29624690,1769092878000,25,19,0,0,19,19,597,0.9966
29624691,1769092884000,23,25,0,0,25,25,597,0.9981
29624692,1769092890000,31,23,0,0,23,23,597,0.9975
29624693,1769092896000,23,31,0,0,31,31,597,0.9975
29624694,1769092902000,27,23,0,0,23,23,597,0.9974
29624695,1769092908000,23,27,0,0,27,27,597,0.998
29624696,1769092914000,30,23,0,0,23,23,597,0.998
29624697,1769092920000,19,30,0,0,30,30,597,0.9979
29624698,1769092926000,31,19,0,0,19,19,597,0.9974
29624699,1769092932000,24,31,0,0,31,31,597,0.9977
29624700,1769092938000,30,24,0,0,24,24,595,0.999
29624701,1769092944000,23,30,0,0,30,30,597,0.9972
29624702,1769092950000,30,23,0,0,23,23,597,0.9975
29624703,1769092956000,23,30,0,0,30,30,596,0.9985
29624704,1769092962000,29,23,0,0,23,23,596,0.9987
29624705,1769092968000,23,29,0,0,29,29,596,0.999
29624706,1769092974000,30,23,0,0,23,23,596,0.9989
29624707,1769092980000,23,30,0,0,30,30,596,0.9983
29624708,1769092986000,26,23,0,0,23,23,596,0.9988
29624709,1769092992000,24,26,0,0,26,26,595,0.9996
29624710,1769092998000,29,24,0,0,24,24,596,0.9971
29624711,1769093004000,25,29,0,0,29,29,596,0.9982
29624712,1769093010000,29,25,0,0,25,25,596,0.9993
29624713,1769093016000,23,29,0,0,29,29,596,0.9986
29624714,1769093022000,24,23,0,0,23,23,596,0.9996
29624715,1769093028000,24,24,0,0,24,24,596,0.9992
29624716,1769093034000,28,24,0,0,24,24,596,0.9994
29624717,1769093040000,25,28,0,0,28,28,597,0.9971
29624718,1769093046000,30,25,0,0,25,25,596,0.9985
29624719,1769093052000,24,30,0,0,30,30,595,0.9983
29624720,1769093058000,28,24,0,0,24,24,596,0.9991
29624721,1769093064000,24,28,0,0,28,28,596,0.9993
29624722,1769093070000,29,24,0,0,24,24,596,0.9989
29624723,1769093076000,24,29,0,0,29,29,596,0.9994
29624724,1769093082000,29,24,0,0,24,24,594,0.9989
29624725,1769093088000,23,29,0,0,29,29,596,0.9995
29624726,1769093094000,26,23,0,0,23,23,596,0.9972
29624727,1769093100000,24,26,0,0,26,26,596,0.9974
29624728,1769093106000,28,24,0,0,24,24,596,0.9985
29624729,1769093112000,21,28,0,0,28,28,596,0.9985
29624730,1769093118000,27,21,0,0,21,21,596,0.999
29624731,1769093124000,23,27,0,0,27,27,596,0.9981
29624732,1769093130000,27,23,0,0,23,23,596,0.9985
29624733,1769093136000,23,27,0,0,27,27,594,0.9991
29624734,1769093142000,28,23,0,0,23,23,596,0.9985
29624735,1769093148000,23,28,0,0,28,28,596,0.9989
29624736,1769093154000,26,23,0,0,23,23,594,0.9993
29624737,1769093160000,20,26,0,0,26,26,596,0.9993
29624738,1769093166000,29,20,0,0,20,20,596,0.9987
29624739,1769093172000,23,29,0,0,29,29,597,0.9975
29624740,1769093178000,26,23,0,0,23,23,597,0.9972
29624741,1769093184000,22,26,0,0,26,26,597,0.9974
29624742,1769093190000,26,22,0,0,22,22,597,0.9976
29624743,1769093196000,20,26,0,0,26,26,596,0.9968
29624744,1769093202000,28,20,0,0,20,20,597,0.9974
29624745,1769093208000,23,28,0,0,28,28,597,0.9977
29624746,1769093214000,26,23,0,0,23,23,597,0.9979
29624747,1769093220000,24,26,0,0,26,26,596,0.9986
29624748,1769093226000,28,24,0,0,24,24,597,0.998
29624749,1769093232000,24,28,0,0,28,28,596,0.998
29624750,1769093238000,29,24,0,0,24,24,597,0.9981
29624751,1769093244000,23,29,0,0,29,29,597,0.9979
29624752,1769093250000,29,23,0,0,23,23,597,0.9983
29624753,1769093256000,26,29,0,0,29,29,597,0.9979
29624754,1769093262000,28,26,0,0,26,26,597,0.9981
29624755,1769093268000,23,28,0,0,28,28,597,0.9977
29624756,1769093274000,0,0,0,0,0,0,340,0
29624757,1769093280000,29,23,0,0,23,23,597,0.9986
29624758,1769093286000,26,29,0,0,29,29,597,0.9967
29624759,1769093292000,26,26,0,0,26,26,597,0.9966
29624760,1769093298000,26,26,0,0,26,26,597,0.9976
29624761,1769093304000,27,26,0,0,26,26,597,0.9975
29624762,1769093310000,27,27,0,0,27,27,597,0.9978
29624763,1769093316000,24,27,0,0,27,27,597,0.9973
29624764,1769093322000,25,24,0,0,24,24,597,0.9964
29624765,1769093328000,25,25,0,0,25,25,597,0.9981
29624766,1769093334000,24,25,0,0,25,25,597,0.9977
29624767,1769093340000,25,24,0,0,24,24,597,0.9971
29624768,1769093346000,26,25,0,0,25,25,597,0.9975
29624769,1769093352000,26,26,0,0,26,26,597,0.9977
29624770,1769093358000,25,26,0,0,26,26,597,0.9981
29624771,1769093364000,25,25,0,0,25,25,597,0.9973
29624772,1769093370000,25,25,0,0,25,25,595,0.9976
29624773,1769093376000,26,25,0,0,25,25,595,0.9975
29624774,1769093382000,26,26,0,0,26,26,596,0.9994
29624775,1769093388000,26,26,0,0,26,26,597,0.9975
29624776,1769093394000,27,26,0,0,26,26,593,0.9979
29624777,1769093400000,25,27,0,0,27,27,596,0.9994
29624778,1769093406000,25,25,0,0,25,25,597,0.9982
29624779,1769093412000,26,25,0,0,25,25,597,0.9971
29624780,1769093418000,25,26,0,0,26,26,597,0.9983
29624781,1769093424000,25,25,0,0,25,25,597,0.9977
29624782,1769093430000,28,25,0,0,25,25,597,0.9983
29624783,1769093436000,23,28,0,0,28,28,597,0.998
29624784,1769093442000,26,23,0,0,23,23,597,0.9977
29624785,1769093448000,24,26,0,0,26,26,597,0.9979
29624786,1769093454000,23,24,0,0,24,24,597,0.9984
29624787,1769093460000,25,23,0,0,23,23,596,0.9982
29624788,1769093466000,26,25,0,0,25,25,597,0.9975
29624789,1769093472000,24,26,0,0,26,26,597,0.9982
29624790,1769093478000,26,24,0,0,24,24,597,0.9981
29624791,1769093484000,23,26,0,0,26,26,597,0.9978
29624792,1769093490000,25,23,0,0,23,23,597,0.9978
29624793,1769093496000,24,25,0,0,25,25,597,0.9977
29624794,1769093502000,26,24,0,0,24,24,596,0.999
29624795,1769093508000,25,26,0,0,26,26,597,0.9982
29624796,1769093514000,28,25,0,0,25,25,597,0.9976
29624797,1769093520000,24,28,0,0,28,28,597,0.9977
29624798,1769093526000,27,24,0,0,24,24,596,0.9993
29624799,1769093532000,25,27,0,0,27,27,593,0.998
29624800,1769093538000,27,25,0,0,25,25,596,0.9997
29624801,1769093544000,25,27,0,0,27,27,596,0.9979
29624802,1769093550000,26,25,0,0,25,25,596,0.9995
29624803,1769093556000,25,26,0,0,26,26,597,0.9978
29624804,1769093562000,26,25,0,0,25,25,597,0.9985
29624805,1769093568000,25,26,0,0,26,26,596,0.999
29624806,1769093574000,25,25,0,0,25,25,596,0.9993
29624807,1769093580000,24,25,0,0,25,25,596,0.9991
29624808,1769093586000,27,24,0,0,24,24,596,0.9988
29624809,1769093592000,24,27,0,0,27,27,596,0.9989
29624810,1769093598000,24,24,0,0,24,24,596,0.9987
29624811,1769093604000,25,24,0,0,24,24,596,0.9986
29624812,1769093610000,28,25,0,0,25,25,596,0.9981
29624813,1769093616000,26,28,0,0,28,28,596,0.999
29624814,1769093622000,27,26,0,0,26,26,596,0.9987
29624815,1769093628000,25,27,0,0,27,27,596,0.9988
29624816,1769093634000,27,25,0,0,25,25,597,0.9969
29624817,1769093640000,23,27,0,0,27,27,597,0.9971
29624818,1769093646000,25,23,0,0,23,23,596,0.9992
29624819,1769093652000,24,25,0,0,25,25,595,0.9985
29624820,1769093658000,24,24,0,0,24,24,596,0.9983
29624821,1769093664000,26,24,0,0,24,24,596,0.9987
29624822,1769093670000,28,26,0,0,26,26,597,0.998
29624823,1769093676000,25,28,0,0,28,28,597,0.9974
29624824,1769093682000,26,25,0,0,25,25,597,0.9977
29624825,1769093688000,24,26,0,0,26,26,597,0.9976
29624826,1769093694000,27,24,0,0,24,24,597,0.9981
29624827,1769093700000,26,27,0,0,27,27,597,0.9977
29624828,1769093706000,26,26,0,0,26,26,597,0.9979
29624829,1769093712000,22,26,0,0,26,26,597,0.997
29624830,1769093718000,23,22,0,0,22,22,597,0.9977
29624831,1769093724000,21,23,0,0,23,23,596,0.9985
29624832,1769093730000,25,21,0,0,21,21,597,0.9981
29624833,1769093736000,20,25,0,0,25,25,597,0.9975
29624834,1769093742000,25,20,0,0,20,20,597,0.9982
29624835,1769093748000,22,25,0,0,25,25,597,0.9977
29624836,1769093754000,28,22,0,0,22,22,595,0.9981
29624837,1769093760000,23,28,0,0,28,28,596,0.9976
29624838,1769093766000,28,23,0,0,23,23,597,0.9981
29624839,1769093772000,21,28,0,0,28,28,597,0.9979
29624840,1769093778000,29,21,0,0,21,21,597,0.9974
29624841,1769093784000,24,29,0,0,29,29,597,0.9979
29624842,1769093790000,27,24,0,0,24,24,597,0.998
29624843,1769093796000,21,27,0,0,27,27,597,0.9978
29624844,1769093802000,29,21,0,0,21,21,597,0.9978
29624845,1769093808000,23,29,0,0,29,29,597,0.9981
29624846,1769093814000,29,23,0,0,23,23,597,0.9982
29624847,1769093820000,23,29,0,0,29,29,597,0.9982
29624848,1769093826000,29,23,0,0,23,23,597,0.9962
29624849,1769093832000,23,29,0,0,29,29,597,0.9965
29624850,1769093838000,29,23,0,0,23,23,597,0.9924
29624851,1769093844000,24,29,0,0,29,29,595,0.9972
29624852,1769093850000,28,24,0,0,24,24,594,0.9949
29624853,1769093856000,22,28,0,0,28,28,594,0.9969
29624854,1769093862000,27,22,0,0,22,22,592,0.9962
29624855,1769093868000,21,27,0,0,27,27,593,0.9989
29624856,1769093874000,27,21,0,0,21,21,594,0.9977
29624857,1769093880000,21,27,0,0,27,27,595,0.9962
29624858,1769093886000,27,21,0,0,21,21,594,0.9974
29624859,1769093892000,24,27,0,0,27,27,593,0.9979
29624860,1769093898000,27,24,0,0,24,24,594,0.9973
29624861,1769093904000,26,27,0,0,27,27,594,0.9964
29624862,1769093910000,27,26,0,0,26,26,594,0.9958
29624863,1769093916000,25,27,0,0,27,27,594,0.9965
29624864,1769093922000,26,25,0,0,25,25,593,0.9977
29624865,1769093928000,25,26,0,0,26,26,594,0.9967
29624866,1769093934000,27,25,0,0,25,25,594,0.997
29624867,1769093940000,24,27,0,0,27,27,594,0.9968
29624868,1769093946000,29,24,0,0,24,24,594,0.9975
29624869,1769093952000,27,29,0,0,29,29,593,0.9977
29624870,1769093958000,25,27,0,0,27,27,591,0.9982
29624871,1769093964000,27,25,0,0,25,25,594,0.9975
29624872,1769093970000,27,27,0,0,27,27,594,0.9974
29624873,1769093976000,25,27,0,0,27,27,595,0.996
29624874,1769093982000,24,25,0,0,25,25,595,0.9968
29624875,1769093988000,24,24,0,0,24,24,595,0.9972
29624876,1769093994000,25,24,0,0,24,24,595,0.9971
29624877,1769094000000,25,25,0,0,25,25,595,0.9968
29624878,1769094006000,27,25,0,0,25,25,594,0.9963
29624879,1769094012000,24,27,0,0,27,27,593,0.9984
29624880,1769094018000,26,24,0,0,24,24,595,0.9959
29624881,1769094024000,25,26,0,0,26,26,595,0.9968
29624882,1769094030000,26,25,0,0,25,25,595,0.9969
29624883,1769094036000,24,26,0,0,26,26,595,0.9976
29624884,1769094042000,27,24,0,0,24,24,595,0.9968
29624885,1769094048000,23,27,0,0,27,27,595,0.997
29624886,1769094054000,28,23,0,0,23,23,595,0.9963
29624887,1769094060000,23,28,0,0,28,28,593,0.9983
29624888,1769094066000,28,23,0,0,23,23,593,0.9985
29624889,1769094072000,24,28,0,0,28,28,592,0.9998
29624890,1769094078000,28,24,0,0,24,24,595,0.9964
29624891,1769094084000,25,28,0,0,28,28,595,0.997
29624892,1769094090000,30,25,0,0,25,25,595,0.9972
29624893,1769094096000,24,30,0,0,30,30,595,0.9964
29624894,1769094102000,26,24,0,0,24,24,595,0.9973
29624895,1769094108000,23,26,0,0,26,26,593,0.9968
29624896,1769094114000,27,23,0,0,23,23,592,0.9976
29624897,1769094120000,21,27,0,0,27,27,593,0.9981
29624898,1769094126000,28,21,0,0,21,21,594,0.9982
29624899,1769094132000,25,28,0,0,28,28,594,0.9976
29624900,1769094138000,29,25,0,0,25,25,593,0.9984
29624901,1769094144000,23,29,0,0,29,29,594,0.9995
29624902,1769094150000,31,23,0,0,23,23,594,0.9993
29624903,1769094156000,22,31,0,0,31,31,595,0.9995
29624904,1769094162000,26,22,0,0,22,22,596,0.9995
29624905,1769094168000,22,26,0,0,26,26,596,0.9993
29624906,1769094174000,28,22,0,0,22,22,596,0.9996
29624907,1769094180000,23,28,0,0,28,28,596,0.9995
29624908,1769094186000,28,23,0,0,23,23,596,0.9992
29624909,1769094192000,23,28,0,0,28,28,596,0.9993
29624910,1769094198000,32,23,0,0,23,23,596,0.9993
29624911,1769094204000,23,32,0,0,32,32,596,0.9996
29624912,1769094210000,27,23,0,0,23,23,596,0.9994
29624913,1769094216000,25,27,0,0,27,27,596,0.9991
29624914,1769094222000,26,25,0,0,25,25,596,0.9996
29624915,1769094228000,23,26,0,0,26,26,596,0.9995
29624916,1769094234000,27,23,0,0,23,23,596,0.9993
29624917,1769094240000,22,27,0,0,27,27,596,0.9941
29624918,1769094246000,27,22,0,0,22,22,596,0.9969
29624919,1769094252000,22,27,0,0,27,27,591,0.998
29624920,1769094258000,0,22,0,0,22,22,596,0.9983
29624921,1769094264000,32,0,0,0,0,0,596,0
29624922,1769094270000,20,32,0,0,32,32,596,0.9989
29624923,1769094276000,32,20,0,0,20,20,596,0.9991
29624924,1769094282000,21,32,0,0,32,32,596,0.9985
29624925,1769094288000,29,21,0,0,21,21,596,0.9991
29624926,1769094294000,21,29,0,0,29,29,596,0.9992
29624927,1769094300000,28,21,0,0,21,21,593,0.999
29624928,1769094306000,24,28,0,0,28,28,595,0.9947
29624929,1769094312000,29,24,0,0,24,24,596,0.9976
29624930,1769094318000,21,29,0,0,29,29,595,0.9982
29624931,1769094324000,31,21,0,0,21,21,596,0.9986
29624932,1769094330000,24,31,0,0,31,31,596,0.9985
29624933,1769094336000,30,24,0,0,24,24,595,0.9989
29624934,1769094342000,23,30,0,0,30,30,596,0.9984
29624935,1769094348000,29,23,0,0,23,23,596,0.9991
29624936,1769094354000,23,29,0,0,29,29,596,0.9988
29624937,1769094360000,26,23,0,0,23,23,596,0.9998
29624938,1769094366000,21,26,0,0,26,26,596,0.9992
29624939,1769094372000,28,21,0,0,21,21,596,0.9994
29624940,1769094378000,21,28,0,0,28,28,597,0.9981
29624941,1769094384000,26,21,0,0,21,21,596,0.9995
29624942,1769094390000,22,26,0,0,26,26,596,0.9994
29624943,1769094396000,26,22,0,0,22,22,596,0.9994
29624944,1769094402000,19,26,0,0,26,26,592,0.9995
29624945,1769094408000,26,19,0,0,19,19,596,0.9996
29624946,1769094414000,20,26,0,0,26,26,596,0.9992
29624947,1769094420000,26,20,0,0,20,20,596,0.9991
29624948,1769094426000,25,26,0,0,26,26,596,0.9994
29624949,1769094432000,28,25,0,0,25,25,596,0.9995
29624950,1769094438000,25,28,0,0,28,28,596,0.999
29624951,1769094444000,28,25,0,0,25,25,596,0.9988
29624952,1769094450000,26,28,0,0,28,28,597,0.9984
29624953,1769094456000,28,26,0,0,26,26,597,0.9979
29624954,1769094462000,22,28,0,0,28,28,597,0.9983
29624955,1769094468000,30,22,0,0,22,22,597,0.9979
29624956,1769094474000,26,30,0,0,30,30,597,0.9984
29624957,1769094480000,29,26,0,0,26,26,597,0.9977
29624958,1769094486000,26,29,0,0,29,29,597,0.9981
29624959,1769094492000,28,26,0,0,26,26,596,0.9987
29624960,1769094498000,23,28,0,0,28,28,596,0.9996
29624961,1769094504000,27,23,0,0,23,23,596,0.9992
29624962,1769094510000,23,27,0,0,27,27,597,0.998
29624963,1769094516000,24,23,0,0,23,23,597,0.9974
29624964,1769094522000,21,24,0,0,24,24,596,0.9987
29624965,1769094528000,27,21,0,0,21,21,596,0.9991
29624966,1769094534000,25,27,0,0,27,27,596,0.9991
29624967,1769094540000,28,25,0,0,25,25,596,0.9988
29624968,1769094546000,28,28,0,0,28,28,596,0.9993
29624969,1769094552000,26,28,0,0,28,28,595,0.9992
29624970,1769094558000,26,26,0,0,26,26,597,0.9978
29624971,1769094564000,27,26,0,0,26,26,597,0.9981
29624972,1769094570000,27,27,0,0,27,27,597,0.9983
29624973,1769094576000,27,27,0,0,27,27,597,0.9981
29624974,1769094582000,26,27,0,0,27,27,596,0.9995
29624975,1769094588000,25,26,0,0,26,26,596,0.9996
29624976,1769094594000,28,25,0,0,25,25,596,0.9993
29624977,1769094600000,25,28,0,0,28,28,596,0.9997
29624978,1769094606000,25,25,0,0,25,25,597,0.9985
29624979,1769094612000,26,25,0,0,25,25,597,0.9987
29624980,1769094618000,25,26,0,0,26,26,596,0.999
29624981,1769094624000,27,25,0,0,25,25,597,0.9985
29624982,1769094630000,27,27,0,0,27,27,596,0.9994
29624983,1769094636000,25,27,0,0,27,27,596,0.9992
29624984,1769094642000,23,25,0,0,25,25,597,0.9984
29624985,1769094648000,26,23,0,0,23,23,597,0.9985
29624986,1769094654000,25,26,0,0,26,26,597,0.9979
29624987,1769094660000,25,25,0,0,25,25,597,0.9983
29624988,1769094666000,29,25,0,0,25,25,597,0.9976
29624989,1769094672000,25,29,0,0,29,29,597,0.9983
29624990,1769094678000,27,25,0,0,25,25,597,0.9983
29624991,1769094684000,26,27,0,0,27,27,596,0.9983
29624992,1769094690000,28,26,0,0,26,26,597,0.9986
29624993,1769094696000,24,28,0,0,28,28,595,0.9986
29624994,1769094702000,26,24,0,0,24,24,597,0.9983
29624995,1769094708000,24,26,0,0,26,26,597,0.9963
29624996,1769094714000,29,24,0,0,24,24,596,0.9985
29624997,1769094720000,24,29,0,0,29,29,597,0.9983
29624998,1769094726000,28,24,0,0,24,24,596,0.9994
29624999,1769094732000,23,28,0,0,28,28,596,0.9991
29625000,1769094738000,23,23,0,0,23,23,596,0.9993
29625001,1769094744000,23,23,0,0,23,23,596,0.9992
29625002,1769094750000,25,23,0,0,23,23,596,0.9992
29625003,1769094756000,19,25,0,0,25,25,596,0.9991
29625004,1769094762000,23,19,0,0,19,19,596,0.9996
29625005,1769094768000,20,23,0,0,23,23,595,0.9996
29625006,1769094774000,22,20,0,0,20,20,596,0.9995
29625007,1769094780000,26,22,0,0,22,22,596,0.999
29625008,1769094786000,28,26,0,0,26,26,596,0.9997
29625009,1769094792000,26,28,0,0,28,28,596,0.9995
29625010,1769094798000,30,26,0,0,26,26,596,0.9993
29625011,1769094804000,26,30,0,0,30,30,595,0.9994
29625012,1769094810000,29,26,0,0,26,26,596,0.9992
29625013,1769094816000,27,29,0,0,29,29,596,0.9994
29625014,1769094822000,27,27,0,0,27,27,595,0.9997
29625015,1769094828000,24,27,0,0,27,27,595,0.999
29625016,1769094834000,28,24,0,0,24,24,596,0.9997
29625017,1769094840000,24,28,0,0,28,28,596,0.9996
29625018,1769094846000,25,24,0,0,24,24,596,0.9987
29625019,1769094852000,26,25,0,0,25,25,594,0.9997
29625020,1769094858000,25,26,0,0,26,26,596,0.9994
29625021,1769094864000,26,25,0,0,25,25,596,0.9987
29625022,1769094870000,26,26,0,0,26,26,596,0.9994
29625023,1769094876000,24,26,0,0,26,26,596,0.9993
29625024,1769094882000,27,24,0,0,24,24,596,0.9993
29625025,1769094888000,23,27,0,0,27,27,596,0.9994
29625026,1769094894000,24,23,0,0,23,23,596,0.9996
29625027,1769094900000,24,24,0,0,24,24,596,0.9987
29625028,1769094906000,27,24,0,0,24,24,596,0.998
29625029,1769094912000,23,27,0,0,27,27,596,0.9996
29625030,1769094918000,26,23,0,0,23,23,596,0.9995
29625031,1769094924000,23,26,0,0,26,26,596,0.999
29625032,1769094930000,26,23,0,0,23,23,596,0.9996
29625033,1769094936000,25,26,0,0,26,26,596,0.9997
29625034,1769094942000,28,25,0,0,25,25,596,0.9993
29625035,1769094948000,25,28,0,0,28,28,596,0.9994
29625036,1769094954000,27,25,0,0,25,25,596,0.9995
29625037,1769094960000,22,27,0,0,27,27,596,0.9992
29625038,1769094966000,25,22,0,0,22,22,596,0.9996
29625039,1769094972000,23,25,0,0,25,25,597,0.9987
29625040,1769094978000,28,23,0,0,23,23,595,0.9988
29625041,1769094984000,25,28,0,0,28,28,596,0.9987
29625042,1769094990000,27,25,0,0,25,25,596,0.9998
29625043,1769094996000,24,27,0,0,27,27,596,0.9994
29625044,1769095002000,25,24,0,0,24,24,595,0.9994
29625045,1769095008000,25,25,0,0,25,25,596,0.9992
29625046,1769095014000,24,25,0,0,25,25,596,0.9994
29625047,1769095020000,26,24,0,0,24,24,596,0.9997
29625048,1769095026000,27,26,0,0,26,26,596,0.9995
29625049,1769095032000,24,27,0,0,27,27,596,0.9995
29625050,1769095038000,25,24,0,0,24,24,596,0.9994
29625051,1769095044000,27,25,0,0,25,25,596,0.999
29625052,1769095050000,28,27,0,0,27,27,596,0.999
29625053,1769095056000,26,28,0,0,28,28,595,0.9992
29625054,1769095062000,25,26,0,0,26,26,596,0.9992
29625055,1769095068000,25,25,0,0,25,25,596,0.9989
29625056,1769095074000,25,25,0,0,25,25,596,0.9997
29625057,1769095080000,23,25,0,0,25,25,596,0.9997
29625058,1769095086000,26,23,0,0,23,23,596,0.9995
29625059,1769095092000,27,26,0,0,26,26,596,0.9992
29625060,1769095098000,27,27,0,0,27,27,596,0.9979
29625061,1769095104000,27,27,0,0,27,27,596,0.9996
29625062,1769095110000,26,27,0,0,27,27,596,0.9996
29625063,1769095116000,26,26,0,0,26,26,596,0.9992
29625064,1769095122000,25,26,0,0,26,26,596,0.9994
29625065,1769095128000,27,25,0,0,25,25,596,0.9987
29625066,1769095134000,25,27,0,0,27,27,596,0.9995
29625067,1769095140000,0,25,0,0,25,25,596,0.9992
29625068,1769095146000,36,0,0,0,0,0,596,0
29625069,1769095152000,18,36,0,0,36,36,596,0.9998
29625070,1769095158000,36,18,0,0,18,18,596,0.9995
29625071,1769095164000,19,36,0,0,36,36,596,0.9993
29625072,1769095170000,30,19,0,0,19,19,596,0.9998
29625073,1769095176000,18,30,0,0,30,30,597,0.9984
29625074,1769095182000,32,18,0,0,18,18,596,0.9993
29625075,1769095188000,21,32,0,0,32,32,597,0.9985
29625076,1769095194000,33,21,0,0,21,21,597,0.9988
29625077,1769095200000,20,33,0,0,33,33,596,0.9997
29625078,1769095206000,33,20,0,0,20,20,597,0.9982
29625079,1769095212000,22,33,0,0,33,33,596,0.9983
29625080,1769095218000,33,22,0,0,22,22,596,0.9995
29625081,1769095224000,18,33,0,0,33,33,596,0.9992
29625082,1769095230000,32,18,0,0,18,18,595,0.9994
29625083,1769095236000,18,32,0,0,32,32,596,0.9995
29625084,1769095242000,32,18,0,0,18,18,596,0.9994
29625085,1769095248000,20,32,0,0,32,32,596,0.9994
29625086,1769095254000,29,20,0,0,20,20,596,0.9993
29625087,1769095260000,17,29,0,0,29,29,596,0.999
29625088,1769095266000,30,17,0,0,17,17,596,0.9993
29625089,1769095272000,14,30,0,0,30,30,596,0.9997
29625090,1769095278000,31,14,0,0,14,14,595,0.9999
29625091,1769095284000,16,31,0,0,31,31,596,0.9995
29625092,1769095290000,29,16,0,0,16,16,597,0.9985
29625093,1769095296000,17,29,0,0,29,29,597,0.9981
29625094,1769095302000,29,17,0,0,17,17,597,0.9984
29625095,1769095308000,18,29,0,0,29,29,595,0.9997
29625096,1769095314000,31,18,0,0,18,18,597,0.9983
29625097,1769095320000,16,31,0,0,31,31,596,0.9993
29625098,1769095326000,35,16,0,0,16,16,597,0.9985
29625099,1769095332000,19,35,0,0,35,35,595,0.9996
29625100,1769095338000,33,19,0,0,19,19,596,0.9998
29625101,1769095344000,18,33,0,0,33,33,596,0.9994
29625102,1769095350000,35,18,0,0,18,18,596,0.9995
29625103,1769095356000,19,35,0,0,35,35,596,0.9993
29625104,1769095362000,32,19,0,0,19,19,596,0.9995
29625105,1769095368000,17,32,0,0,32,32,593,0.9995
29625106,1769095374000,32,17,0,0,17,17,596,0.9999
29625107,1769095380000,17,32,0,0,32,32,596,0.9997
29625108,1769095386000,33,17,0,0,17,17,596,0.9991
29625109,1769095392000,18,33,0,0,33,33,596,0.9993
29625110,1769095398000,32,18,0,0,18,18,596,0.9984
29625111,1769095404000,19,32,0,0,32,32,596,0.9993
29625112,1769095410000,33,19,0,0,19,19,596,0.9993
29625113,1769095416000,19,33,0,0,33,33,596,0.9992
29625114,1769095422000,28,19,0,0,19,19,596,0.9992
29625115,1769095428000,21,28,0,0,28,28,596,0.9995
29625116,1769095434000,31,21,0,0,21,21,596,0.9991
29625117,1769095440000,21,31,0,0,31,31,596,0.9992
29625118,1769095446000,28,21,0,0,21,21,594,0.9993
29625119,1769095452000,20,28,0,0,28,28,596,0.9993
29625120,1769095458000,33,20,0,0,20,20,596,0.9992
29625121,1769095464000,22,33,0,0,33,33,596,0.9996
29625122,1769095470000,31,22,0,0,22,22,596,0.9977
29625123,1769095476000,19,31,0,0,31,31,596,0.9982
29625124,1769095482000,30,19,0,0,19,19,596,0.9986
29625125,1769095488000,18,30,0,0,30,30,596,0.9979
29625126,1769095494000,31,18,0,0,18,18,596,0.9993
29625127,1769095500000,20,31,0,0,31,31,596,0.9987
29625128,1769095506000,29,20,0,0,20,20,596,0.9987
29625129,1769095512000,19,29,0,0,29,29,596,0.999
29625130,1769095518000,28,19,0,0,19,19,596,0.9985
29625131,1769095524000,19,28,0,0,28,28,596,0.9996
29625132,1769095530000,26,19,0,0,19,19,596,0.9997
29625133,1769095536000,20,26,0,0,26,26,596,0.9995
29625134,1769095542000,28,20,0,0,20,20,596,0.9995
29625135,1769095548000,20,28,0,0,28,28,596,0.9993
29625136,1769095554000,24,20,0,0,20,20,591,0.9996
29625137,1769095560000,22,24,0,0,24,24,596,0.9995
29625138,1769095566000,1,22,0,0,22,22,596,0.9995
29625139,1769095572000,35,1,0,0,1,1,595,1
29625140,1769095578000,22,35,0,0,35,35,595,0.9997
29625141,1769095584000,30,22,0,0,22,22,595,0.9992
29625142,1769095590000,23,30,0,0,30,30,596,0.9994
29625143,1769095596000,27,23,0,0,23,23,596,0.9997
29625144,1769095602000,20,27,0,0,27,27,596,0.9996
29625145,1769095608000,26,20,0,0,20,20,596,0.9997
29625146,1769095614000,20,26,0,0,26,26,596,0.9997
29625147,1769095620000,29,20,0,0,20,20,596,0.9995
29625148,1769095626000,24,29,0,0,29,29,596,0.9994
29625149,1769095632000,26,24,0,0,24,24,596,0.9994
29625150,1769095638000,26,26,0,0,26,26,596,0.9994
29625151,1769095644000,27,26,0,0,26,26,596,0.9992
29625152,1769095650000,23,27,0,0,27,27,596,0.9995
29625153,1769095656000,26,23,0,0,23,23,596,0.9993
29625154,1769095662000,22,26,0,0,26,26,596,0.9988
29625155,1769095668000,0,22,0,0,22,22,596,0.9991
29625156,1769095674000,32,0,0,0,0,0,596,0
29625157,1769095680000,18,32,0,0,32,32,597,0.9987
29625158,1769095686000,35,18,0,0,18,18,596,0.9989
29625159,1769095692000,18,35,0,0,35,35,596,0.9997
29625160,1769095698000,35,18,0,0,18,18,597,0.9985
29625161,1769095704000,17,35,0,0,35,35,597,0.9987
29625162,1769095710000,32,17,0,0,17,17,596,0.9997
29625163,1769095716000,17,32,0,0,32,32,596,0.9995
29625164,1769095722000,29,17,0,0,17,17,597,0.9988
29625165,1769095728000,15,29,0,0,29,29,597,0.9988
29625166,1769095734000,33,15,0,0,15,15,596,0.9998
29625167,1769095740000,19,33,0,0,33,33,597,0.9982
29625168,1769095746000,34,19,0,0,19,19,597,0.9982
29625169,1769095752000,15,34,0,0,34,34,597,0.9987
29625170,1769095758000,33,15,0,0,15,15,597,0.9988
29625171,1769095764000,18,33,0,0,33,33,597,0.9982
29625172,1769095770000,36,18,0,0,18,18,596,0.9985
29625173,1769095776000,17,36,0,0,36,36,596,0.9989
29625174,1769095782000,31,17,0,0,17,17,597,0.9974
29625175,1769095788000,18,31,0,0,31,31,597,0.9973
29625176,1769095794000,33,18,0,0,18,18,596,0.9992
29625177,1769095800000,16,33,0,0,33,33,597,0.9979
29625178,1769095806000,33,16,0,0,16,16,597,0.9982
29625179,1769095812000,19,33,0,0,33,33,597,0.9969
29625180,1769095818000,32,19,0,0,19,19,597,0.9983
29625181,1769095824000,21,32,0,0,32,32,597,0.9971
29625182,1769095830000,32,21,0,0,21,21,597,0.9977
29625183,1769095836000,17,32,0,0,32,32,596,0.9987
29625184,1769095842000,30,17,0,0,17,17,596,0.9997
29625185,1769095848000,19,30,0,0,30,30,596,0.9987
29625186,1769095854000,33,19,0,0,19,19,596,0.9991
29625187,1769095860000,21,33,0,0,33,33,596,0.9976
29625188,1769095866000,33,21,0,0,21,21,596,0.9986
29625189,1769095872000,20,33,0,0,33,33,596,0.9988
29625190,1769095878000,36,20,0,0,20,20,597,0.9977
29625191,1769095884000,18,36,0,0,36,36,597,0.9983
29625192,1769095890000,33,18,0,0,18,18,596,0.9994
29625193,1769095896000,22,33,0,0,33,33,596,0.9996
29625194,1769095902000,32,22,0,0,22,22,596,0.9995
29625195,1769095908000,20,32,0,0,32,32,596,0.9995
29625196,1769095914000,34,20,0,0,20,20,595,0.9981
29625197,1769095920000,18,34,0,0,34,34,596,0.9979
29625198,1769095926000,30,18,0,0,18,18,596,0.9994
29625199,1769095932000,22,30,0,0,30,30,596,0.9996
29625200,1769095938000,31,22,0,0,22,22,596,0.9992
29625201,1769095944000,18,31,0,0,31,31,596,0.9995
29625202,1769095950000,30,18,0,0,18,18,597,0.998
29625203,1769095956000,20,30,0,0,30,30,597,0.9976
29625204,1769095962000,32,20,0,0,20,20,596,0.9992
29625205,1769095968000,21,32,0,0,32,32,596,0.9984
29625206,1769095974000,27,21,0,0,21,21,596,0.9982
29625207,1769095980000,24,27,0,0,27,27,596,0.9991
29625208,1769095986000,29,24,0,0,24,24,596,0.9991
29625209,1769095992000,20,29,0,0,29,29,596,0.9993
29625210,1769095998000,26,20,0,0,20,20,596,0.9997
29625211,1769096004000,23,26,0,0,26,26,596,0.9992
29625212,1769096010000,30,23,0,0,23,23,596,0.9991
29625213,1769096016000,21,30,0,0,30,30,596,0.9993
29625214,1769096022000,27,21,0,0,21,21,596,0.9993
29625215,1769096028000,20,27,0,0,27,27,596,0.9994
29625216,1769096034000,29,20,0,0,20,20,596,0.9997
29625217,1769096040000,22,29,0,0,29,29,596,0.9997
29625218,1769096046000,29,22,0,0,22,22,596,0.9992
29625219,1769096052000,20,29,0,0,29,29,596,0.9992
29625220,1769096058000,31,20,0,0,20,20,596,0.9994
29625221,1769096064000,22,31,0,0,31,31,596,0.9991
29625222,1769096070000,28,22,0,0,22,22,596,0.9996
29625223,1769096076000,20,28,0,0,28,28,596,0.9994
29625224,1769096082000,29,20,0,0,20,20,596,0.9995
29625225,1769096088000,21,29,0,0,29,29,596,0.9997
29625226,1769096094000,0,21,0,0,21,21,596,0.9995
29625227,1769096100000,27,0,0,0,0,0,594,0
29625228,1769096106000,23,27,0,0,27,27,594,0.9933
29625229,1769096112000,27,23,0,0,23,23,593,0.9949
29625230,1769096118000,23,27,0,0,27,27,594,0.9953
29625231,1769096124000,30,23,0,0,23,23,588,0.9952
29625232,1769096130000,21,30,0,0,30,30,590,0.9959
29625233,1769096136000,27,21,0,0,21,21,592,0.9946
29625234,1769096142000,23,27,0,0,27,27,593,0.9975
29625235,1769096148000,31,23,0,0,23,23,594,0.9962
29625236,1769096154000,21,31,0,0,31,31,594,0.9976
29625237,1769096160000,27,21,0,0,21,21,594,0.9984
29625238,1769096166000,24,27,0,0,27,27,594,0.9962
29625239,1769096172000,29,24,0,0,24,24,594,0.9963
29625240,1769096178000,22,29,0,0,29,29,595,0.9974
29625241,1769096184000,31,22,0,0,22,22,597,0.9961
29625242,1769096190000,22,31,0,0,31,31,596,0.9986
29625243,1769096196000,30,22,0,0,22,22,596,0.998
29625244,1769096202000,21,30,0,0,30,30,596,0.9983
29625245,1769096208000,29,21,0,0,21,21,596,0.997
29625246,1769096214000,23,29,0,0,29,29,596,0.9983
29625247,1769096220000,30,23,0,0,23,23,596,0.9987
29625248,1769096226000,23,30,0,0,30,30,596,0.9981
29625249,1769096232000,33,23,0,0,23,23,595,0.9977
29625250,1769096238000,23,33,0,0,33,33,596,0.9979
29625251,1769096244000,31,23,0,0,23,23,593,0.9982
29625252,1769096250000,23,31,0,0,31,31,596,0.9982
29625253,1769096256000,31,23,0,0,23,23,596,0.998
29625254,1769096262000,21,31,0,0,31,31,597,0.9976
29625255,1769096268000,32,21,0,0,21,21,596,0.9978
29625256,1769096274000,20,32,0,0,32,32,597,0.9973
29625257,1769096280000,34,20,0,0,20,20,597,0.9975
29625258,1769096286000,19,34,0,0,34,34,596,0.9982
29625259,1769096292000,31,19,0,0,19,19,596,0.9996
29625260,1769096298000,21,31,0,0,31,31,597,0.9975
29625261,1769096304000,31,21,0,0,21,21,597,0.9974
29625262,1769096310000,19,31,0,0,31,31,597,0.9962
29625263,1769096316000,30,19,0,0,19,19,596,0.9996
29625264,1769096322000,21,30,0,0,30,30,596,0.9987
29625265,1769096328000,32,21,0,0,21,21,596,0.9987
29625266,1769096334000,22,32,0,0,32,32,595,0.998
29625267,1769096340000,33,22,0,0,22,22,596,0.9992
29625268,1769096346000,18,33,0,0,33,33,597,0.9975
29625269,1769096352000,33,18,0,0,18,18,597,0.994
29625270,1769096358000,20,33,0,0,33,33,597,0.9976
29625271,1769096364000,31,20,0,0,20,20,597,0.9969
29625272,1769096370000,18,31,0,0,31,31,597,0.9976
29625273,1769096376000,32,18,0,0,18,18,597,0.9968
29625274,1769096382000,20,32,0,0,32,32,597,0.9976
29625275,1769096388000,34,20,0,0,20,20,597,0.9977
29625276,1769096394000,18,34,0,0,34,34,597,0.998
29625277,1769096400000,31,18,0,0,18,18,597,0.9974
29625278,1769096406000,20,31,0,0,31,31,597,0.9976
29625279,1769096412000,31,20,0,0,20,20,597,0.9974
29625280,1769096418000,17,31,0,0,31,31,597,0.9975
29625281,1769096424000,0,17,0,0,17,17,597,0.9975
29625282,1769096430000,30,0,0,0,0,0,597,0
29625283,1769096436000,20,30,0,0,30,30,597,0.9977
29625284,1769096442000,29,20,0,0,20,20,597,0.9978
29625285,1769096448000,20,29,0,0,29,29,597,0.998
29625286,1769096454000,29,20,0,0,20,20,596,0.9968
29625287,1769096460000,23,29,0,0,29,29,596,0.999
29625288,1769096466000,27,23,0,0,23,23,596,0.9994
29625289,1769096472000,21,27,0,0,27,27,596,0.9986
29625290,1769096478000,29,21,0,0,21,21,596,0.9986
29625291,1769096484000,23,29,0,0,29,29,596,0.9983
29625292,1769096490000,28,23,0,0,23,23,596,0.998
29625293,1769096496000,21,28,0,0,28,28,596,0.9985
29625294,1769096502000,27,21,0,0,21,21,596,0.9994
29625295,1769096508000,23,27,0,0,27,27,596,0.9975
29625296,1769096514000,26,23,0,0,23,23,596,0.9991
29625297,1769096520000,25,26,0,0,26,26,596,0.9985
29625298,1769096526000,31,25,0,0,25,25,596,0.999
29625299,1769096532000,23,31,0,0,31,31,597,0.9982
29625300,1769096538000,29,23,0,0,23,23,596,0.9985
29625301,1769096544000,21,29,0,0,29,29,597,0.9969
29625302,1769096550000,33,21,0,0,21,21,596,0.998
29625303,1769096556000,21,33,0,0,33,33,596,0.9995
29625304,1769096562000,33,21,0,0,21,21,597,0.9984
29625305,1769096568000,21,33,0,0,33,33,597,0.9981
29625306,1769096574000,33,21,0,0,21,21,596,0.9993
29625307,1769096580000,20,33,0,0,33,33,596,0.9991
29625308,1769096586000,35,20,0,0,20,20,596,0.9989
29625309,1769096592000,19,35,0,0,35,35,596,0.9971
29625310,1769096598000,31,19,0,0,19,19,596,0.9978
29625311,1769096604000,21,31,0,0,31,31,594,0.9983
29625312,1769096610000,29,21,0,0,21,21,596,0.9983
29625313,1769096616000,20,29,0,0,29,29,596,0.9993
29625314,1769096622000,31,20,0,0,20,20,596,0.9991
29625315,1769096628000,21,31,0,0,31,31,596,0.9992
29625316,1769096634000,30,21,0,0,21,21,596,0.9993
29625317,1769096640000,24,30,0,0,30,30,596,0.9993
29625318,1769096646000,32,24,0,0,24,24,596,0.9964
29625319,1769096652000,23,32,0,0,32,32,596,0.9989
29625320,1769096658000,32,23,0,0,23,23,596,0.9994
29625321,1769096664000,22,32,0,0,32,32,596,0.9994
29625322,1769096670000,31,22,0,0,22,22,593,0.9992
29625323,1769096676000,22,31,0,0,31,31,594,0.9993
29625324,1769096682000,29,22,0,0,22,22,594,0.9992
29625325,1769096688000,22,29,0,0,29,29,594,0.998
29625326,1769096694000,31,22,0,0,22,22,594,0.9989
29625327,1769096700000,24,31,0,0,31,31,595,0.9977
29625328,1769096706000,31,24,0,0,24,24,594,0.9989
29625329,1769096712000,22,31,0,0,31,31,595,0.9977
29625330,1769096718000,26,22,0,0,22,22,595,0.9973
29625331,1769096724000,23,26,0,0,26,26,594,0.999
29625332,1769096730000,28,23,0,0,23,23,594,0.9987
29625333,1769096736000,20,28,0,0,28,28,594,0.999
29625334,1769096742000,28,20,0,0,20,20,594,0.9985
29625335,1769096748000,23,28,0,0,28,28,594,0.9992
29625336,1769096754000,31,23,0,0,23,23,594,0.9992
29625337,1769096760000,20,31,0,0,31,31,594,0.9989
29625338,1769096766000,30,20,0,0,20,20,594,0.9987
29625339,1769096772000,19,30,0,0,30,30,594,0.9987
29625340,1769096778000,29,19,0,0,19,19,595,0.9972
29625341,1769096784000,18,29,0,0,29,29,594,0.9994
29625342,1769096790000,31,18,0,0,18,18,594,0.9978
29625343,1769096796000,22,31,0,0,31,31,594,0.999
29625344,1769096802000,29,22,0,0,22,22,594,0.9996
29625345,1769096808000,20,29,0,0,29,29,594,0.9992
29625346,1769096814000,33,20,0,0,20,20,595,0.998
29625347,1769096820000,22,33,0,0,33,33,594,0.9976
29625348,1769096826000,29,22,0,0,22,22,594,0.9982
29625349,1769096832000,19,29,0,0,29,29,595,0.9977
29625350,1769096838000,29,19,0,0,19,19,595,0.9972
29625351,1769096844000,18,29,0,0,29,29,595,0.9974
29625352,1769096850000,30,18,0,0,18,18,595,0.9977
29625353,1769096856000,19,30,0,0,30,30,594,0.9982
29625354,1769096862000,31,19,0,0,19,19,595,0.9966
29625355,1769096868000,18,31,0,0,31,31,595,0.9978
29625356,1769096874000,32,18,0,0,18,18,595,0.9975
29625357,1769096880000,19,32,0,0,32,32,594,0.999
29625358,1769096886000,30,19,0,0,19,19,595,0.9973
29625359,1769096892000,22,30,0,0,30,30,594,0.9992
29625360,1769096898000,32,22,0,0,22,22,595,0.9963
29625361,1769096904000,20,32,0,0,32,32,595,0.9981
29625362,1769096910000,32,20,0,0,20,20,595,0.9977
29625363,1769096916000,21,32,0,0,32,32,595,0.9979
29625364,1769096922000,29,21,0,0,21,21,595,0.9978
29625365,1769096928000,20,29,0,0,29,29,595,0.9976
29625366,1769096934000,32,20,0,0,20,20,595,0.9972
29625367,1769096940000,21,32,0,0,32,32,595,0.9965
29625368,1769096946000,30,21,0,0,21,21,595,0.9973
29625369,1769096952000,19,30,0,0,30,30,595,0.9975
29625370,1769096958000,34,19,0,0,19,19,595,0.9972
29625371,1769096964000,20,34,0,0,34,34,595,0.9962
29625372,1769096970000,31,20,0,0,20,20,595,0.9976
29625373,1769096976000,18,31,0,0,31,31,595,0.9982
29625374,1769096982000,35,18,0,0,18,18,595,0.9983
29625375,1769096988000,20,35,0,0,35,35,595,0.9976
29625376,1769096994000,33,20,0,0,20,20,595,0.9986
29625377,1769097000000,19,33,0,0,33,33,595,0.9982
29625378,1769097006000,29,19,0,0,19,19,595,0.998
29625379,1769097012000,19,29,0,0,29,29,595,0.9969
29625380,1769097018000,31,19,0,0,19,19,594,0.9964
29625381,1769097024000,20,31,0,0,31,31,595,0.9967
29625382,1769097030000,33,20,0,0,20,20,595,0.9986
29625383,1769097036000,22,33,0,0,33,33,595,0.9985
29625384,1769097042000,31,22,0,0,22,22,595,0.9985
29625385,1769097048000,20,31,0,0,31,31,596,0.9981
29625386,1769097054000,33,20,0,0,20,20,595,0.9976
29625387,1769097060000,22,33,0,0,33,33,595,0.9983
29625388,1769097066000,33,22,0,0,22,22,596,0.9981
29625389,1769097072000,21,33,0,0,33,33,596,0.999
29625390,1769097078000,29,21,0,0,21,21,596,0.9995
29625391,1769097084000,21,29,0,0,29,29,597,0.998
29625392,1769097090000,26,21,0,0,21,21,597,0.9975
29625393,1769097096000,20,26,0,0,26,26,596,0.9992
29625394,1769097102000,30,20,0,0,20,20,596,0.9986
29625395,1769097108000,20,30,0,0,30,30,596,0.9994
29625396,1769097114000,31,20,0,0,20,20,596,0.9992
29625397,1769097120000,22,31,0,0,31,31,596,0.9994
29625398,1769097126000,30,22,0,0,22,22,596,0.9988
29625399,1769097132000,21,30,0,0,30,30,594,0.9994
29625400,1769097138000,30,21,0,0,21,21,596,0.999
29625401,1769097144000,23,30,0,0,30,30,596,0.9994
29625402,1769097150000,29,23,0,0,23,23,596,0.9992
29625403,1769097156000,20,29,0,0,29,29,596,0.9997
29625404,1769097162000,33,20,0,0,20,20,596,0.9997
29625405,1769097168000,22,33,0,0,33,33,596,0.9995
29625406,1769097174000,31,22,0,0,22,22,595,0.9992
29625407,1769097180000,20,31,0,0,31,31,596,0.9992
29625408,1769097186000,30,20,0,0,20,20,596,0.9997
29625409,1769097192000,22,30,0,0,30,30,596,0.9993
29625410,1769097198000,33,22,0,0,22,22,596,0.9992
29625411,1769097204000,22,33,0,0,33,33,596,0.9991
29625412,1769097210000,29,22,0,0,22,22,596,0.9993
29625413,1769097216000,22,29,0,0,29,29,595,0.9995
29625414,1769097222000,31,22,0,0,22,22,594,0.9993
29625415,1769097228000,21,31,0,0,31,31,595,0.9995
29625416,1769097234000,33,21,0,0,21,21,596,0.9993
29625417,1769097240000,23,33,0,0,33,33,596,0.9994
29625418,1769097246000,32,23,0,0,23,23,595,0.9993
29625419,1769097252000,22,32,0,0,32,32,596,0.9985
29625420,1769097258000,28,22,0,0,22,22,596,0.9994
29625421,1769097264000,24,28,0,0,28,28,596,0.9989
29625422,1769097270000,29,24,0,0,24,24,595,0.9985
29625423,1769097276000,24,29,0,0,29,29,596,0.9994
29625424,1769097282000,30,24,0,0,24,24,596,0.9997
29625425,1769097288000,25,30,0,0,30,30,596,0.999
29625426,1769097294000,28,25,0,0,25,25,597,0.998
29625427,1769097300000,26,28,0,0,28,28,597,0.9968
29625428,1769097306000,29,26,0,0,26,26,596,0.9982
29625429,1769097312000,25,29,0,0,29,29,597,0.9977
29625430,1769097318000,26,25,0,0,25,25,596,0.9966
29625431,1769097324000,25,26,0,0,26,26,597,0.9964
29625432,1769097330000,28,25,0,0,25,25,597,0.9979
29625433,1769097336000,25,28,0,0,28,28,597,0.9981
29625434,1769097342000,26,25,0,0,25,25,597,0.9985
29625435,1769097348000,26,26,0,0,26,26,596,0.999
29625436,1769097354000,27,26,0,0,26,26,596,0.9995
29625437,1769097360000,0,27,0,0,27,27,596,0.9993
29625438,1769097366000,32,0,0,0,0,0,596,0
29625439,1769097372000,20,32,0,0,32,32,596,0.9997
29625440,1769097378000,31,20,0,0,20,20,596,0.9993
29625441,1769097384000,0,31,0,0,31,31,596,0.9978
29625442,1769097390000,35,0,0,0,0,0,596,0
29625443,1769097396000,19,35,0,0,35,35,597,0.9983
29625444,1769097402000,31,19,0,0,19,19,596,0.999
29625445,1769097408000,22,31,0,0,31,31,596,0.9989
29625446,1769097414000,31,22,0,0,22,22,597,0.9977
29625447,1769097420000,22,31,0,0,31,31,596,0.9992
29625448,1769097426000,27,22,0,0,22,22,596,0.9994
29625449,1769097432000,22,27,0,0,27,27,596,0.9992
29625450,1769097438000,30,22,0,0,22,22,596,0.9995
29625451,1769097444000,21,30,0,0,30,30,596,0.9994
29625452,1769097450000,28,21,0,0,21,21,596,0.9994
29625453,1769097456000,22,28,0,0,28,28,597,0.999
29625454,1769097462000,28,22,0,0,22,22,597,0.9979
29625455,1769097468000,23,28,0,0,28,28,597,0.9982
29625456,1769097474000,29,23,0,0,23,23,597,0.9988
29625457,1769097480000,21,29,0,0,29,29,597,0.9985
29625458,1769097486000,28,21,0,0,21,21,597,0.9982
29625459,1769097492000,22,28,0,0,28,28,597,0.9959
29625460,1769097498000,27,22,0,0,22,22,597,0.9957
29625461,1769097504000,21,27,0,0,27,27,597,0.9953
29625462,1769097510000,25,21,0,0,21,21,597,0.9961
29625463,1769097516000,21,25,0,0,25,25,597,0.9969
29625464,1769097522000,30,21,0,0,21,21,597,0.9975
29625465,1769097528000,25,30,0,0,30,30,597,0.9977
29625466,1769097534000,29,25,0,0,25,25,597,0.9973
29625467,1769097540000,24,29,0,0,29,29,596,0.999
29625468,1769097546000,28,24,0,0,24,24,597,0.9978
29625469,1769097552000,25,28,0,0,28,28,597,0.9977
29625470,1769097558000,28,25,0,0,25,25,597,0.9981
29625471,1769097564000,24,28,0,0,28,28,596,0.9975
29625472,1769097570000,26,24,0,0,24,24,597,0.9973
29625473,1769097576000,24,26,0,0,26,26,596,0.9996
29625474,1769097582000,25,24,0,0,24,24,597,0.9982
29625475,1769097588000,27,25,0,0,25,25,597,0.9977
29625476,1769097594000,23,27,0,0,27,27,597,0.9978
29625477,1769097600000,24,23,0,0,23,23,596,0.9999
29625478,1769097606000,24,24,0,0,24,24,597,0.9973
29625479,1769097612000,23,24,0,0,24,24,597,0.9976
29625480,1769097618000,25,23,0,0,23,23,597,0.9979
29625481,1769097624000,27,25,0,0,25,25,597,0.9979
29625482,1769097630000,25,27,0,0,27,27,597,0.9978
29625483,1769097636000,24,25,0,0,25,25,597,0.998
29625484,1769097642000,27,24,0,0,24,24,597,0.9985
29625485,1769097648000,28,27,0,0,27,27,597,0.9988
29625486,1769097654000,24,28,0,0,28,28,597,0.9984
29625487,1769097660000,26,24,0,0,24,24,597,0.9984
29625488,1769097666000,25,26,0,0,26,26,597,0.9981
29625489,1769097672000,26,25,0,0,25,25,597,0.9981
29625490,1769097678000,24,26,0,0,26,26,597,0.9979
29625491,1769097684000,27,24,0,0,24,24,596,0.9979
29625492,1769097690000,25,27,0,0,27,27,596,0.9992
29625493,1769097696000,28,25,0,0,25,25,597,0.9975
29625494,1769097702000,22,28,0,0,28,28,596,0.9995
29625495,1769097708000,27,22,0,0,22,22,595,0.9982
29625496,1769097714000,23,27,0,0,27,27,597,0.9977
29625497,1769097720000,26,23,0,0,23,23,597,0.9983
29625498,1769097726000,23,26,0,0,26,26,597,0.9977
29625499,1769097732000,28,23,0,0,23,23,597,0.9969
29625500,1769097738000,24,28,0,0,28,28,597,0.9977
29625501,1769097744000,28,24,0,0,24,24,596,0.999
29625502,1769097750000,24,28,0,0,28,28,597,0.9975
29625503,1769097756000,26,24,0,0,24,24,595,0.9988
29625504,1769097762000,23,26,0,0,26,26,595,0.9986
29625505,1769097768000,27,23,0,0,23,23,595,0.9989
29625506,1769097774000,25,27,0,0,27,27,595,0.9991
29625507,1769097780000,31,25,0,0,25,25,592,0.9997
29625508,1769097786000,24,31,0,0,31,31,596,0.9963
29625509,1769097792000,29,24,0,0,24,24,596,0.9995
29625510,1769097798000,24,29,0,0,29,29,596,0.9998
29625511,1769097804000,29,24,0,0,24,24,596,0.9995
29625512,1769097810000,24,29,0,0,29,29,596,0.999
29625513,1769097816000,26,24,0,0,24,24,596,0.9997
29625514,1769097822000,24,26,0,0,26,26,596,0.9997
29625515,1769097828000,29,24,0,0,24,24,595,0.9994
29625516,1769097834000,24,29,0,0,29,29,597,0.9977
29625517,1769097840000,27,24,0,0,24,24,596,0.9994
29625518,1769097846000,26,27,0,0,27,27,596,0.9984
29625519,1769097852000,25,26,0,0,26,26,596,0.9963
29625520,1769097858000,28,25,0,0,25,25,596,0.9982
29625521,1769097864000,23,28,0,0,28,28,596,0.9987
29625522,1769097870000,27,23,0,0,23,23,596,0.9987
29625523,1769097876000,21,27,0,0,27,27,596,0.9991
29625524,1769097882000,27,21,0,0,21,21,596,0.9995
29625525,1769097888000,19,27,0,0,27,27,596,0.9985
29625526,1769097894000,31,19,0,0,19,19,596,0.9993
29625527,1769097900000,22,31,0,0,31,31,595,0.9991
29625528,1769097906000,32,22,0,0,22,22,597,0.9978
29625529,1769097912000,21,32,0,0,32,32,596,0.9987
29625530,1769097918000,27,21,0,0,21,21,596,0.9975
29625531,1769097924000,21,27,0,0,27,27,596,0.9988
29625532,1769097930000,27,21,0,0,21,21,596,0.999
29625533,1769097936000,20,27,0,0,27,27,596,0.9994
29625534,1769097942000,30,20,0,0,20,20,596,0.9997
29625535,1769097948000,21,30,0,0,30,30,597,0.9977
29625536,1769097954000,28,21,0,0,21,21,596,0.9982
29625537,1769097960000,22,28,0,0,28,28,596,0.9993
29625538,1769097966000,30,22,0,0,22,22,597,0.9972
29625539,1769097972000,21,30,0,0,30,30,596,0.9994
29625540,1769097978000,31,21,0,0,21,21,597,0.9981
29625541,1769097984000,20,31,0,0,31,31,596,0.9992
29625542,1769097990000,30,20,0,0,20,20,597,0.9977
29625543,1769097996000,20,30,0,0,30,30,596,0.9994
29625544,1769098002000,30,20,0,0,20,20,597,0.9979
29625545,1769098008000,20,30,0,0,30,30,590,0.9985
29625546,1769098014000,30,20,0,0,20,20,596,0.9995
29625547,1769098020000,24,30,0,0,30,30,596,0.999
29625548,1769098026000,31,24,0,0,24,24,596,0.9992
29625549,1769098032000,22,31,0,0,31,31,595,0.9989
29625550,1769098038000,29,22,0,0,22,22,596,0.9974
29625551,1769098044000,19,29,0,0,29,29,596,0.9995
29625552,1769098050000,30,19,0,0,19,19,596,0.9989
29625553,1769098056000,18,30,0,0,30,30,596,0.9995
29625554,1769098062000,31,18,0,0,18,18,596,0.9995
29625555,1769098068000,20,31,0,0,31,31,596,0.9995
29625556,1769098074000,29,20,0,0,20,20,596,0.9989
29625557,1769098080000,20,29,0,0,29,29,596,0.9994
29625558,1769098086000,29,20,0,0,20,20,596,0.9997
29625559,1769098092000,20,29,0,0,29,29,596,0.9985
29625560,1769098098000,31,20,0,0,20,20,596,0.9985
29625561,1769098104000,20,31,0,0,31,31,596,0.9986
29625562,1769098110000,28,20,0,0,20,20,596,0.9993
29625563,1769098116000,19,28,0,0,28,28,597,0.9977
29625564,1769098122000,33,19,0,0,19,19,597,0.998
29625565,1769098128000,20,33,0,0,33,33,597,0.9978
29625566,1769098134000,33,20,0,0,20,20,597,0.9984
29625567,1769098140000,21,33,0,0,33,33,597,0.9982
29625568,1769098146000,33,21,0,0,21,21,597,0.9978
29625569,1769098152000,20,33,0,0,33,33,597,0.9982
29625570,1769098158000,33,20,0,0,20,20,597,0.9982
29625571,1769098164000,21,33,0,0,33,33,597,0.9981
29625572,1769098170000,34,21,0,0,21,21,597,0.9965
29625573,1769098176000,19,34,0,0,34,34,597,0.9944
29625574,1769098182000,32,19,0,0,19,19,597,0.9968
29625575,1769098188000,20,32,0,0,32,32,597,0.9981
29625576,1769098194000,35,20,0,0,20,20,595,0.9975
29625577,1769098200000,20,35,0,0,35,35,597,0.9984
29625578,1769098206000,32,20,0,0,20,20,597,0.9977
29625579,1769098212000,18,32,0,0,32,32,597,0.9985
29625580,1769098218000,29,18,0,0,18,18,597,0.9977
29625581,1769098224000,19,29,0,0,29,29,597,0.9982
29625582,1769098230000,33,19,0,0,19,19,597,0.9978
29625583,1769098236000,19,33,0,0,33,33,597,0.9982
29625584,1769098242000,33,19,0,0,19,19,597,0.9977
29625585,1769098248000,20,33,0,0,33,33,597,0.9983
29625586,1769098254000,29,20,0,0,20,20,597,0.9983
29625587,1769098260000,20,29,0,0,29,29,597,0.9987
29625588,1769098266000,30,20,0,0,20,20,597,0.9972
29625589,1769098272000,21,30,0,0,30,30,597,0.9981
29625590,1769098278000,29,21,0,0,21,21,597,0.9959
29625591,1769098284000,20,29,0,0,29,29,597,0.9983
29625592,1769098290000,31,20,0,0,20,20,597,0.9982
29625593,1769098296000,20,31,0,0,31,31,596,0.9994
29625594,1769098302000,32,20,0,0,20,20,597,0.9977
29625595,1769098308000,20,32,0,0,32,32,597,0.9981
29625596,1769098314000,29,20,0,0,20,20,596,0.9996
29625597,1769098320000,24,29,0,0,29,29,596,0.9992
29625598,1769098326000,28,24,0,0,24,24,596,0.9986
29625599,1769098332000,24,28,0,0,28,28,596,0.9995
29625600,1769098338000,25,24,0,0,24,24,596,0.9995
29625601,1769098344000,26,25,0,0,25,25,596,0.9995
29625602,1769098350000,28,26,0,0,26,26,596,0.999
29625603,1769098356000,26,28,0,0,28,28,597,0.9981
29625604,1769098362000,25,26,0,0,26,26,596,0.9995
29625605,1769098368000,27,25,0,0,25,25,597,0.9984
29625606,1769098374000,26,27,0,0,27,27,596,0.9981
29625607,1769098380000,28,26,0,0,26,26,596,0.9991
29625608,1769098386000,26,28,0,0,28,28,596,0.9993
29625609,1769098392000,23,26,0,0,26,26,596,0.9994
29625610,1769098398000,26,23,0,0,23,23,596,0.9995
29625611,1769098404000,26,26,0,0,26,26,596,0.9988
29625612,1769098410000,27,26,0,0,26,26,596,0.9988
29625613,1769098416000,26,27,0,0,27,27,597,0.9976
29625614,1769098422000,25,26,0,0,26,26,597,0.9977
29625615,1769098428000,23,25,0,0,25,25,597,0.9977
29625616,1769098434000,23,23,0,0,23,23,597,0.9979
29625617,1769098440000,26,23,0,0,23,23,597,0.998
29625618,1769098446000,23,26,0,0,26,26,597,0.9976
29625619,1769098452000,27,23,0,0,23,23,597,0.9977
29625620,1769098458000,25,27,0,0,27,27,597,0.9977
29625621,1769098464000,27,25,0,0,25,25,596,0.999
29625622,1769098470000,25,27,0,0,27,27,596,0.9988
29625623,1769098476000,28,25,0,0,25,25,596,0.9991
29625624,1769098482000,24,28,0,0,28,28,596,0.9992
29625625,1769098488000,29,24,0,0,24,24,597,0.9986
29625626,1769098494000,24,29,0,0,29,29,597,0.9984
29625627,1769098500000,28,24,0,0,24,24,597,0.9987
29625628,1769098506000,24,28,0,0,28,28,597,0.9989
29625629,1769098512000,28,24,0,0,24,24,597,0.9971
29625630,1769098518000,21,28,0,0,28,28,597,0.9972
29625631,1769098524000,26,21,0,0,21,21,597,0.9976
29625632,1769098530000,25,26,0,0,26,26,597,0.9983
29625633,1769098536000,28,25,0,0,25,25,596,0.9983
29625634,1769098542000,25,28,0,0,28,28,597,0.9978
29625635,1769098548000,28,25,0,0,25,25,596,0.999
29625636,1769098554000,26,28,0,0,28,28,597,0.9977
29625637,1769098560000,27,26,0,0,26,26,597,0.9979
29625638,1769098566000,25,27,0,0,27,27,597,0.9981
29625639,1769098572000,23,25,0,0,25,25,597,0.9966
29625640,1769098578000,25,23,0,0,23,23,596,0.9991
29625641,1769098584000,25,25,0,0,25,25,596,0.9993
29625642,1769098590000,24,25,0,0,25,25,597,0.9975
29625643,1769098596000,23,24,0,0,24,24,596,0.9992
29625644,1769098602000,23,23,0,0,23,23,596,0.9996
29625645,1769098608000,24,23,0,0,23,23,597,0.9984
29625646,1769098614000,25,24,0,0,24,24,597,0.9962
29625647,1769098620000,28,25,0,0,25,25,595,0.9983
29625648,1769098626000,25,28,0,0,28,28,597,0.9972
29625649,1769098632000,27,25,0,0,25,25,597,0.9976
29625650,1769098638000,27,27,0,0,27,27,597,0.998
29625651,1769098644000,28,27,0,0,27,27,597,0.9974
29625652,1769098650000,25,28,0,0,28,28,597,0.9977
29625653,1769098656000,27,25,0,0,25,25,596,0.9991
29625654,1769098662000,27,27,0,0,27,27,596,0.9976
29625655,1769098668000,26,27,0,0,27,27,597,0.9978
29625656,1769098674000,26,26,0,0,26,26,597,0.9976
29625657,1769098680000,26,26,0,0,26,26,597,0.9983
29625658,1769098686000,25,26,0,0,26,26,597,0.9979
29625659,1769098692000,23,25,0,0,25,25,597,0.9982
29625660,1769098698000,25,23,0,0,23,23,597,0.9985
29625661,1769098704000,24,25,0,0,25,25,597,0.9975
29625662,1769098710000,25,24,0,0,24,24,597,0.9978
29625663,1769098716000,27,25,0,0,25,25,597,0.9985
29625664,1769098722000,25,27,0,0,27,27,597,0.9986
29625665,1769098728000,29,25,0,0,25,25,597,0.9983
29625666,1769098734000,24,29,0,0,29,29,596,0.9982
29625667,1769098740000,29,24,0,0,24,24,597,0.9985
29625668,1769098746000,24,29,0,0,29,29,597,0.9969
29625669,1769098752000,26,24,0,0,24,24,596,0.9985
29625670,1769098758000,23,26,0,0,26,26,596,0.998
29625671,1769098764000,28,23,0,0,23,23,597,0.9979
29625672,1769098770000,25,28,0,0,28,28,597,0.998
29625673,1769098776000,28,25,0,0,25,25,597,0.9981
29625674,1769098782000,24,28,0,0,28,28,596,0.9989
29625675,1769098788000,27,24,0,0,24,24,597,0.998
29625676,1769098794000,24,27,0,0,27,27,597,0.9978
29625677,1769098800000,28,24,0,0,24,24,597,0.9977
29625678,1769098806000,23,28,0,0,28,28,597,0.9978
29625679,1769098812000,28,23,0,0,23,23,597,0.9979
29625680,1769098818000,24,28,0,0,28,28,597,0.998
29625681,1769098824000,26,24,0,0,24,24,597,0.9984
29625682,1769098830000,25,26,0,0,26,26,597,0.9982
29625683,1769098836000,28,25,0,0,25,25,597,0.9983
29625684,1769098842000,24,28,0,0,28,28,597,0.9978
29625685,1769098848000,29,24,0,0,24,24,597,0.998
29625686,1769098854000,24,29,0,0,29,29,597,0.9982
29625687,1769098860000,29,24,0,0,24,24,597,0.9971
29625688,1769098866000,24,29,0,0,29,29,597,0.9977
29625689,1769098872000,27,24,0,0,24,24,597,0.997
29625690,1769098878000,21,27,0,0,27,27,595,0.9988
29625691,1769098884000,28,21,0,0,21,21,596,0.9975
29625692,1769098890000,21,28,0,0,28,28,597,0.9968
29625693,1769098896000,27,21,0,0,21,21,597,0.998
29625694,1769098902000,26,27,0,0,27,27,594,0.9981
29625695,1769098908000,27,26,0,0,26,26,597,0.9983
29625696,1769098914000,22,27,0,0,27,27,596,0.9985
29625697,1769098920000,26,22,0,0,22,22,596,0.9994
29625698,1769098926000,22,26,0,0,26,26,596,0.9981
29625699,1769098932000,24,22,0,0,22,22,596,0.9995
29625700,1769098938000,24,24,0,0,24,24,597,0.998
29625701,1769098944000,0,24,0,0,24,24,597,0.9979
29625702,1769098950000,32,0,0,0,0,0,596,0
29625703,1769098956000,22,32,0,0,32,32,597,0.9981
29625704,1769098962000,27,22,0,0,22,22,597,0.9985
29625705,1769098968000,24,27,0,0,27,27,597,0.9975
29625706,1769098974000,29,24,0,0,24,24,597,0.998
29625707,1769098980000,27,29,0,0,29,29,596,0.9994
29625708,1769098986000,28,27,0,0,27,27,597,0.998
29625709,1769098992000,24,28,0,0,28,28,596,0.9997
29625710,1769098998000,29,24,0,0,24,24,596,0.9997
29625711,1769099004000,24,29,0,0,29,29,596,0.9993
29625712,1769099010000,27,24,0,0,24,24,596,0.9997
29625713,1769099016000,26,27,0,0,27,27,597,0.9979
29625714,1769099022000,30,26,0,0,26,26,596,0.9995
29625715,1769099028000,24,30,0,0,30,30,596,0.9997
29625716,1769099034000,30,24,0,0,24,24,596,0.9995
29625717,1769099040000,23,30,0,0,30,30,596,0.9994
29625718,1769099046000,25,23,0,0,23,23,596,0.9993
29625719,1769099052000,24,25,0,0,25,25,597,0.9981
29625720,1769099058000,25,24,0,0,24,24,597,0.9983
29625721,1769099064000,21,25,0,0,25,25,596,0.9993
29625722,1769099070000,24,21,0,0,21,21,597,0.9982
29625723,1769099076000,22,24,0,0,24,24,597,0.9984
29625724,1769099082000,22,22,0,0,22,22,597,0.9981
29625725,1769099088000,23,22,0,0,22,22,595,0.9986
29625726,1769099094000,22,23,0,0,23,23,596,0.9985
29625727,1769099100000,26,22,0,0,22,22,596,0.9995
29625728,1769099106000,25,26,0,0,26,26,597,0.9979
29625729,1769099112000,0,25,0,0,25,25,596,0.9979
29625730,1769099118000,34,0,0,0,0,0,596,0
29625731,1769099124000,22,34,0,0,34,34,597,0.9978
29625732,1769099130000,30,22,0,0,22,22,596,0.9989
29625733,1769099136000,23,30,0,0,30,30,597,0.9983
29625734,1769099142000,30,23,0,0,23,23,597,0.997
29625735,1769099148000,23,30,0,0,30,30,597,0.9984
29625736,1769099154000,27,23,0,0,23,23,597,0.9978
29625737,1769099160000,23,27,0,0,27,27,596,0.9977
29625738,1769099166000,28,23,0,0,23,23,597,0.9978
29625739,1769099172000,22,28,0,0,28,28,596,0.9993
29625740,1769099178000,26,22,0,0,22,22,596,0.9995
29625741,1769099184000,23,26,0,0,26,26,597,0.9977
29625742,1769099190000,28,23,0,0,23,23,596,0.9997
29625743,1769099196000,28,28,0,0,28,28,592,0.9981
29625744,1769099202000,27,28,0,0,28,28,596,0.9996
29625745,1769099208000,24,27,0,0,27,27,597,0.9983
29625746,1769099214000,27,24,0,0,24,24,596,0.9998
29625747,1769099220000,26,27,0,0,27,27,596,0.999
29625748,1769099226000,29,26,0,0,26,26,597,0.9981
29625749,1769099232000,23,29,0,0,29,29,596,0.9996
29625750,1769099238000,25,23,0,0,23,23,597,0.9978
29625751,1769099244000,25,25,0,0,25,25,596,0.9993
29625752,1769099250000,27,25,0,0,25,25,596,0.9998
29625753,1769099256000,27,27,0,0,27,27,596,0.9995
29625754,1769099262000,27,27,0,0,27,27,596,0.9998
29625755,1769099268000,28,27,0,0,27,27,597,0.9981
29625756,1769099274000,27,28,0,0,28,28,597,0.9984
29625757,1769099280000,22,27,0,0,27,27,597,0.9984
29625758,1769099286000,24,22,0,0,22,22,597,0.9977
29625759,1769099292000,25,24,0,0,24,24,596,0.9978
29625760,1769099298000,26,25,0,0,25,25,597,0.998
29625761,1769099304000,27,26,0,0,26,26,597,0.9977
29625762,1769099310000,27,27,0,0,27,27,597,0.9981
29625763,1769099316000,27,27,0,0,27,27,597,0.9978
29625764,1769099322000,26,27,0,0,27,27,596,0.9985
29625765,1769099328000,26,26,0,0,26,26,597,0.9971
29625766,1769099334000,25,26,0,0,26,26,597,0.9985
29625767,1769099340000,27,25,0,0,25,25,596,0.9983
29625768,1769099346000,24,27,0,0,27,27,597,0.9975
29625769,1769099352000,27,24,0,0,24,24,597,0.9978
29625770,1769099358000,25,27,0,0,27,27,597,0.9982
29625771,1769099364000,28,25,0,0,25,25,596,0.9993
29625772,1769099370000,25,28,0,0,28,28,597,0.9978
29625773,1769099376000,26,25,0,0,25,25,597,0.9981
29625774,1769099382000,26,26,0,0,26,26,597,0.9984
29625775,1769099388000,29,26,0,0,26,26,597,0.9984
29625776,1769099394000,27,29,0,0,29,29,597,0.9983
29625777,1769099400000,26,27,0,0,27,27,597,0.9984
29625778,1769099406000,23,26,0,0,26,26,597,0.9981
29625779,1769099412000,21,23,0,0,23,23,597,0.9985
29625780,1769099418000,24,21,0,0,21,21,596,0.9982
29625781,1769099424000,20,24,0,0,24,24,597,0.998
29625782,1769099430000,27,20,0,0,20,20,597,0.9982
29625783,1769099436000,21,27,0,0,27,27,597,0.9983
29625784,1769099442000,30,21,0,0,21,21,597,0.9981
29625785,1769099448000,21,30,0,0,30,30,597,0.998
29625786,1769099454000,27,21,0,0,21,21,597,0.9982
29625787,1769099460000,19,27,0,0,27,27,597,0.9986
29625788,1769099466000,28,19,0,0,19,19,596,0.9989
29625789,1769099472000,20,28,0,0,28,28,597,0.9981
29625790,1769099478000,30,20,0,0,20,20,597,0.9983
29625791,1769099484000,21,30,0,0,30,30,597,0.9984
29625792,1769099490000,29,21,0,0,21,21,597,0.9974
29625793,1769099496000,20,29,0,0,29,29,597,0.9983
29625794,1769099502000,30,20,0,0,20,20,597,0.998
29625795,1769099508000,21,30,0,0,30,30,596,0.9994
29625796,1769099514000,28,21,0,0,21,21,597,0.9982
29625797,1769099520000,22,28,0,0,28,28,597,0.9986
29625798,1769099526000,29,22,0,0,22,22,596,0.9995
29625799,1769099532000,23,29,0,0,29,29,597,0.998
29625800,1769099538000,27,23,0,0,23,23,596,0.9993
29625801,1769099544000,24,27,0,0,27,27,596,0.9994
29625802,1769099550000,30,24,0,0,24,24,596,0.9998
29625803,1769099556000,22,30,0,0,30,30,597,0.9982
29625804,1769099562000,27,22,0,0,22,22,597,0.9985
29625805,1769099568000,24,27,0,0,27,27,597,0.9978
29625806,1769099574000,29,24,0,0,24,24,596,0.999
29625807,1769099580000,24,29,0,0,29,29,597,0.9982
29625808,1769099586000,29,24,0,0,24,24,597,0.998
29625809,1769099592000,18,29,0,0,29,29,597,0.9984
29625810,1769099598000,27,18,0,0,18,18,596,0.9996
29625811,1769099604000,18,27,0,0,27,27,597,0.9983
29625812,1769099610000,29,18,0,0,18,18,597,0.9982
29625813,1769099616000,20,29,0,0,29,29,597,0.998
29625814,1769099622000,30,20,0,0,20,20,597,0.998
29625815,1769099628000,23,30,0,0,30,30,597,0.9982
29625816,1769099634000,28,23,0,0,23,23,597,0.9975
29625817,1769099640000,24,28,0,0,28,28,597,0.9977
29625818,1769099646000,30,24,0,0,24,24,597,0.9979
29625819,1769099652000,22,30,0,0,30,30,597,0.9981
29625820,1769099658000,30,22,0,0,22,22,597,0.9975
29625821,1769099664000,21,30,0,0,30,30,597,0.9984
29625822,1769099670000,32,21,0,0,21,21,597,0.9974
29625823,1769099676000,22,32,0,0,32,32,597,0.9975
29625824,1769099682000,33,22,0,0,22,22,597,0.998
29625825,1769099688000,22,33,0,0,33,33,597,0.9983
29625826,1769099694000,34,22,0,0,22,22,597,0.9963
29625827,1769099700000,20,34,0,0,34,34,596,0.9994
29625828,1769099706000,28,20,0,0,20,20,597,0.9984
29625829,1769099712000,22,28,0,0,28,28,596,0.9983
29625830,1769099718000,29,22,0,0,22,22,597,0.9976
29625831,1769099724000,22,29,0,0,29,29,597,0.9976
29625832,1769099730000,32,22,0,0,22,22,597,0.9975
29625833,1769099736000,23,32,0,0,32,32,597,0.9979
29625834,1769099742000,30,23,0,0,23,23,597,0.998
29625835,1769099748000,23,30,0,0,30,30,596,0.9996
29625836,1769099754000,29,23,0,0,23,23,596,0.9996
29625837,1769099760000,21,29,0,0,29,29,597,0.9984
29625838,1769099766000,29,21,0,0,21,21,597,0.9983
29625839,1769099772000,22,29,0,0,29,29,596,0.998
29625840,1769099778000,30,22,0,0,22,22,597,0.9985
29625841,1769099784000,21,30,0,0,30,30,596,0.998
29625842,1769099790000,33,21,0,0,21,21,597,0.9985
29625843,1769099796000,22,33,0,0,33,33,597,0.9982
29625844,1769099802000,30,22,0,0,22,22,596,1
29625845,1769099808000,21,30,0,0,30,30,597,0.9983
29625846,1769099814000,32,21,0,0,21,21,597,0.9971
29625847,1769099820000,23,32,0,0,32,32,597,0.9966
29625848,1769099826000,27,23,0,0,23,23,597,0.9975
29625849,1769099832000,21,27,0,0,27,27,597,0.9982
29625850,1769099838000,32,21,0,0,21,21,596,0.9974
29625851,1769099844000,19,32,0,0,32,32,597,0.9973
29625852,1769099850000,30,19,0,0,19,19,597,0.9967
29625853,1769099856000,22,30,0,0,30,30,597,0.998
29625854,1769099862000,32,22,0,0,22,22,597,0.9982
29625855,1769099868000,23,32,0,0,32,32,597,0.9981
29625856,1769099874000,30,23,0,0,23,23,597,0.9981
29625857,1769099880000,19,30,0,0,30,30,597,0.9967
29625858,1769099886000,30,19,0,0,19,19,597,0.9981
29625859,1769099892000,20,30,0,0,30,30,597,0.9981
29625860,1769099898000,29,20,0,0,20,20,597,0.9978
29625861,1769099904000,22,29,0,0,29,29,597,0.9984
29625862,1769099910000,32,22,0,0,22,22,597,0.9982
29625863,1769099916000,22,32,0,0,32,32,597,0.9965
29625864,1769099922000,31,22,0,0,22,22,596,0.9979
29625865,1769099928000,23,31,0,0,31,31,597,0.9982
29625866,1769099934000,31,23,0,0,23,23,597,0.9985
29625867,1769099940000,22,31,0,0,31,31,597,0.9984
29625868,1769099946000,26,22,0,0,22,22,597,0.998
29625869,1769099952000,21,26,0,0,26,26,596,0.9983
29625870,1769099958000,30,21,0,0,21,21,597,0.9976
29625871,1769099964000,20,30,0,0,30,30,597,0.9972
29625872,1769099970000,27,20,0,0,20,20,597,0.9982
29625873,1769099976000,19,27,0,0,27,27,597,0.9985
29625874,1769099982000,28,19,0,0,19,19,597,0.9978
29625875,1769099988000,19,28,0,0,28,28,597,0.9982
29625876,1769099994000,27,19,0,0,19,19,597,0.9985
29625877,1769100000000,20,27,0,0,27,27,597,0.9986
29625878,1769100006000,28,20,0,0,20,20,597,0.9982
29625879,1769100012000,21,28,0,0,28,28,597,0.9975
29625880,1769100018000,32,21,0,0,21,21,597,0.9984
29625881,1769100024000,21,32,0,0,32,32,597,0.998
29625882,1769100030000,31,21,0,0,21,21,597,0.9986
29625883,1769100036000,19,31,0,0,31,31,597,0.9982
29625884,1769100042000,31,19,0,0,19,19,597,0.9985
29625885,1769100048000,22,31,0,0,31,31,597,0.9985
29625886,1769100054000,31,22,0,0,22,22,597,0.9973
29625887,1769100060000,20,31,0,0,31,31,597,0.9986
29625888,1769100066000,32,20,0,0,20,20,597,0.9974
29625889,1769100072000,22,32,0,0,32,32,597,0.9981
29625890,1769100078000,31,22,0,0,22,22,597,0.9983
29625891,1769100084000,21,31,0,0,31,31,596,0.9993
29625892,1769100090000,32,21,0,0,21,21,597,0.9985
29625893,1769100096000,25,32,0,0,32,32,597,0.9976
29625894,1769100102000,29,25,0,0,25,25,596,0.9987
29625895,1769100108000,24,29,0,0,29,29,593,0.9995
29625896,1769100114000,29,24,0,0,24,24,597,0.9984
29625897,1769100120000,24,29,0,0,29,29,597,0.998
29625898,1769100126000,27,24,0,0,24,24,595,0.9993
29625899,1769100132000,25,27,0,0,27,27,597,0.9976
29625900,1769100138000,27,25,0,0,25,25,597,0.9979
29625901,1769100144000,26,27,0,0,27,27,597,0.9975
29625902,1769100150000,28,26,0,0,26,26,596,0.9991
29625903,1769100156000,27,28,0,0,28,28,596,0.9991
29625904,1769100162000,28,27,0,0,27,27,596,0.9981
29625905,1769100168000,26,28,0,0,28,28,596,0.9989
29625906,1769100174000,27,26,0,0,26,26,596,0.9992
29625907,1769100180000,23,27,0,0,27,27,597,0.9975
29625908,1769100186000,29,23,0,0,23,23,596,0.9997
29625909,1769100192000,24,29,0,0,29,29,596,0.9994
29625910,1769100198000,28,24,0,0,24,24,596,0.9997
29625911,1769100204000,26,28,0,0,28,28,596,0.9996
29625912,1769100210000,29,26,0,0,26,26,596,0.9997
29625913,1769100216000,25,29,0,0,29,29,595,0.9997
29625914,1769100222000,28,25,0,0,25,25,596,1
29625915,1769100228000,25,28,0,0,28,28,597,0.9983
29625916,1769100234000,28,25,0,0,25,25,597,0.9983
29625917,1769100240000,25,28,0,0,28,28,596,0.9998
29625918,1769100246000,27,25,0,0,25,25,597,0.9981
29625919,1769100252000,24,27,0,0,27,27,596,0.9995
29625920,1769100258000,24,24,0,0,24,24,596,0.9999
29625921,1769100264000,24,24,0,0,24,24,597,0.9986
29625922,1769100270000,27,24,0,0,24,24,597,0.9984
29625923,1769100276000,28,27,0,0,27,27,597,0.9983
29625924,1769100282000,27,28,0,0,28,28,597,0.9985
29625925,1769100288000,25,27,0,0,27,27,597,0.9984
29625926,1769100294000,26,25,0,0,25,25,596,0.9996
29625927,1769100300000,25,26,0,0,26,26,597,0.9985
29625928,1769100306000,28,25,0,0,25,25,597,0.9983
29625929,1769100312000,27,28,0,0,28,28,597,0.9981
29625930,1769100318000,24,27,0,0,27,27,597,0.9982
29625931,1769100324000,25,24,0,0,24,24,597,0.9985
29625932,1769100330000,24,25,0,0,25,25,597,0.9985
29625933,1769100336000,24,24,0,0,24,24,597,0.9983
29625934,1769100342000,24,24,0,0,24,24,597,0.9989
29625935,1769100348000,27,24,0,0,24,24,597,0.9981
29625936,1769100354000,24,27,0,0,27,27,597,0.9985
29625937,1769100360000,23,24,0,0,24,24,597,0.9985
29625938,1769100366000,27,23,0,0,23,23,597,0.9983
29625939,1769100372000,27,27,0,0,27,27,597,0.9962
29625940,1769100378000,28,27,0,0,27,27,596,0.9992
29625941,1769100384000,28,28,0,0,28,28,597,0.9983
29625942,1769100390000,28,28,0,0,28,28,597,0.997
29625943,1769100396000,26,28,0,0,28,28,597,0.9982
29625944,1769100402000,25,26,0,0,26,26,596,0.9997
29625945,1769100408000,28,25,0,0,25,25,597,0.9982
29625946,1769100414000,27,28,0,0,28,28,595,0.9992
29625947,1769100420000,27,27,0,0,27,27,596,0.9998
29625948,1769100426000,24,27,0,0,27,27,596,0.9996
29625949,1769100432000,25,24,0,0,24,24,597,0.9983
29625950,1769100438000,26,25,0,0,25,25,596,0.9987
29625951,1769100444000,28,26,0,0,26,26,596,0.9995
29625952,1769100450000,23,28,0,0,28,28,596,0.9995
29625953,1769100456000,27,23,0,0,23,23,595,0.9985
29625954,1769100462000,26,27,0,0,27,27,597,0.9976
29625955,1769100468000,26,26,0,0,26,26,596,0.9997
29625956,1769100474000,24,26,0,0,26,26,597,0.9983
29625957,1769100480000,26,24,0,0,24,24,597,0.9985
29625958,1769100486000,24,26,0,0,26,26,597,0.9984
29625959,1769100492000,26,24,0,0,24,24,597,0.9983
29625960,1769100498000,24,26,0,0,26,26,597,0.9986
29625961,1769100504000,24,24,0,0,24,24,597,0.9982
29625962,1769100510000,25,24,0,0,24,24,597,0.9985
29625963,1769100516000,26,25,0,0,25,25,597,0.9978
29625964,1769100522000,24,26,0,0,26,26,597,0.9986
29625965,1769100528000,28,24,0,0,24,24,597,0.998
29625966,1769100534000,26,28,0,0,28,28,597,0.9983
29625967,1769100540000,26,26,0,0,26,26,597,0.9986
29625968,1769100546000,26,26,0,0,26,26,597,0.9978
29625969,1769100552000,27,26,0,0,26,26,597,0.998
29625970,1769100558000,27,27,0,0,27,27,597,0.9985
29625971,1769100564000,29,27,0,0,27,27,597,0.9987
29625972,1769100570000,25,29,0,0,29,29,597,0.9981
29625973,1769100576000,23,25,0,0,25,25,596,0.9997
29625974,1769100582000,22,23,0,0,23,23,596,0.9993
29625975,1769100588000,28,22,0,0,22,22,597,0.9984
29625976,1769100594000,20,28,0,0,28,28,597,0.9987
29625977,1769100600000,27,20,0,0,20,20,597,0.9986
29625978,1769100606000,21,27,0,0,27,27,597,0.9986
29625979,1769100612000,25,21,0,0,21,21,597,0.9982
29625980,1769100618000,25,25,0,0,25,25,597,0.9984
29625981,1769100624000,29,25,0,0,25,25,597,0.9987
29625982,1769100630000,23,29,0,0,29,29,597,0.9987
29625983,1769100636000,28,23,0,0,23,23,597,0.998
29625984,1769100642000,24,28,0,0,28,28,597,0.9986
29625985,1769100648000,0,0,0,0,0,0,340,0
29625986,1769100654000,29,24,0,0,24,24,597,0.9989
29625987,1769100660000,24,29,0,0,29,29,597,0.9982
29625988,1769100666000,26,24,0,0,24,24,596,0.998
29625989,1769100672000,26,26,0,0,26,26,597,0.9985
29625990,1769100678000,24,26,0,0,26,26,596,0.9997
29625991,1769100684000,26,24,0,0,24,24,596,1
29625992,1769100690000,25,26,0,0,26,26,597,0.9982
29625993,1769100696000,29,25,0,0,25,25,597,0.9985
29625994,1769100702000,24,29,0,0,29,29,596,0.9991
29625995,1769100708000,27,24,0,0,24,24,597,0.9985
29625996,1769100714000,25,27,0,0,27,27,597,0.9984
29625997,1769100720000,26,25,0,0,25,25,597,0.9985
29625998,1769100726000,24,26,0,0,26,26,596,0.9974
29625999,1769100732000,28,24,0,0,24,24,596,0.9998
29626000,1769100738000,25,28,0,0,28,28,596,0.9999
29626001,1769100744000,31,25,0,0,25,25,596,0.9995
29626002,1769100750000,22,31,0,0,31,31,596,0.9999
29626003,1769100756000,26,22,0,0,22,22,597,0.9986
29626004,1769100762000,23,26,0,0,26,26,597,0.9983
29626005,1769100768000,30,23,0,0,23,23,597,0.9964
29626006,1769100774000,23,30,0,0,30,30,597,0.9984
29626007,1769100780000,26,23,0,0,23,23,597,0.9986
29626008,1769100786000,22,26,0,0,26,26,597,0.9977
29626009,1769100792000,28,22,0,0,22,22,597,0.9986
29626010,1769100798000,24,28,0,0,28,28,597,0.9984
29626011,1769100804000,28,24,0,0,24,24,596,0.9998
29626012,1769100810000,23,28,0,0,28,28,596,0.9996
29626013,1769100816000,29,23,0,0,23,23,596,0.9994
29626014,1769100822000,23,29,0,0,29,29,596,0.9994
29626015,1769100828000,28,23,0,0,23,23,595,0.9925
29626016,1769100834000,21,28,0,0,28,28,596,0.9993
29626017,1769100840000,27,21,0,0,21,21,596,0.9998
29626018,1769100846000,22,27,0,0,27,27,597,0.9982
29626019,1769100852000,27,22,0,0,22,22,597,0.9976
29626020,1769100858000,25,27,0,0,27,27,597,0.9982
29626021,1769100864000,30,25,0,0,25,25,597,0.9983
29626022,1769100870000,23,30,0,0,30,30,597,0.9984
29626023,1769100876000,30,23,0,0,23,23,597,0.9985
29626024,1769100882000,22,30,0,0,30,30,597,0.9982
29626025,1769100888000,29,22,0,0,22,22,597,0.9981
29626026,1769100894000,22,29,0,0,29,29,596,0.9991
29626027,1769100900000,29,22,0,0,22,22,597,0.9982
29626028,1769100906000,22,29,0,0,29,29,596,0.9987
29626029,1769100912000,30,22,0,0,22,22,596,0.9995
29626030,1769100918000,22,30,0,0,30,30,597,0.998
29626031,1769100924000,28,22,0,0,22,22,597,0.9982
29626032,1769100930000,23,28,0,0,28,28,597,0.9982
29626033,1769100936000,27,23,0,0,23,23,597,0.9972
29626034,1769100942000,20,27,0,0,27,27,596,0.9978
29626035,1769100948000,29,20,0,0,20,20,596,0.9983
29626036,1769100954000,22,29,0,0,29,29,596,0.9989
29626037,1769100960000,29,22,0,0,22,22,597,0.9979
29626038,1769100966000,24,29,0,0,29,29,597,0.9983
29626039,1769100972000,29,24,0,0,24,24,597,0.9984
29626040,1769100978000,22,29,0,0,29,29,597,0.9983
29626041,1769100984000,29,22,0,0,22,22,597,0.9963
29626042,1769100990000,23,29,0,0,29,29,597,0.9976
29626043,1769100996000,32,23,0,0,23,23,597,0.9987
29626044,1769101002000,23,32,0,0,32,32,597,0.9986
29626045,1769101008000,29,23,0,0,23,23,597,0.9989
29626046,1769101014000,23,29,0,0,29,29,597,0.9985
29626047,1769101020000,31,23,0,0,23,23,597,0.9975
29626048,1769101026000,23,31,0,0,31,31,597,0.9983
29626049,1769101032000,31,23,0,0,23,23,597,0.9977
29626050,1769101038000,20,31,0,0,31,31,597,0.9982
29626051,1769101044000,31,20,0,0,20,20,597,0.9982
29626052,1769101050000,22,31,0,0,31,31,596,0.9985
29626053,1769101056000,32,22,0,0,22,22,596,0.998
29626054,1769101062000,22,32,0,0,32,32,597,0.9964
29626055,1769101068000,29,22,0,0,22,22,596,0.999
29626056,1769101074000,22,29,0,0,29,29,597,0.9988
29626057,1769101080000,27,22,0,0,22,22,597,0.9982
29626058,1769101086000,17,27,0,0,27,27,597,0.9983
29626059,1769101092000,25,17,0,0,17,17,597,0.9987
29626060,1769101098000,21,25,0,0,25,25,597,0.9989
29626061,1769101104000,30,21,0,0,21,21,597,0.9984
29626062,1769101110000,23,30,0,0,30,30,597,0.998
29626063,1769101116000,29,23,0,0,23,23,597,0.9985
29626064,1769101122000,21,29,0,0,29,29,597,0.9981
29626065,1769101128000,31,21,0,0,21,21,597,0.9983
29626066,1769101134000,22,31,0,0,31,31,597,0.9986
29626067,1769101140000,32,22,0,0,22,22,597,0.9986
29626068,1769101146000,20,32,0,0,32,32,597,0.9989
29626069,1769101152000,30,20,0,0,20,20,596,0.9997
29626070,1769101158000,21,30,0,0,30,30,597,0.9989
29626071,1769101164000,31,21,0,0,21,21,597,0.9988
29626072,1769101170000,21,31,0,0,31,31,596,0.9987
29626073,1769101176000,28,21,0,0,21,21,597,0.9988
29626074,1769101182000,24,28,0,0,28,28,596,0.9995
29626075,1769101188000,28,24,0,0,24,24,597,0.9989
29626076,1769101194000,21,28,0,0,28,28,597,0.9984
29626077,1769101200000,30,21,0,0,21,21,596,0.9998
29626078,1769101206000,22,30,0,0,30,30,597,0.9983
29626079,1769101212000,30,22,0,0,22,22,597,0.9988
29626080,1769101218000,23,30,0,0,30,30,597,0.9969
29626081,1769101224000,30,23,0,0,23,23,597,0.9971
29626082,1769101230000,22,30,0,0,30,30,597,0.9966
29626083,1769101236000,30,22,0,0,22,22,597,0.998
29626084,1769101242000,23,30,0,0,30,30,597,0.9989
29626085,1769101248000,30,23,0,0,23,23,597,0.9991
29626086,1769101254000,24,30,0,0,30,30,597,0.9985
29626087,1769101260000,26,24,0,0,24,24,597,0.9963
29626088,1769101266000,21,26,0,0,26,26,596,0.9974
29626089,1769101272000,28,21,0,0,21,21,597,0.9981
29626090,1769101278000,22,28,0,0,28,28,596,0.9995
29626091,1769101284000,27,22,0,0,22,22,596,0.9998
29626092,1769101290000,21,27,0,0,27,27,596,0.9999
29626093,1769101296000,28,21,0,0,21,21,597,0.9983
29626094,1769101302000,22,28,0,0,28,28,597,0.9971
29626095,1769101308000,29,22,0,0,22,22,596,0.9995
29626096,1769101314000,21,29,0,0,29,29,596,0.9999
29626097,1769101320000,27,21,0,0,21,21,596,0.9996
29626098,1769101326000,19,27,0,0,27,27,596,0.9999
29626099,1769101332000,28,19,0,0,19,19,596,0.9995
29626100,1769101338000,20,28,0,0,28,28,596,0.9992
29626101,1769101344000,27,20,0,0,20,20,596,0.9995
29626102,1769101350000,23,27,0,0,27,27,596,0.9993
29626103,1769101356000,29,23,0,0,23,23,596,0.9996
29626104,1769101362000,23,29,0,0,29,29,596,0.9995
29626105,1769101368000,28,23,0,0,23,23,596,0.9996
29626106,1769101374000,20,28,0,0,28,28,596,0.9981
29626107,1769101380000,28,20,0,0,20,20,596,0.9998
29626108,1769101386000,21,28,0,0,28,28,597,0.9986
29626109,1769101392000,30,21,0,0,21,21,596,0.9997
29626110,1769101398000,22,30,0,0,30,30,596,0.9994
29626111,1769101404000,29,22,0,0,22,22,596,0.9996
29626112,1769101410000,21,29,0,0,29,29,597,0.9984
29626113,1769101416000,28,21,0,0,21,21,597,0.9984
29626114,1769101422000,19,28,0,0,28,28,597,0.9984
29626115,1769101428000,31,19,0,0,19,19,597,0.9984
29626116,1769101434000,19,31,0,0,31,31,596,0.9985
29626117,1769101440000,27,19,0,0,19,19,597,0.9977
29626118,1769101446000,21,27,0,0,27,27,597,0.9973
29626119,1769101452000,25,21,0,0,21,21,597,0.9983
29626120,1769101458000,22,25,0,0,25,25,597,0.9984
29626121,1769101464000,28,22,0,0,22,22,597,0.9986
29626122,1769101470000,22,28,0,0,28,28,597,0.9986
29626123,1769101476000,27,22,0,0,22,22,597,0.9976
29626124,1769101482000,21,27,0,0,27,27,593,0.9998
29626125,1769101488000,27,21,0,0,21,21,596,0.9991
29626126,1769101494000,22,27,0,0,27,27,596,0.9996
29626127,1769101500000,29,22,0,0,22,22,597,0.9987
29626128,1769101506000,20,29,0,0,29,29,597,0.9987
29626129,1769101512000,30,20,0,0,20,20,597,0.999
29626130,1769101518000,19,30,0,0,30,30,596,0.9997
29626131,1769101524000,30,19,0,0,19,19,597,0.9989
29626132,1769101530000,20,30,0,0,30,30,596,0.998
29626133,1769101536000,28,20,0,0,20,20,596,0.9983
29626134,1769101542000,20,28,0,0,28,28,595,0.9994
29626135,1769101548000,30,20,0,0,20,20,596,0.9969
29626136,1769101554000,20,30,0,0,30,30,596,0.9987
29626137,1769101560000,29,20,0,0,20,20,596,0.9985
29626138,1769101566000,19,29,0,0,29,29,596,0.9991
29626139,1769101572000,29,19,0,0,19,19,596,0.9987
29626140,1769101578000,21,29,0,0,29,29,596,0.9981
29626141,1769101584000,31,21,0,0,21,21,595,0.9998
29626142,1769101590000,20,31,0,0,31,31,595,0.9997
29626143,1769101596000,30,20,0,0,20,20,596,0.9983
29626144,1769101602000,20,30,0,0,30,30,595,0.9996
29626145,1769101608000,32,20,0,0,20,20,596,0.9985
29626146,1769101614000,20,32,0,0,32,32,596,0.9983
29626147,1769101620000,30,20,0,0,20,20,596,0.9986
29626148,1769101626000,18,30,0,0,30,30,596,0.9984
29626149,1769101632000,31,18,0,0,18,18,596,0.9981
29626150,1769101638000,19,31,0,0,31,31,596,0.9993
29626151,1769101644000,33,19,0,0,19,19,597,0.9986
29626152,1769101650000,22,33,0,0,33,33,597,0.9989
29626153,1769101656000,32,22,0,0,22,22,597,0.9988
29626154,1769101662000,19,32,0,0,32,32,597,0.9986
29626155,1769101668000,30,19,0,0,19,19,597,0.9988
29626156,1769101674000,20,30,0,0,30,30,597,0.9986
29626157,1769101680000,31,20,0,0,20,20,597,0.9986
29626158,1769101686000,18,31,0,0,31,31,597,0.9988
29626159,1769101692000,29,18,0,0,18,18,597,0.9973
29626160,1769101698000,22,29,0,0,29,29,597,0.9985
29626161,1769101704000,32,22,0,0,22,22,597,0.9985
29626162,1769101710000,20,32,0,0,32,32,597,0.9989
29626163,1769101716000,30,20,0,0,20,20,597,0.9987
29626164,1769101722000,22,30,0,0,30,30,597,0.998
29626165,1769101728000,30,22,0,0,22,22,596,0.9993
29626166,1769101734000,20,30,0,0,30,30,597,0.9986
29626167,1769101740000,30,20,0,0,20,20,597,0.9981
29626168,1769101746000,20,30,0,0,30,30,596,0.9997
29626169,1769101752000,30,20,0,0,20,20,597,0.9986
29626170,1769101758000,20,30,0,0,30,30,597,0.9977
29626171,1769101764000,32,20,0,0,20,20,597,0.9977
29626172,1769101770000,21,32,0,0,32,32,596,0.999
29626173,1769101776000,32,21,0,0,21,21,596,0.9996
29626174,1769101782000,22,32,0,0,32,32,596,0.9997
29626175,1769101788000,31,22,0,0,22,22,597,0.9987
29626176,1769101794000,20,31,0,0,31,31,597,0.9984
29626177,1769101800000,31,20,0,0,20,20,597,0.9981
29626178,1769101806000,21,31,0,0,31,31,597,0.9977
29626179,1769101812000,31,21,0,0,21,21,597,0.9983
29626180,1769101818000,20,31,0,0,31,31,597,0.9984
29626181,1769101824000,29,20,0,0,20,20,597,0.9985
29626182,1769101830000,20,29,0,0,29,29,597,0.9979
29626183,1769101836000,28,20,0,0,20,20,597,0.9981
29626184,1769101842000,18,28,0,0,28,28,597,0.9984
29626185,1769101848000,31,18,0,0,18,18,597,0.9983
29626186,1769101854000,18,31,0,0,31,31,597,0.9968
29626187,1769101860000,32,18,0,0,18,18,597,0.9983
29626188,1769101866000,22,32,0,0,32,32,597,0.9985
29626189,1769101872000,33,22,0,0,22,22,596,0.998
29626190,1769101878000,20,33,0,0,33,33,597,0.9985
29626191,1769101884000,32,20,0,0,20,20,597,0.9982
29626192,1769101890000,22,32,0,0,32,32,597,0.9986
29626193,1769101896000,33,22,0,0,22,22,596,0.9999
29626194,1769101902000,22,33,0,0,33,33,596,0.9995
29626195,1769101908000,31,22,0,0,22,22,597,0.999
29626196,1769101914000,18,31,0,0,31,31,597,0.9987
29626197,1769101920000,31,18,0,0,18,18,597,0.9984
29626198,1769101926000,20,31,0,0,31,31,597,0.9983
29626199,1769101932000,30,20,0,0,20,20,597,0.9985
29626200,1769101938000,21,30,0,0,30,30,597,0.9984
29626201,1769101944000,31,21,0,0,21,21,597,0.9989
29626202,1769101950000,19,31,0,0,31,31,597,0.9983
29626203,1769101956000,31,19,0,0,19,19,597,0.9989
29626204,1769101962000,22,31,0,0,31,31,597,0.9989
29626205,1769101968000,34,22,0,0,22,22,597,0.9986
29626206,1769101974000,19,34,0,0,34,34,597,0.9983
29626207,1769101980000,29,19,0,0,19,19,596,0.9992
29626208,1769101986000,19,29,0,0,29,29,597,0.9984
29626209,1769101992000,30,19,0,0,19,19,597,0.9987
29626210,1769101998000,20,30,0,0,30,30,596,0.9993
29626211,1769102004000,31,20,0,0,20,20,597,0.9966
29626212,1769102010000,20,31,0,0,31,31,597,0.9985
29626213,1769102016000,31,20,0,0,20,20,597,0.9987
29626214,1769102022000,20,31,0,0,31,31,597,0.9984
29626215,1769102028000,30,20,0,0,20,20,597,0.9982
29626216,1769102034000,18,30,0,0,30,30,597,0.9988
29626217,1769102040000,31,18,0,0,18,18,597,0.9979
29626218,1769102046000,21,31,0,0,31,31,597,0.9988
29626219,1769102052000,30,21,0,0,21,21,597,0.9988
29626220,1769102058000,22,30,0,0,30,30,597,0.9983
29626221,1769102064000,33,22,0,0,22,22,597,0.9984
29626222,1769102070000,21,33,0,0,33,33,597,0.9986
29626223,1769102076000,30,21,0,0,21,21,597,0.999
29626224,1769102082000,17,30,0,0,30,30,597,0.9987
29626225,1769102088000,31,17,0,0,17,17,596,0.9989
29626226,1769102094000,18,31,0,0,31,31,597,0.9983
29626227,1769102100000,29,18,0,0,18,18,597,0.9989
29626228,1769102106000,17,29,0,0,29,29,597,0.9988
29626229,1769102112000,31,17,0,0,17,17,597,0.9974
29626230,1769102118000,16,31,0,0,31,31,597,0.9989
29626231,1769102124000,29,16,0,0,16,16,597,0.9988
29626232,1769102130000,15,29,0,0,29,29,597,0.9988
29626233,1769102136000,33,15,0,0,15,15,597,0.9978
29626234,1769102142000,18,33,0,0,33,33,597,0.9977
29626235,1769102148000,34,18,0,0,18,18,596,0.9994
29626236,1769102154000,18,34,0,0,34,34,597,0.9983
29626237,1769102160000,31,18,0,0,18,18,572,0.9994
29626238,1769102166000,16,31,0,0,31,31,596,0.9995
29626239,1769102172000,30,16,0,0,16,16,596,0.9994
29626240,1769102178000,20,30,0,0,30,30,597,0.9981
29626241,1769102184000,32,20,0,0,20,20,597,0.9982
29626242,1769102190000,19,32,0,0,32,32,595,0.9995
29626243,1769102196000,32,19,0,0,19,19,597,0.9981
29626244,1769102202000,16,32,0,0,32,32,596,0.9995
29626245,1769102208000,33,16,0,0,16,16,596,0.9998
29626246,1769102214000,17,33,0,0,33,33,596,0.9993
29626247,1769102220000,31,17,0,0,17,17,597,0.998
29626248,1769102226000,19,31,0,0,31,31,596,0.9997
29626249,1769102232000,31,19,0,0,19,19,597,0.998
29626250,1769102238000,20,31,0,0,31,31,597,0.9979
29626251,1769102244000,32,20,0,0,20,20,597,0.9979
29626252,1769102250000,20,32,0,0,32,32,596,0.9996
29626253,1769102256000,33,20,0,0,20,20,596,0.9997
29626254,1769102262000,20,33,0,0,33,33,597,0.9984
29626255,1769102268000,32,20,0,0,20,20,597,0.9982
29626256,1769102274000,19,32,0,0,32,32,597,0.9988
29626257,1769102280000,32,19,0,0,19,19,597,0.9985
29626258,1769102286000,20,32,0,0,32,32,597,0.9987
29626259,1769102292000,32,20,0,0,20,20,597,0.9985
29626260,1769102298000,19,32,0,0,32,32,597,0.9982
29626261,1769102304000,33,19,0,0,19,19,597,0.9985
29626262,1769102310000,20,33,0,0,33,33,595,0.9995
29626263,1769102316000,36,20,0,0,20,20,597,0.9987
29626264,1769102322000,18,36,0,0,36,36,597,0.9988
29626265,1769102328000,33,18,0,0,18,18,597,0.9984
29626266,1769102334000,21,33,0,0,33,33,597,0.9986
29626267,1769102340000,32,21,0,0,21,21,597,0.9986
29626268,1769102346000,20,32,0,0,32,32,597,0.9972
29626269,1769102352000,33,20,0,0,20,20,597,0.9987
29626270,1769102358000,19,33,0,0,33,33,597,0.9985
29626271,1769102364000,32,19,0,0,19,19,597,0.9989
29626272,1769102370000,19,32,0,0,32,32,597,0.9985
29626273,1769102376000,33,19,0,0,19,19,596,0.9989
29626274,1769102382000,19,33,0,0,33,33,597,0.9984
29626275,1769102388000,32,19,0,0,19,19,595,0.9973
29626276,1769102394000,16,32,0,0,32,32,597,0.998
29626277,1769102400000,31,16,0,0,16,16,597,0.9986
29626278,1769102406000,19,31,0,0,31,31,597,0.9985
29626279,1769102412000,33,19,0,0,19,19,597,0.9985
29626280,1769102418000,19,33,0,0,33,33,597,0.9985
29626281,1769102424000,36,19,0,0,19,19,596,0.9984
29626282,1769102430000,18,36,0,0,36,36,597,0.9987
29626283,1769102436000,30,18,0,0,18,18,597,0.998
29626284,1769102442000,20,30,0,0,30,30,597,0.9985
29626285,1769102448000,33,20,0,0,20,20,597,0.9986
29626286,1769102454000,20,33,0,0,33,33,597,0.9985
29626287,1769102460000,34,20,0,0,20,20,597,0.9985
29626288,1769102466000,18,34,0,0,34,34,597,0.9986
29626289,1769102472000,33,18,0,0,18,18,597,0.9988
29626290,1769102478000,19,33,0,0,33,33,596,0.9998
29626291,1769102484000,34,19,0,0,19,19,597,0.9981
29626292,1769102490000,19,34,0,0,34,34,597,0.9984
29626293,1769102496000,32,19,0,0,19,19,597,0.9989
29626294,1769102502000,17,32,0,0,32,32,597,0.9987
29626295,1769102508000,32,17,0,0,17,17,597,0.9983
29626296,1769102514000,19,32,0,0,32,32,596,0.9997
29626297,1769102520000,31,19,0,0,19,19,597,0.9989
29626298,1769102526000,19,31,0,0,31,31,597,0.9989
29626299,1769102532000,32,19,0,0,19,19,597,0.9984
29626300,1769102538000,18,32,0,0,32,32,597,0.9979
29626301,1769102544000,31,18,0,0,18,18,597,0.9984
29626302,1769102550000,20,31,0,0,31,31,597,0.9985
29626303,1769102556000,31,20,0,0,20,20,597,0.9987
29626304,1769102562000,19,31,0,0,31,31,596,0.9987
29626305,1769102568000,34,19,0,0,19,19,597,0.9986
29626306,1769102574000,20,34,0,0,34,34,597,0.9984
29626307,1769102580000,32,20,0,0,20,20,597,0.9988
29626308,1769102586000,18,32,0,0,32,32,597,0.9984
29626309,1769102592000,31,18,0,0,18,18,597,0.9986
29626310,1769102598000,20,31,0,0,31,31,597,0.9986
29626311,1769102604000,33,20,0,0,20,20,597,0.9985
29626312,1769102610000,20,33,0,0,33,33,597,0.9987
29626313,1769102616000,31,20,0,0,20,20,597,0.9974
29626314,1769102622000,21,31,0,0,31,31,597,0.9959
29626315,1769102628000,31,21,0,0,21,21,597,0.9986
29626316,1769102634000,18,31,0,0,31,31,597,0.9982
29626317,1769102640000,32,18,0,0,18,18,597,0.9988
29626318,1769102646000,21,32,0,0,32,32,596,0.9986
29626319,1769102652000,29,21,0,0,21,21,596,0.9995
29626320,1769102658000,19,29,0,0,29,29,597,0.9988
29626321,1769102664000,31,19,0,0,19,19,597,0.9973
29626322,1769102670000,20,31,0,0,31,31,597,0.9979
29626323,1769102676000,34,20,0,0,20,20,597,0.9986
29626324,1769102682000,19,34,0,0,34,34,597,0.998
29626325,1769102688000,31,19,0,0,19,19,597,0.9959
29626326,1769102694000,18,31,0,0,31,31,597,0.9982
29626327,1769102700000,29,18,0,0,18,18,597,0.9983
29626328,1769102706000,18,29,0,0,29,29,597,0.998
29626329,1769102712000,30,18,0,0,18,18,596,1
29626330,1769102718000,19,30,0,0,30,30,597,0.9988
29626331,1769102724000,32,19,0,0,19,19,597,0.9989
29626332,1769102730000,17,32,0,0,32,32,597,0.9985
29626333,1769102736000,29,17,0,0,17,17,597,0.9984
29626334,1769102742000,19,29,0,0,29,29,597,0.9987
29626335,1769102748000,31,19,0,0,19,19,597,0.9982
29626336,1769102754000,17,31,0,0,31,31,597,0.9985
29626337,1769102760000,28,17,0,0,17,17,597,0.999
29626338,1769102766000,20,28,0,0,28,28,597,0.9991
29626339,1769102772000,28,20,0,0,20,20,597,0.9986
29626340,1769102778000,21,28,0,0,28,28,597,0.9988
29626341,1769102784000,34,21,0,0,21,21,597,0.9986
29626342,1769102790000,21,34,0,0,34,34,596,0.9987
29626343,1769102796000,32,21,0,0,21,21,597,0.9986
29626344,1769102802000,22,32,0,0,32,32,597,0.9983
29626345,1769102808000,32,22,0,0,22,22,597,0.9986
29626346,1769102814000,21,32,0,0,32,32,597,0.9985
29626347,1769102820000,34,21,0,0,21,21,597,0.9984
29626348,1769102826000,19,34,0,0,34,34,597,0.9986
29626349,1769102832000,30,19,0,0,19,19,596,0.9988
29626350,1769102838000,19,30,0,0,30,30,596,0.9998
29626351,1769102844000,31,19,0,0,19,19,597,0.9981
29626352,1769102850000,20,31,0,0,31,31,597,0.9984
29626353,1769102856000,31,20,0,0,20,20,597,0.9977
29626354,1769102862000,20,31,0,0,31,31,596,0.9984
29626355,1769102868000,31,20,0,0,20,20,597,0.9987
29626356,1769102874000,20,31,0,0,31,31,597,0.9986
29626357,1769102880000,29,20,0,0,20,20,597,0.9988
29626358,1769102886000,20,29,0,0,29,29,597,0.9986
29626359,1769102892000,29,20,0,0,20,20,597,0.9989
29626360,1769102898000,20,29,0,0,29,29,597,0.9987
29626361,1769102904000,31,20,0,0,20,20,597,0.9984
29626362,1769102910000,21,31,0,0,31,31,597,0.9986
29626363,1769102916000,31,21,0,0,21,21,597,0.9987
29626364,1769102922000,20,31,0,0,31,31,597,0.9983
29626365,1769102928000,32,20,0,0,20,20,597,0.999
29626366,1769102934000,22,32,0,0,32,32,597,0.9983
29626367,1769102940000,27,22,0,0,22,22,597,0.9991
29626368,1769102946000,20,27,0,0,27,27,597,0.9991
29626369,1769102952000,26,20,0,0,20,20,597,0.9987
29626370,1769102958000,22,26,0,0,26,26,596,0.9997
29626371,1769102964000,29,22,0,0,22,22,597,0.9985
29626372,1769102970000,23,29,0,0,29,29,597,0.9987
29626373,1769102976000,31,23,0,0,23,23,597,0.9988
29626374,1769102982000,24,31,0,0,31,31,597,0.9977
29626375,1769102988000,30,24,0,0,24,24,597,0.9987
29626376,1769102994000,21,30,0,0,30,30,597,0.9984
29626377,1769103000000,30,21,0,0,21,21,597,0.9987
29626378,1769103006000,21,30,0,0,30,30,597,0.9987
29626379,1769103012000,28,21,0,0,21,21,596,0.9987
29626380,1769103018000,22,28,0,0,28,28,597,0.9984
29626381,1769103024000,27,22,0,0,22,22,597,0.9985
29626382,1769103030000,22,27,0,0,27,27,597,0.9986
29626383,1769103036000,28,22,0,0,22,22,597,0.9985
29626384,1769103042000,23,28,0,0,28,28,597,0.9987
29626385,1769103048000,31,23,0,0,23,23,597,0.9982
29626386,1769103054000,21,31,0,0,31,31,597,0.9985
29626387,1769103060000,26,21,0,0,21,21,597,0.9987
29626388,1769103066000,19,26,0,0,26,26,596,0.9986
29626389,1769103072000,29,19,0,0,19,19,596,0.9997
29626390,1769103078000,19,29,0,0,29,29,596,0.9997
29626391,1769103084000,28,19,0,0,19,19,596,0.9998
29626392,1769103090000,17,28,0,0,28,28,597,0.9984
29626393,1769103096000,26,17,0,0,17,17,596,0.9996
29626394,1769103102000,20,26,0,0,26,26,597,0.9986
29626395,1769103108000,30,20,0,0,20,20,596,0.9996
29626396,1769103114000,17,30,0,0,30,30,596,0.9998
29626397,1769103120000,28,17,0,0,17,17,597,0.9982
29626398,1769103126000,20,28,0,0,28,28,596,0.9995
29626399,1769103132000,31,20,0,0,20,20,597,0.9987
29626400,1769103138000,23,31,0,0,31,31,596,0.9998
29626401,1769103144000,32,23,0,0,23,23,596,0.9999
29626402,1769103150000,20,32,0,0,32,32,596,0.9997
29626403,1769103156000,31,20,0,0,20,20,597,0.9986
29626404,1769103162000,21,31,0,0,31,31,595,0.9997
29626405,1769103168000,30,21,0,0,21,21,597,0.9982
29626406,1769103174000,20,30,0,0,30,30,596,0.9997
29626407,1769103180000,28,20,0,0,20,20,597,0.9982
29626408,1769103186000,21,28,0,0,28,28,597,0.9983
29626409,1769103192000,29,21,0,0,21,21,596,0.9998
29626410,1769103198000,21,29,0,0,29,29,596,0.9999
29626411,1769103204000,32,21,0,0,21,21,596,0.9998
29626412,1769103210000,21,32,0,0,32,32,596,0.9998
29626413,1769103216000,29,21,0,0,21,21,596,0.9998
29626414,1769103222000,21,29,0,0,29,29,596,0.9995
29626415,1769103228000,29,21,0,0,21,21,596,0.9998
29626416,1769103234000,21,29,0,0,29,29,595,0.998
29626417,1769103240000,27,21,0,0,21,21,596,0.9997
29626418,1769103246000,24,27,0,0,27,27,596,0.9999
29626419,1769103252000,28,24,0,0,24,24,596,0.9999
29626420,1769103258000,23,28,0,0,28,28,596,0.9995
29626421,1769103264000,31,23,0,0,23,23,596,0.9999
29626422,1769103270000,21,31,0,0,31,31,596,0.9997
29626423,1769103276000,29,21,0,0,21,21,596,0.9984
29626424,1769103282000,20,29,0,0,29,29,596,0.9995
29626425,1769103288000,31,20,0,0,20,20,596,0.9999
29626426,1769103294000,22,31,0,0,31,31,597,0.9985
29626427,1769103300000,31,22,0,0,22,22,597,0.9986
29626428,1769103306000,21,31,0,0,31,31,597,0.9985
29626429,1769103312000,30,21,0,0,21,21,597,0.9987
29626430,1769103318000,20,30,0,0,30,30,597,0.9987
29626431,1769103324000,30,20,0,0,20,20,596,0.9961
29626432,1769103330000,20,30,0,0,30,30,596,0.9997
29626433,1769103336000,27,20,0,0,20,20,596,0.9998
29626434,1769103342000,24,27,0,0,27,27,596,0.9999
29626435,1769103348000,28,24,0,0,24,24,597,0.9985
29626436,1769103354000,22,28,0,0,28,28,596,0.9999
29626437,1769103360000,27,22,0,0,22,22,596,0.9995
29626438,1769103366000,21,27,0,0,27,27,596,0.9996
29626439,1769103372000,29,21,0,0,21,21,596,1
29626440,1769103378000,22,29,0,0,29,29,596,0.9998
29626441,1769103384000,29,22,0,0,22,22,596,0.9999
29626442,1769103390000,22,29,0,0,29,29,596,0.9999
29626443,1769103396000,29,22,0,0,22,22,596,0.9998
29626444,1769103402000,20,29,0,0,29,29,596,0.9997
29626445,1769103408000,29,20,0,0,20,20,596,0.9999
29626446,1769103414000,21,29,0,0,29,29,597,0.9979
29626447,1769103420000,31,21,0,0,21,21,597,0.9986
29626448,1769103426000,20,31,0,0,31,31,597,0.9985
29626449,1769103432000,34,20,0,0,20,20,596,0.9997
29626450,1769103438000,20,34,0,0,34,34,596,0.999
29626451,1769103444000,32,20,0,0,20,20,596,0.9999
29626452,1769103450000,21,32,0,0,32,32,596,0.9998
29626453,1769103456000,32,21,0,0,21,21,596,0.9996
29626454,1769103462000,20,32,0,0,32,32,593,0.9997
29626455,1769103468000,34,20,0,0,20,20,596,0.9999
29626456,1769103474000,18,34,0,0,34,34,596,1
29626457,1769103480000,33,18,0,0,18,18,597,0.9989
29626458,1769103486000,19,33,0,0,33,33,597,0.999
29626459,1769103492000,32,19,0,0,19,19,597,0.9986
29626460,1769103498000,20,32,0,0,32,32,597,0.9987
29626461,1769103504000,36,20,0,0,20,20,596,0.9997
29626462,1769103510000,20,36,0,0,36,36,596,0.9996
29626463,1769103516000,32,20,0,0,20,20,597,0.9983
29626464,1769103522000,22,32,0,0,32,32,597,0.9988
29626465,1769103528000,31,22,0,0,22,22,595,0.9998
29626466,1769103534000,19,31,0,0,31,31,597,0.9986
29626467,1769103540000,34,19,0,0,19,19,597,0.9986
29626468,1769103546000,19,34,0,0,34,34,597,0.998
29626469,1769103552000,33,19,0,0,19,19,596,0.9986
29626470,1769103558000,19,33,0,0,33,33,596,0.9988
29626471,1769103564000,33,19,0,0,19,19,597,0.9981
29626472,1769103570000,19,33,0,0,33,33,597,0.9989
29626473,1769103576000,32,19,0,0,19,19,597,0.999
29626474,1769103582000,19,32,0,0,32,32,597,0.9987
29626475,1769103588000,31,19,0,0,19,19,597,0.9989
29626476,1769103594000,16,31,0,0,31,31,597,0.999
29626477,1769103600000,27,16,0,0,16,16,597,0.9993
29626478,1769103606000,15,27,0,0,27,27,597,0.9988
29626479,1769103612000,29,15,0,0,15,15,597,0.9977
29626480,1769103618000,18,29,0,0,29,29,597,0.9987
29626481,1769103624000,32,18,0,0,18,18,597,0.9985
29626482,1769103630000,19,32,0,0,32,32,597,0.9987
29626483,1769103636000,31,19,0,0,19,19,597,0.9975
29626484,1769103642000,18,31,0,0,31,31,597,0.9986
29626485,1769103648000,33,18,0,0,18,18,597,0.9988
29626486,1769103654000,17,33,0,0,33,33,597,0.9985
29626487,1769103660000,32,17,0,0,17,17,597,0.9985
29626488,1769103666000,18,32,0,0,32,32,597,0.9987
29626489,1769103672000,33,18,0,0,18,18,596,0.9992
29626490,1769103678000,19,33,0,0,33,33,596,0.9997
29626491,1769103684000,34,19,0,0,19,19,596,0.9995
29626492,1769103690000,19,34,0,0,34,34,596,0.9955
29626493,1769103696000,33,19,0,0,19,19,594,0.9996
29626494,1769103702000,19,33,0,0,33,33,596,0.9988
29626495,1769103708000,33,19,0,0,19,19,597,0.9984
29626496,1769103714000,20,33,0,0,33,33,596,0.9996
29626497,1769103720000,32,20,0,0,20,20,597,0.9981
29626498,1769103726000,19,32,0,0,32,32,595,0.9998
29626499,1769103732000,30,19,0,0,19,19,596,0.9999
29626500,1769103738000,20,30,0,0,30,30,597,0.9988
29626501,1769103744000,33,20,0,0,20,20,596,0.9999
29626502,1769103750000,20,33,0,0,33,33,597,0.9987
29626503,1769103756000,34,20,0,0,20,20,596,0.9996
29626504,1769103762000,20,34,0,0,34,34,596,0.9997
29626505,1769103768000,35,20,0,0,20,20,596,0.9998
29626506,1769103774000,20,35,0,0,35,35,597,0.9983
29626507,1769103780000,31,20,0,0,20,20,597,0.9984
29626508,1769103786000,18,31,0,0,31,31,596,0.9996
29626509,1769103792000,35,18,0,0,18,18,597,0.9977
29626510,1769103798000,19,35,0,0,35,35,596,0.9996
29626511,1769103804000,33,19,0,0,19,19,596,0.9996
29626512,1769103810000,17,33,0,0,33,33,597,0.9981
29626513,1769103816000,32,17,0,0,17,17,597,0.9967
29626514,1769103822000,19,32,0,0,32,32,597,0.9984
29626515,1769103828000,33,19,0,0,19,19,597,0.9985
29626516,1769103834000,17,33,0,0,33,33,597,0.9982
29626517,1769103840000,30,17,0,0,17,17,597,0.9982
29626518,1769103846000,19,30,0,0,30,30,595,0.9993
29626519,1769103852000,33,19,0,0,19,19,596,0.9994
29626520,1769103858000,21,33,0,0,33,33,594,0.9999
29626521,1769103864000,34,21,0,0,21,21,597,0.9985
29626522,1769103870000,20,34,0,0,34,34,597,0.9986
29626523,1769103876000,34,20,0,0,20,20,597,0.9979
29626524,1769103882000,21,34,0,0,34,34,597,0.9984
29626525,1769103888000,33,21,0,0,21,21,597,0.9984
29626526,1769103894000,20,33,0,0,33,33,596,0.9991
29626527,1769103900000,33,20,0,0,20,20,597,0.9983
29626528,1769103906000,18,33,0,0,33,33,596,0.9997
29626529,1769103912000,32,18,0,0,18,18,597,0.9977
29626530,1769103918000,21,32,0,0,32,32,597,0.9984
29626531,1769103924000,34,21,0,0,21,21,597,0.9985
29626532,1769103930000,17,34,0,0,34,34,596,0.9998
29626533,1769103936000,31,17,0,0,17,17,597,0.9985
29626534,1769103942000,21,31,0,0,31,31,596,0.9999
29626535,1769103948000,33,21,0,0,21,21,597,0.9985
29626536,1769103954000,18,33,0,0,33,33,597,0.9986
29626537,1769103960000,31,18,0,0,18,18,597,0.9984
29626538,1769103966000,18,31,0,0,31,31,597,0.998
29626539,1769103972000,32,18,0,0,18,18,597,0.9986
29626540,1769103978000,18,32,0,0,32,32,596,0.9997
29626541,1769103984000,33,18,0,0,18,18,597,0.9984
29626542,1769103990000,20,33,0,0,33,33,596,0.9986
29626543,1769103996000,34,20,0,0,20,20,596,0.9997
29626544,1769104002000,18,34,0,0,34,34,597,0.9982
29626545,1769104008000,34,18,0,0,18,18,597,0.9988
29626546,1769104014000,19,34,0,0,34,34,597,0.9978
29626547,1769104020000,32,19,0,0,19,19,597,0.9981
29626548,1769104026000,18,32,0,0,32,32,596,0.9999
29626549,1769104032000,32,18,0,0,18,18,597,0.9981
29626550,1769104038000,17,32,0,0,32,32,597,0.9987
29626551,1769104044000,35,17,0,0,17,17,596,0.9998
29626552,1769104050000,18,35,0,0,35,35,595,0.9998
29626553,1769104056000,30,18,0,0,18,18,596,0.9987
29626554,1769104062000,17,30,0,0,30,30,597,0.9986
29626555,1769104068000,30,17,0,0,17,17,597,0.9981
29626556,1769104074000,15,30,0,0,30,30,597,0.9987
29626557,1769104080000,0,15,0,0,15,15,597,0.9982
29626558,1769104086000,34,0,0,0,0,0,597,0
29626559,1769104092000,19,34,0,0,34,34,597,0.9987
29626560,1769104098000,34,19,0,0,19,19,597,0.9981
29626561,1769104104000,22,34,0,0,34,34,597,0.9986
29626562,1769104110000,31,22,0,0,22,22,597,0.9983
29626563,1769104116000,24,31,0,0,31,31,597,0.9985
29626564,1769104122000,30,24,0,0,24,24,597,0.9985
29626565,1769104128000,22,30,0,0,30,30,597,0.9985
29626566,1769104134000,30,22,0,0,22,22,597,0.9982
29626567,1769104140000,22,30,0,0,30,30,597,0.9986
29626568,1769104146000,31,22,0,0,22,22,596,0.9986
29626569,1769104152000,24,31,0,0,31,31,596,0.9997
29626570,1769104158000,27,24,0,0,24,24,597,0.9989
29626571,1769104164000,25,27,0,0,27,27,597,0.9991
29626572,1769104170000,29,25,0,0,25,25,597,0.9988
29626573,1769104176000,25,29,0,0,29,29,597,0.999
29626574,1769104182000,27,25,0,0,25,25,597,0.9976
29626575,1769104188000,26,27,0,0,27,27,597,0.999
29626576,1769104194000,28,26,0,0,26,26,597,0.9988
29626577,1769104200000,23,28,0,0,28,28,597,0.9988
29626578,1769104206000,27,23,0,0,23,23,597,0.9988
29626579,1769104212000,24,27,0,0,27,27,597,0.9989
29626580,1769104218000,28,24,0,0,24,24,597,0.999
29626581,1769104224000,28,28,0,0,28,28,597,0.9987
29626582,1769104230000,28,28,0,0,28,28,597,0.9987
29626583,1769104236000,25,28,0,0,28,28,597,0.9987
29626584,1769104242000,28,25,0,0,25,25,597,0.9989
29626585,1769104248000,24,28,0,0,28,28,597,0.9987
29626586,1769104254000,28,24,0,0,24,24,597,0.9982
29626587,1769104260000,22,28,0,0,28,28,597,0.9976
29626588,1769104266000,26,22,0,0,22,22,596,0.9973
29626589,1769104272000,25,26,0,0,26,26,596,0.9998
29626590,1769104278000,26,25,0,0,25,25,597,0.9987
29626591,1769104284000,26,26,0,0,26,26,597,0.9986
29626592,1769104290000,25,26,0,0,26,26,596,0.9998
29626593,1769104296000,23,25,0,0,25,25,596,0.9999
29626594,1769104302000,27,23,0,0,23,23,597,0.9985
29626595,1769104308000,25,27,0,0,27,27,596,0.9991
29626596,1769104314000,24,25,0,0,25,25,596,0.9999
29626597,1769104320000,24,24,0,0,24,24,596,0.9999
29626598,1769104326000,24,24,0,0,24,24,596,0.9997
29626599,1769104332000,27,24,0,0,24,24,596,0.9996
29626600,1769104338000,26,27,0,0,27,27,596,0.9998
29626601,1769104344000,27,26,0,0,26,26,596,0.9998
29626602,1769104350000,24,27,0,0,27,27,596,0.9999
29626603,1769104356000,27,24,0,0,24,24,597,0.9981
29626604,1769104362000,25,27,0,0,27,27,596,0.9994
29626605,1769104368000,28,25,0,0,25,25,597,0.9981
29626606,1769104374000,25,28,0,0,28,28,596,0.9997
29626607,1769104380000,26,25,0,0,25,25,596,0.9996
29626608,1769104386000,24,26,0,0,26,26,596,0.9998
29626609,1769104392000,25,24,0,0,24,24,596,0.9997
29626610,1769104398000,26,25,0,0,25,25,596,0.9998
29626611,1769104404000,29,26,0,0,26,26,596,0.9999
29626612,1769104410000,26,29,0,0,29,29,596,0.9997
29626613,1769104416000,27,26,0,0,26,26,596,0.9999
29626614,1769104422000,27,27,0,0,27,27,596,0.9986
29626615,1769104428000,26,27,0,0,27,27,596,0.9999
29626616,1769104434000,25,26,0,0,26,26,596,0.9999
29626617,1769104440000,25,25,0,0,25,25,596,0.9991
29626618,1769104446000,25,25,0,0,25,25,596,1
29626619,1769104452000,22,25,0,0,25,25,596,0.9995
29626620,1769104458000,29,22,0,0,22,22,596,0.9997
29626621,1769104464000,22,29,0,0,29,29,596,0.9997
29626622,1769104470000,28,22,0,0,22,22,597,0.9967
29626623,1769104476000,24,28,0,0,28,28,597,0.9982
29626624,1769104482000,31,24,0,0,24,24,572,0.9997
29626625,1769104488000,23,31,0,0,31,31,596,0.9994
29626626,1769104494000,29,23,0,0,23,23,596,0.9997
29626627,1769104500000,24,29,0,0,29,29,596,0.9999
29626628,1769104506000,27,24,0,0,24,24,597,0.9983
29626629,1769104512000,24,27,0,0,27,27,597,0.9987
29626630,1769104518000,28,24,0,0,24,24,596,1
29626631,1769104524000,25,28,0,0,28,28,597,0.9984
29626632,1769104530000,29,25,0,0,25,25,597,0.9981
29626633,1769104536000,24,29,0,0,29,29,596,0.9997
29626634,1769104542000,25,24,0,0,24,24,596,1
29626635,1769104548000,26,25,0,0,25,25,596,0.9999
29626636,1769104554000,27,26,0,0,26,26,593,1
29626637,1769104560000,21,27,0,0,27,27,596,1
29626638,1769104566000,23,21,0,0,21,21,597,0.9987
29626639,1769104572000,26,23,0,0,23,23,597,0.9978
29626640,1769104578000,25,26,0,0,26,26,597,0.9988
29626641,1769104584000,25,25,0,0,25,25,597,0.9986
29626642,1769104590000,26,25,0,0,25,25,597,0.9985
29626643,1769104596000,28,26,0,0,26,26,597,0.9986
29626644,1769104602000,25,28,0,0,28,28,597,0.9987
29626645,1769104608000,26,25,0,0,25,25,597,0.9987
29626646,1769104614000,25,26,0,0,26,26,597,0.9987
29626647,1769104620000,25,25,0,0,25,25,597,0.9984
29626648,1769104626000,25,25,0,0,25,25,597,0.9986
29626649,1769104632000,25,25,0,0,25,25,597,0.9985
29626650,1769104638000,24,25,0,0,25,25,597,0.9989
29626651,1769104644000,25,24,0,0,24,24,597,0.9989
29626652,1769104650000,25,25,0,0,25,25,597,0.9988
29626653,1769104656000,27,25,0,0,25,25,597,0.9989
29626654,1769104662000,24,27,0,0,27,27,597,0.9986
29626655,1769104668000,25,24,0,0,24,24,597,0.9984
29626656,1769104674000,23,25,0,0,25,25,597,0.9987
29626657,1769104680000,28,23,0,0,23,23,597,0.9968
29626658,1769104686000,25,28,0,0,28,28,597,0.9974
29626659,1769104692000,28,25,0,0,25,25,596,0.9996
29626660,1769104698000,26,28,0,0,28,28,597,0.9987
29626661,1769104704000,27,26,0,0,26,26,597,0.9982
29626662,1769104710000,25,27,0,0,27,27,597,0.9983
29626663,1769104716000,29,25,0,0,25,25,597,0.9986
29626664,1769104722000,26,29,0,0,29,29,597,0.9988
29626665,1769104728000,26,26,0,0,26,26,597,0.9983
29626666,1769104734000,25,26,0,0,26,26,596,0.9981
29626667,1769104740000,23,25,0,0,25,25,595,0.9999
29626668,1769104746000,24,23,0,0,23,23,596,0.9985
29626669,1769104752000,29,24,0,0,24,24,596,0.9978
29626670,1769104758000,24,29,0,0,29,29,596,0.9986
29626671,1769104764000,28,24,0,0,24,24,597,0.9984
29626672,1769104770000,25,28,0,0,28,28,597,0.9987
29626673,1769104776000,26,25,0,0,25,25,597,0.9987
29626674,1769104782000,21,26,0,0,26,26,597,0.9985
29626675,1769104788000,27,21,0,0,21,21,597,0.998
29626676,1769104794000,22,27,0,0,27,27,597,0.9984
29626677,1769104800000,26,22,0,0,22,22,597,0.9983
29626678,1769104806000,24,26,0,0,26,26,596,0.9999
29626679,1769104812000,30,24,0,0,24,24,596,0.9997
29626680,1769104818000,23,30,0,0,30,30,594,0.9985
29626681,1769104824000,31,23,0,0,23,23,597,0.9986
29626682,1769104830000,23,31,0,0,31,31,597,0.9981
29626683,1769104836000,31,23,0,0,23,23,597,0.9985
29626684,1769104842000,22,31,0,0,31,31,597,0.9984
29626685,1769104848000,28,22,0,0,22,22,597,0.9988
29626686,1769104854000,24,28,0,0,28,28,596,0.9992
29626687,1769104860000,30,24,0,0,24,24,596,0.9994
29626688,1769104866000,23,30,0,0,30,30,596,0.9997
29626689,1769104872000,30,23,0,0,23,23,596,0.9999
29626690,1769104878000,21,30,0,0,30,30,596,0.9992
29626691,1769104884000,26,21,0,0,21,21,597,0.9986
29626692,1769104890000,21,26,0,0,26,26,597,0.9983
29626693,1769104896000,27,21,0,0,21,21,596,1
29626694,1769104902000,22,27,0,0,27,27,596,0.9998
29626695,1769104908000,29,22,0,0,22,22,596,0.9995
29626696,1769104914000,23,29,0,0,29,29,596,0.9997
29626697,1769104920000,27,23,0,0,23,23,596,0.9998
29626698,1769104926000,24,27,0,0,27,27,596,0.9999
29626699,1769104932000,29,24,0,0,24,24,596,0.9995
29626700,1769104938000,23,29,0,0,29,29,596,0.9998
29626701,1769104944000,30,23,0,0,23,23,596,0.9991
29626702,1769104950000,24,30,0,0,30,30,596,0.9994
29626703,1769104956000,30,24,0,0,24,24,596,0.9996
29626704,1769104962000,24,30,0,0,30,30,596,0.9998
29626705,1769104968000,28,24,0,0,24,24,596,0.9996
29626706,1769104974000,23,28,0,0,28,28,596,0.9996
29626707,1769104980000,26,23,0,0,23,23,593,0.9997
29626708,1769104986000,26,26,0,0,26,26,596,0.9994
29626709,1769104992000,27,26,0,0,26,26,596,0.9997
29626710,1769104998000,23,27,0,0,27,27,596,0.9997
29626711,1769105004000,26,23,0,0,23,23,596,0.9999
29626712,1769105010000,25,26,0,0,26,26,596,1
29626713,1769105016000,30,25,0,0,25,25,597,0.9985
29626714,1769105022000,23,30,0,0,30,30,597,0.9983
29626715,1769105028000,27,23,0,0,23,23,597,0.9984
29626716,1769105034000,25,27,0,0,27,27,597,0.9987
29626717,1769105040000,30,25,0,0,25,25,596,0.9999
29626718,1769105046000,23,30,0,0,30,30,596,0.9996
29626719,1769105052000,29,23,0,0,23,23,596,0.998
29626720,1769105058000,23,29,0,0,29,29,596,0.9995
29626721,1769105064000,26,23,0,0,23,23,596,0.9997
29626722,1769105070000,24,26,0,0,26,26,596,0.9997
29626723,1769105076000,26,24,0,0,24,24,596,0.9997
29626724,1769105082000,20,26,0,0,26,26,596,0.9992
29626725,1769105088000,28,20,0,0,20,20,596,0.9997
29626726,1769105094000,22,28,0,0,28,28,596,0.9997
29626727,1769105100000,26,22,0,0,22,22,596,0.9998
29626728,1769105106000,21,26,0,0,26,26,596,0.9999
29626729,1769105112000,25,21,0,0,21,21,596,0.9996
29626730,1769105118000,22,25,0,0,25,25,597,0.9978
29626731,1769105124000,27,22,0,0,22,22,597,0.9988
29626732,1769105130000,24,27,0,0,27,27,597,0.9986
29626733,1769105136000,26,24,0,0,24,24,597,0.9985
29626734,1769105142000,23,26,0,0,26,26,597,0.9983
29626735,1769105148000,26,23,0,0,23,23,597,0.9988
29626736,1769105154000,23,26,0,0,26,26,597,0.9983
29626737,1769105160000,26,23,0,0,23,23,596,0.9987
29626738,1769105166000,22,26,0,0,26,26,597,0.9988
29626739,1769105172000,26,22,0,0,22,22,595,0.9976
29626740,1769105178000,23,26,0,0,26,26,597,0.9981
29626741,1769105184000,27,23,0,0,23,23,597,0.9983
29626742,1769105190000,25,27,0,0,27,27,597,0.9988
29626743,1769105196000,28,25,0,0,25,25,597,0.9983
29626744,1769105202000,24,28,0,0,28,28,596,0.9995
29626745,1769105208000,26,24,0,0,24,24,596,0.9998
29626746,1769105214000,25,26,0,0,26,26,597,0.9986
29626747,1769105220000,26,25,0,0,25,25,597,0.9987
29626748,1769105226000,23,26,0,0,26,26,597,0.9977
29626749,1769105232000,25,23,0,0,23,23,597,0.9983
29626750,1769105238000,26,25,0,0,25,25,596,0.9993
29626751,1769105244000,25,26,0,0,26,26,596,0.9976
29626752,1769105250000,25,25,0,0,25,25,597,0.9985
29626753,1769105256000,25,25,0,0,25,25,597,0.9985
29626754,1769105262000,24,25,0,0,25,25,597,0.9986
29626755,1769105268000,25,24,0,0,24,24,597,0.9978
29626756,1769105274000,24,25,0,0,25,25,597,0.9983
29626757,1769105280000,25,24,0,0,24,24,597,0.9987
29626758,1769105286000,26,25,0,0,25,25,597,0.9981
29626759,1769105292000,28,26,0,0,26,26,597,0.9987
29626760,1769105298000,28,28,0,0,28,28,597,0.9985
29626761,1769105304000,25,28,0,0,28,28,597,0.9985
29626762,1769105310000,26,25,0,0,25,25,597,0.9986
29626763,1769105316000,28,26,0,0,26,26,597,0.9986
29626764,1769105322000,26,28,0,0,28,28,597,0.9983
29626765,1769105328000,26,26,0,0,26,26,596,0.9988
29626766,1769105334000,27,26,0,0,26,26,597,0.9989
29626767,1769105340000,27,27,0,0,27,27,597,0.9983
29626768,1769105346000,25,27,0,0,27,27,597,0.9988
29626769,1769105352000,26,25,0,0,25,25,596,0.9974
29626770,1769105358000,27,26,0,0,26,26,597,0.9977
29626771,1769105364000,28,27,0,0,27,27,597,0.9978
29626772,1769105370000,26,28,0,0,28,28,597,0.9987
29626773,1769105376000,27,26,0,0,26,26,597,0.9978
29626774,1769105382000,26,27,0,0,27,27,597,0.9983
29626775,1769105388000,26,26,0,0,26,26,597,0.9978
29626776,1769105394000,25,26,0,0,26,26,597,0.9977
29626777,1769105400000,23,25,0,0,25,25,597,0.9981
29626778,1769105406000,24,23,0,0,23,23,597,0.9978
29626779,1769105412000,27,24,0,0,24,24,597,0.9986
29626780,1769105418000,26,27,0,0,27,27,597,0.9984
29626781,1769105424000,26,26,0,0,26,26,597,0.9989
29626782,1769105430000,26,26,0,0,26,26,597,0.9986
29626783,1769105436000,27,26,0,0,26,26,597,0.9986
29626784,1769105442000,26,27,0,0,27,27,597,0.9987
29626785,1769105448000,23,26,0,0,26,26,596,0.9998
29626786,1769105454000,24,23,0,0,23,23,597,0.9974
29626787,1769105460000,26,24,0,0,24,24,596,0.9997
29626788,1769105466000,25,26,0,0,26,26,596,0.9988
29626789,1769105472000,26,25,0,0,25,25,596,0.9985
29626790,1769105478000,25,26,0,0,26,26,596,0.9992
29626791,1769105484000,26,25,0,0,25,25,597,0.9981
29626792,1769105490000,25,26,0,0,26,26,597,0.9984
29626793,1769105496000,24,25,0,0,25,25,597,0.9986
29626794,1769105502000,24,24,0,0,24,24,596,0.9997
29626795,1769105508000,24,24,0,0,24,24,597,0.9973
29626796,1769105514000,25,24,0,0,24,24,596,0.9981
29626797,1769105520000,26,25,0,0,25,25,596,0.9993
29626798,1769105526000,27,26,0,0,26,26,597,0.9979
29626799,1769105532000,23,27,0,0,27,27,596,0.9999
29626800,1769105538000,25,23,0,0,23,23,597,0.9983
29626801,1769105544000,27,25,0,0,25,25,597,0.9975
29626802,1769105550000,26,27,0,0,27,27,596,0.9996
29626803,1769105556000,26,26,0,0,26,26,597,0.9986
29626804,1769105562000,29,26,0,0,26,26,597,0.9986
29626805,1769105568000,23,29,0,0,29,29,596,0.9991
29626806,1769105574000,26,23,0,0,23,23,596,0.9993
29626807,1769105580000,27,26,0,0,26,26,597,0.9985
29626808,1769105586000,26,27,0,0,27,27,596,0.9998
29626809,1769105592000,26,26,0,0,26,26,596,0.9995
29626810,1769105598000,27,26,0,0,26,26,596,0.9997
29626811,1769105604000,26,27,0,0,27,27,596,0.9998
29626812,1769105610000,25,26,0,0,26,26,596,0.9995
29626813,1769105616000,22,25,0,0,25,25,596,0.9998
29626814,1769105622000,26,22,0,0,22,22,596,0.9998
29626815,1769105628000,25,26,0,0,26,26,596,0.9994
29626816,1769105634000,28,25,0,0,25,25,596,0.9995
29626817,1769105640000,24,28,0,0,28,28,596,0.9993
29626818,1769105646000,29,24,0,0,24,24,596,0.9997
29626819,1769105652000,26,29,0,0,29,29,596,0.9995
29626820,1769105658000,28,26,0,0,26,26,596,0.9992
29626821,1769105664000,26,28,0,0,28,28,596,0.996
29626822,1769105670000,27,26,0,0,26,26,596,0.9949
29626823,1769105676000,26,27,0,0,27,27,596,0.9958
29626824,1769105682000,27,26,0,0,26,26,596,0.9974
29626825,1769105688000,26,27,0,0,27,27,595,0.9977
29626826,1769105694000,27,26,0,0,26,26,596,0.9983
29626827,1769105700000,27,27,0,0,27,27,596,0.9983
29626828,1769105706000,26,27,0,0,27,27,596,0.9993
29626829,1769105712000,26,26,0,0,26,26,596,0.9963
29626830,1769105718000,25,26,0,0,26,26,596,0.9985
29626831,1769105724000,25,25,0,0,25,25,596,0.9996
29626832,1769105730000,28,25,0,0,25,25,596,0.9999
29626833,1769105736000,22,28,0,0,28,28,597,0.9984
29626834,1769105742000,23,22,0,0,22,22,597,0.9979
29626835,1769105748000,0,23,0,0,23,23,597,0.998
29626836,1769105754000,31,0,0,0,0,0,530,0
29626837,1769105760000,20,31,0,0,31,31,596,0.9998
29626838,1769105766000,31,20,0,0,20,20,596,0.9993
29626839,1769105772000,24,31,0,0,31,31,596,0.9997
29626840,1769105778000,28,24,0,0,24,24,596,0.9995
29626841,1769105784000,23,28,0,0,28,28,596,0.9999
29626842,1769105790000,26,23,0,0,23,23,596,0.9996
29626843,1769105796000,23,26,0,0,26,26,596,0.9998
29626844,1769105802000,28,23,0,0,23,23,596,0.9992
29626845,1769105808000,21,28,0,0,28,28,597,0.9986
29626846,1769105814000,26,21,0,0,21,21,596,0.9998
29626847,1769105820000,23,26,0,0,26,26,597,0.9988
29626848,1769105826000,28,23,0,0,23,23,597,0.998
29626849,1769105832000,25,28,0,0,28,28,597,0.9984
29626850,1769105838000,29,25,0,0,25,25,597,0.9985
29626851,1769105844000,27,29,0,0,29,29,597,0.9986
29626852,1769105850000,29,27,0,0,27,27,596,0.9995
29626853,1769105856000,24,29,0,0,29,29,597,0.9984
29626854,1769105862000,28,24,0,0,24,24,597,0.9987
29626855,1769105868000,26,28,0,0,28,28,597,0.9986
29626856,1769105874000,27,26,0,0,26,26,597,0.9987
29626857,1769105880000,24,27,0,0,27,27,597,0.9984
29626858,1769105886000,26,24,0,0,24,24,597,0.9986
29626859,1769105892000,24,26,0,0,26,26,597,0.9986
29626860,1769105898000,28,24,0,0,24,24,597,0.9985
29626861,1769105904000,25,28,0,0,28,28,597,0.9986
29626862,1769105910000,27,25,0,0,25,25,597,0.9978
29626863,1769105916000,26,27,0,0,27,27,596,0.9986
29626864,1769105922000,26,26,0,0,26,26,597,0.9988
29626865,1769105928000,24,26,0,0,26,26,597,0.9983
29626866,1769105934000,25,24,0,0,24,24,597,0.9984
29626867,1769105940000,24,25,0,0,25,25,597,0.9986
29626868,1769105946000,26,24,0,0,24,24,597,0.9989
29626869,1769105952000,26,26,0,0,26,26,597,0.9985
29626870,1769105958000,23,26,0,0,26,26,597,0.998
29626871,1769105964000,0,23,0,0,23,23,597,0.9984
29626872,1769105970000,29,0,0,0,0,0,596,0
29626873,1769105976000,23,29,0,0,29,29,597,0.9987
29626874,1769105982000,30,23,0,0,23,23,597,0.9984
29626875,1769105988000,24,30,0,0,30,30,597,0.9985
29626876,1769105994000,26,24,0,0,24,24,597,0.9983
29626877,1769106000000,21,26,0,0,26,26,596,0.9994
29626878,1769106006000,28,21,0,0,21,21,596,0.9978
29626879,1769106012000,27,28,0,0,28,28,596,0.9983
29626880,1769106018000,28,27,0,0,27,27,597,0.9966
29626881,1769106024000,28,28,0,0,28,28,597,0.9969
29626882,1769106030000,28,28,0,0,28,28,597,0.9967
29626883,1769106036000,26,28,0,0,28,28,597,0.9983
29626884,1769106042000,23,26,0,0,26,26,593,0.9997
29626885,1769106048000,28,23,0,0,23,23,597,0.9985
29626886,1769106054000,24,28,0,0,28,28,597,0.9981
29626887,1769106060000,26,24,0,0,24,24,596,0.9998
29626888,1769106066000,25,26,0,0,26,26,597,0.9983
29626889,1769106072000,24,25,0,0,25,25,597,0.9985
29626890,1769106078000,24,24,0,0,24,24,597,0.9985
29626891,1769106084000,25,24,0,0,24,24,597,0.998
29626892,1769106090000,24,25,0,0,25,25,596,0.9998
29626893,1769106096000,27,24,0,0,24,24,597,0.9985
29626894,1769106102000,27,27,0,0,27,27,597,0.9986
29626895,1769106108000,22,27,0,0,27,27,596,0.9976
29626896,1769106114000,28,22,0,0,22,22,596,0.9998
29626897,1769106120000,22,28,0,0,28,28,597,0.998
29626898,1769106126000,28,22,0,0,22,22,596,0.9999
29626899,1769106132000,22,28,0,0,28,28,596,0.9984
29626900,1769106138000,29,22,0,0,22,22,596,0.9995
29626901,1769106144000,22,29,0,0,29,29,596,0.9998
29626902,1769106150000,31,22,0,0,22,22,596,0.9995
29626903,1769106156000,21,31,0,0,31,31,596,0.9993
29626904,1769106162000,31,21,0,0,21,21,597,0.9982
29626905,1769106168000,23,31,0,0,31,31,595,0.9997
29626906,1769106174000,31,23,0,0,23,23,597,0.9988
29626907,1769106180000,22,31,0,0,31,31,596,0.9996
29626908,1769106186000,32,22,0,0,22,22,597,0.9985
29626909,1769106192000,23,32,0,0,32,32,596,0.9999
29626910,1769106198000,28,23,0,0,23,23,596,0.9995
29626911,1769106204000,22,28,0,0,28,28,596,0.9997
29626912,1769106210000,30,22,0,0,22,22,597,0.9986
29626913,1769106216000,21,30,0,0,30,30,597,0.9984
29626914,1769106222000,28,21,0,0,21,21,597,0.9987
29626915,1769106228000,23,28,0,0,28,28,597,0.9987
29626916,1769106234000,29,23,0,0,23,23,596,0.9999
29626917,1769106240000,20,29,0,0,29,29,596,0.9995
29626918,1769106246000,30,20,0,0,20,20,597,0.9978
29626919,1769106252000,22,30,0,0,30,30,596,0.9984
29626920,1769106258000,28,22,0,0,22,22,597,0.9984
29626921,1769106264000,21,28,0,0,28,28,597,0.9985
29626922,1769106270000,27,21,0,0,21,21,597,0.9985
29626923,1769106276000,22,27,0,0,27,27,596,0.9999
29626924,1769106282000,27,22,0,0,22,22,597,0.9977
29626925,1769106288000,21,27,0,0,27,27,597,0.9983
29626926,1769106294000,27,21,0,0,21,21,597,0.9979
29626927,1769106300000,22,27,0,0,27,27,596,0.9998
29626928,1769106306000,29,22,0,0,22,22,596,0.9992
29626929,1769106312000,24,29,0,0,29,29,596,0.9996
29626930,1769106318000,26,24,0,0,24,24,597,0.9985
29626931,1769106324000,24,26,0,0,26,26,597,0.9985
29626932,1769106330000,28,24,0,0,24,24,596,0.9997
29626933,1769106336000,23,28,0,0,28,28,597,0.9986
29626934,1769106342000,28,23,0,0,23,23,596,0.9998
29626935,1769106348000,22,28,0,0,28,28,597,0.9984
29626936,1769106354000,26,22,0,0,22,22,597,0.9981
29626937,1769106360000,23,26,0,0,26,26,596,0.9998
29626938,1769106366000,28,23,0,0,23,23,596,0.9999
29626939,1769106372000,24,28,0,0,28,28,596,0.9996
29626940,1769106378000,29,24,0,0,24,24,596,0.9997
29626941,1769106384000,20,29,0,0,29,29,597,0.9987
29626942,1769106390000,28,20,0,0,20,20,596,0.9999
29626943,1769106396000,22,28,0,0,28,28,597,0.9982
29626944,1769106402000,25,22,0,0,22,22,596,0.9997
29626945,1769106408000,18,25,0,0,25,25,597,0.9981
29626946,1769106414000,30,18,0,0,18,18,597,0.9983
29626947,1769106420000,23,30,0,0,30,30,592,0.9987
29626948,1769106426000,30,23,0,0,23,23,597,0.9988
29626949,1769106432000,24,30,0,0,30,30,597,0.9983
29626950,1769106438000,29,24,0,0,24,24,596,0.9999
29626951,1769106444000,24,29,0,0,29,29,596,0.9996
29626952,1769106450000,29,24,0,0,24,24,597,0.9983
29626953,1769106456000,22,29,0,0,29,29,597,0.9982
29626954,1769106462000,30,22,0,0,22,22,597,0.9974
29626955,1769106468000,22,30,0,0,30,30,597,0.9981
29626956,1769106474000,28,22,0,0,22,22,597,0.9987
29626957,1769106480000,24,28,0,0,28,28,597,0.9982
29626958,1769106486000,29,24,0,0,24,24,596,0.9982
29626959,1769106492000,21,29,0,0,29,29,597,0.9984
29626960,1769106498000,30,21,0,0,21,21,597,0.9981
29626961,1769106504000,22,30,0,0,30,30,596,0.9965
29626962,1769106510000,31,22,0,0,22,22,592,0.9976
29626963,1769106516000,24,31,0,0,31,31,596,0.9975
29626964,1769106522000,29,24,0,0,24,24,597,0.9985
29626965,1769106528000,25,29,0,0,29,29,596,0.9984
29626966,1769106534000,25,25,0,0,25,25,596,0.9994
29626967,1769106540000,29,25,0,0,25,25,597,0.9985
29626968,1769106546000,25,29,0,0,29,29,597,0.9977
29626969,1769106552000,28,25,0,0,25,25,597,0.998
29626970,1769106558000,26,28,0,0,28,28,597,0.9987
29626971,1769106564000,27,26,0,0,26,26,597,0.9985
29626972,1769106570000,24,27,0,0,27,27,597,0.9986
29626973,1769106576000,28,24,0,0,24,24,597,0.9968
29626974,1769106582000,24,28,0,0,28,28,597,0.9983
29626975,1769106588000,28,24,0,0,24,24,596,0.9986
29626976,1769106594000,25,28,0,0,28,28,596,0.9999
29626977,1769106600000,27,25,0,0,25,25,597,0.9984
29626978,1769106606000,23,27,0,0,27,27,596,0.9999
29626979,1769106612000,26,23,0,0,23,23,597,0.9981
29626980,1769106618000,20,26,0,0,26,26,597,0.9982
29626981,1769106624000,25,20,0,0,20,20,597,0.9987
29626982,1769106630000,22,25,0,0,25,25,597,0.9979
29626983,1769106636000,26,22,0,0,22,22,597,0.9985
29626984,1769106642000,23,26,0,0,26,26,597,0.9983
29626985,1769106648000,27,23,0,0,23,23,597,0.9988
29626986,1769106654000,22,27,0,0,27,27,597,0.9985
29626987,1769106660000,29,22,0,0,22,22,597,0.9986
29626988,1769106666000,20,29,0,0,29,29,596,0.9999
29626989,1769106672000,24,20,0,0,20,20,596,0.9997
29626990,1769106678000,23,24,0,0,24,24,596,0.9997
29626991,1769106684000,25,23,0,0,23,23,597,0.9986
29626992,1769106690000,22,25,0,0,25,25,596,0.9985
29626993,1769106696000,26,22,0,0,22,22,597,0.9979
29626994,1769106702000,23,26,0,0,26,26,596,0.9996
29626995,1769106708000,26,23,0,0,23,23,597,0.9979
29626996,1769106714000,23,26,0,0,26,26,597,0.9976
29626997,1769106720000,28,23,0,0,23,23,595,0.9985
29626998,1769106726000,22,28,0,0,28,28,597,0.9973
29626999,1769106732000,26,22,0,0,22,22,597,0.9973
29627000,1769106738000,1,26,0,0,26,26,597,0.9977
29627001,1769106744000,35,1,0,0,1,1,597,1
29627002,1769106750000,19,35,0,0,35,35,596,0.9995
29627003,1769106756000,34,19,0,0,19,19,596,0.9992
29627004,1769106762000,20,34,0,0,34,34,596,0.9993
29627005,1769106768000,31,20,0,0,20,20,597,0.9979
29627006,1769106774000,18,31,0,0,31,31,596,0.9986
29627007,1769106780000,33,18,0,0,18,18,596,0.999
29627008,1769106786000,19,33,0,0,33,33,596,0.9995
29627009,1769106792000,34,19,0,0,19,19,596,0.9993
29627010,1769106798000,16,34,0,0,34,34,596,0.9992
29627011,1769106804000,31,16,0,0,16,16,596,0.9996
29627012,1769106810000,14,31,0,0,31,31,596,0.9991
29627013,1769106816000,31,14,0,0,14,14,596,0.999
29627014,1769106822000,15,31,0,0,31,31,596,0.9997
29627015,1769106828000,31,15,0,0,15,15,596,0.9998
29627016,1769106834000,17,31,0,0,31,31,596,0.9995
29627017,1769106840000,33,17,0,0,17,17,596,0.9997
29627018,1769106846000,18,33,0,0,33,33,596,0.9997
29627019,1769106852000,35,18,0,0,18,18,595,0.999
29627020,1769106858000,19,35,0,0,35,35,596,0.9997
29627021,1769106864000,36,19,0,0,19,19,596,0.9994
29627022,1769106870000,19,36,0,0,36,36,597,0.9986
29627023,1769106876000,34,19,0,0,19,19,597,0.9976
29627024,1769106882000,18,34,0,0,34,34,597,0.9985
29627025,1769106888000,32,18,0,0,18,18,597,0.9981
29627026,1769106894000,17,32,0,0,32,32,597,0.9985
29627027,1769106900000,34,17,0,0,17,17,597,0.9985
29627028,1769106906000,20,34,0,0,34,34,597,0.9982
29627029,1769106912000,35,20,0,0,20,20,596,0.9997
29627030,1769106918000,19,35,0,0,35,35,597,0.9982
29627031,1769106924000,33,19,0,0,19,19,597,0.9987
29627032,1769106930000,19,33,0,0,33,33,596,0.9992
29627033,1769106936000,35,19,0,0,19,19,597,0.9967
29627034,1769106942000,19,35,0,0,35,35,597,0.9971
29627035,1769106948000,34,19,0,0,19,19,597,0.9972
29627036,1769106954000,19,34,0,0,34,34,597,0.9982
29627037,1769106960000,33,19,0,0,19,19,597,0.9985
29627038,1769106966000,19,33,0,0,33,33,596,0.9988
29627039,1769106972000,35,19,0,0,19,19,597,0.9977
29627040,1769106978000,19,35,0,0,35,35,594,0.9986
29627041,1769106984000,35,19,0,0,19,19,597,0.9979
29627042,1769106990000,18,35,0,0,35,35,596,0.9998
29627043,1769106996000,31,18,0,0,18,18,591,0.9987
29627044,1769107002000,17,31,0,0,31,31,595,0.9998
29627045,1769107008000,36,17,0,0,17,17,596,0.9997
29627046,1769107014000,18,36,0,0,36,36,597,0.998
29627047,1769107020000,36,18,0,0,18,18,597,0.9986
29627048,1769107026000,18,36,0,0,36,36,596,0.9991
29627049,1769107032000,34,18,0,0,18,18,597,0.9986
29627050,1769107038000,18,34,0,0,34,34,597,0.9986
29627051,1769107044000,34,18,0,0,18,18,597,0.9977
29627052,1769107050000,19,34,0,0,34,34,597,0.9971
29627053,1769107056000,33,19,0,0,19,19,597,0.9978
29627054,1769107062000,19,33,0,0,33,33,597,0.9981
29627055,1769107068000,33,19,0,0,19,19,597,0.9977
29627056,1769107074000,17,33,0,0,33,33,597,0.9973
29627057,1769107080000,33,17,0,0,17,17,597,0.9983
29627058,1769107086000,18,33,0,0,33,33,597,0.9983
29627059,1769107092000,32,18,0,0,18,18,597,0.9977
29627060,1769107098000,16,32,0,0,32,32,597,0.9984
29627061,1769107104000,34,16,0,0,16,16,597,0.9981
29627062,1769107110000,19,34,0,0,34,34,597,0.998
29627063,1769107116000,31,19,0,0,19,19,596,0.9995
29627064,1769107122000,16,31,0,0,31,31,596,0.9983
29627065,1769107128000,35,16,0,0,16,16,597,0.9985
29627066,1769107134000,19,35,0,0,35,35,597,0.998
29627067,1769107140000,35,19,0,0,19,19,595,0.9995
29627068,1769107146000,16,35,0,0,35,35,596,0.9996
29627069,1769107152000,34,16,0,0,16,16,597,0.9984
29627070,1769107158000,17,34,0,0,34,34,597,0.9984
29627071,1769107164000,34,17,0,0,17,17,597,0.998
29627072,1769107170000,15,34,0,0,34,34,596,0.9999
29627073,1769107176000,31,15,0,0,15,15,597,0.9982
29627074,1769107182000,17,31,0,0,31,31,596,0.9993
29627075,1769107188000,33,17,0,0,17,17,597,0.998
29627076,1769107194000,15,33,0,0,33,33,596,0.9995
29627077,1769107200000,33,15,0,0,15,15,597,0.9978
29627078,1769107206000,16,33,0,0,33,33,597,0.9977
29627079,1769107212000,34,16,0,0,16,16,596,0.9986
29627080,1769107218000,18,34,0,0,34,34,597,0.9982
29627081,1769107224000,36,18,0,0,18,18,597,0.9984
29627082,1769107230000,19,36,0,0,36,36,596,0.9999
29627083,1769107236000,34,19,0,0,19,19,597,0.9985
29627084,1769107242000,17,34,0,0,34,34,596,0.9983
29627085,1769107248000,33,17,0,0,17,17,597,0.9984
29627086,1769107254000,15,33,0,0,33,33,596,0.9995
29627087,1769107260000,33,15,0,0,15,15,597,0.9988
29627088,1769107266000,20,33,0,0,33,33,597,0.9986
29627089,1769107272000,32,20,0,0,20,20,597,0.9987
29627090,1769107278000,18,32,0,0,32,32,597,0.9986
29627091,1769107284000,31,18,0,0,18,18,596,0.9997
29627092,1769107290000,18,31,0,0,31,31,597,0.9987
29627093,1769107296000,30,18,0,0,18,18,596,0.9998
29627094,1769107302000,16,30,0,0,30,30,597,0.9983
29627095,1769107308000,32,16,0,0,16,16,597,0.9987
29627096,1769107314000,21,32,0,0,32,32,597,0.998
29627097,1769107320000,35,21,0,0,21,21,597,0.9978
29627098,1769107326000,19,35,0,0,35,35,597,0.9977
29627099,1769107332000,35,19,0,0,19,19,596,0.9992
29627100,1769107338000,18,35,0,0,35,35,597,0.9975
29627101,1769107344000,35,18,0,0,18,18,596,0.9993
29627102,1769107350000,19,35,0,0,35,35,596,0.9995
29627103,1769107356000,32,19,0,0,19,19,597,0.9984
29627104,1769107362000,22,32,0,0,32,32,597,0.9985
29627105,1769107368000,28,22,0,0,22,22,597,0.9986
29627106,1769107374000,22,28,0,0,28,28,597,0.9982
29627107,1769107380000,30,22,0,0,22,22,595,0.9992
29627108,1769107386000,23,30,0,0,30,30,596,0.9985
29627109,1769107392000,29,23,0,0,23,23,596,0.9982
29627110,1769107398000,23,29,0,0,29,29,595,0.9999
29627111,1769107404000,28,23,0,0,23,23,595,0.9999
29627112,1769107410000,23,28,0,0,28,28,596,0.9985
29627113,1769107416000,29,23,0,0,23,23,596,0.9986
29627114,1769107422000,23,29,0,0,29,29,596,0.9984
29627115,1769107428000,31,23,0,0,23,23,595,0.9999
29627116,1769107434000,23,31,0,0,31,31,595,0.9998
29627117,1769107440000,30,23,0,0,23,23,597,0.9987
29627118,1769107446000,23,30,0,0,30,30,597,0.9983
29627119,1769107452000,28,23,0,0,23,23,597,0.9983
29627120,1769107458000,23,28,0,0,28,28,597,0.9986
29627121,1769107464000,30,23,0,0,23,23,596,0.999
29627122,1769107470000,24,30,0,0,30,30,597,0.9986
29627123,1769107476000,27,24,0,0,24,24,597,0.9987
29627124,1769107482000,25,27,0,0,27,27,597,0.9988
29627125,1769107488000,27,25,0,0,25,25,597,0.999
29627126,1769107494000,24,27,0,0,27,27,597,0.9985
29627127,1769107500000,27,24,0,0,24,24,596,0.9985
29627128,1769107506000,22,27,0,0,27,27,596,0.9994
29627129,1769107512000,26,22,0,0,22,22,596,0.9986
29627130,1769107518000,24,26,0,0,26,26,597,0.9988
29627131,1769107524000,26,24,0,0,24,24,597,0.9984
29627132,1769107530000,25,26,0,0,26,26,597,0.9983
29627133,1769107536000,25,25,0,0,25,25,597,0.9984
29627134,1769107542000,24,25,0,0,25,25,597,0.9981
29627135,1769107548000,26,24,0,0,24,24,597,0.9985
29627136,1769107554000,23,26,0,0,26,26,597,0.9983
29627137,1769107560000,29,23,0,0,23,23,597,0.9976
29627138,1769107566000,20,29,0,0,29,29,596,0.9999
29627139,1769107572000,27,20,0,0,20,20,597,0.998
29627140,1769107578000,27,27,0,0,27,27,597,0.9983
29627141,1769107584000,29,27,0,0,27,27,597,0.9987
29627142,1769107590000,24,29,0,0,29,29,596,0.999
29627143,1769107596000,27,24,0,0,24,24,597,0.9986
29627144,1769107602000,27,27,0,0,27,27,597,0.9986
29627145,1769107608000,25,27,0,0,27,27,596,0.9998
29627146,1769107614000,27,25,0,0,25,25,597,0.9987
29627147,1769107620000,26,27,0,0,27,27,597,0.9988
29627148,1769107626000,26,26,0,0,26,26,597,0.9981
29627149,1769107632000,29,26,0,0,26,26,597,0.9984
29627150,1769107638000,23,29,0,0,29,29,597,0.9981
29627151,1769107644000,22,23,0,0,23,23,596,0.9996
29627152,1769107650000,25,22,0,0,22,22,597,0.9985
29627153,1769107656000,23,25,0,0,25,25,597,0.9983
29627154,1769107662000,24,23,0,0,23,23,596,0.9983
29627155,1769107668000,24,24,0,0,24,24,596,0.999
29627156,1769107674000,27,24,0,0,24,24,597,0.9987
29627157,1769107680000,25,27,0,0,27,27,596,0.9998
29627158,1769107686000,26,25,0,0,25,25,597,0.9984
29627159,1769107692000,26,26,0,0,26,26,597,0.9975
29627160,1769107698000,27,26,0,0,26,26,597,0.9979
29627161,1769107704000,27,27,0,0,27,27,597,0.9983
29627162,1769107710000,27,27,0,0,27,27,597,0.998
29627163,1769107716000,26,27,0,0,27,27,597,0.9983
29627164,1769107722000,25,26,0,0,26,26,597,0.9986
29627165,1769107728000,24,25,0,0,25,25,596,0.9983
29627166,1769107734000,25,24,0,0,24,24,597,0.9981
29627167,1769107740000,29,25,0,0,25,25,597,0.9987
29627168,1769107746000,25,29,0,0,29,29,597,0.9986
29627169,1769107752000,28,25,0,0,25,25,596,0.9987
29627170,1769107758000,24,28,0,0,28,28,597,0.9983
29627171,1769107764000,23,24,0,0,24,24,597,0.9987
29627172,1769107770000,23,23,0,0,23,23,597,0.9986
29627173,1769107776000,26,23,0,0,23,23,597,0.9985
29627174,1769107782000,25,26,0,0,26,26,597,0.9989
29627175,1769107788000,24,25,0,0,25,25,597,0.9985
29627176,1769107794000,29,24,0,0,24,24,597,0.9978
29627177,1769107800000,24,29,0,0,29,29,597,0.9983
29627178,1769107806000,28,24,0,0,24,24,597,0.9985
29627179,1769107812000,24,28,0,0,28,28,597,0.9988
29627180,1769107818000,27,24,0,0,24,24,597,0.9987
29627181,1769107824000,21,27,0,0,27,27,597,0.9985
29627182,1769107830000,26,21,0,0,21,21,597,0.9986
29627183,1769107836000,24,26,0,0,26,26,597,0.9986
29627184,1769107842000,29,24,0,0,24,24,597,0.9986
29627185,1769107848000,20,29,0,0,29,29,596,0.9987
29627186,1769107854000,26,20,0,0,20,20,596,0.9999
29627187,1769107860000,25,26,0,0,26,26,597,0.9983
29627188,1769107866000,28,25,0,0,25,25,597,0.9985
29627189,1769107872000,24,28,0,0,28,28,596,0.9998
29627190,1769107878000,28,24,0,0,24,24,596,0.9992
29627191,1769107884000,24,28,0,0,28,28,597,0.9986
29627192,1769107890000,24,24,0,0,24,24,597,0.9985
29627193,1769107896000,26,24,0,0,24,24,596,1
29627194,1769107902000,26,26,0,0,26,26,597,0.9983
29627195,1769107908000,28,26,0,0,26,26,597,0.9986
29627196,1769107914000,27,28,0,0,28,28,596,0.9996
29627197,1769107920000,26,27,0,0,27,27,597,0.9989
29627198,1769107926000,27,26,0,0,26,26,597,0.9989
29627199,1769107932000,30,27,0,0,27,27,597,0.9988
29627200,1769107938000,25,30,0,0,30,30,597,0.9984
29627201,1769107944000,27,25,0,0,25,25,597,0.9983
29627202,1769107950000,23,27,0,0,27,27,596,0.9998
29627203,1769107956000,29,23,0,0,23,23,597,0.998
29627204,1769107962000,22,29,0,0,29,29,596,0.9998
29627205,1769107968000,28,22,0,0,22,22,597,0.9981
29627206,1769107974000,21,28,0,0,28,28,596,0.9977
29627207,1769107980000,31,21,0,0,21,21,596,0.9999
29627208,1769107986000,24,31,0,0,31,31,596,0.9999
29627209,1769107992000,30,24,0,0,24,24,597,0.9987
29627210,1769107998000,21,30,0,0,30,30,597,0.9979
29627211,1769108004000,29,21,0,0,21,21,596,0.9943
29627212,1769108010000,22,29,0,0,29,29,597,0.9988
29627213,1769108016000,28,22,0,0,22,22,597,0.9987
29627214,1769108022000,22,28,0,0,28,28,596,0.9994
29627215,1769108028000,29,22,0,0,22,22,597,0.9989
29627216,1769108034000,23,29,0,0,29,29,596,0.9998
29627217,1769108040000,33,23,0,0,23,23,596,0.9995
29627218,1769108046000,22,33,0,0,33,33,597,0.9986
29627219,1769108052000,33,22,0,0,22,22,597,0.9986
29627220,1769108058000,19,33,0,0,33,33,597,0.9984
29627221,1769108064000,30,19,0,0,19,19,597,0.9985
29627222,1769108070000,19,30,0,0,30,30,597,0.9985
29627223,1769108076000,32,19,0,0,19,19,597,0.9986
29627224,1769108082000,20,32,0,0,32,32,597,0.9984
29627225,1769108088000,31,20,0,0,20,20,596,0.9999
29627226,1769108094000,17,31,0,0,31,31,596,0.9943
29627227,1769108100000,29,17,0,0,17,17,596,0.9992
29627228,1769108106000,16,29,0,0,29,29,597,0.9986
29627229,1769108112000,29,16,0,0,16,16,597,0.9983
29627230,1769108118000,20,29,0,0,29,29,596,0.9991
29627231,1769108124000,30,20,0,0,20,20,597,0.9986
29627232,1769108130000,18,30,0,0,30,30,597,0.9933
29627233,1769108136000,28,18,0,0,18,18,597,0.9984
29627234,1769108142000,19,28,0,0,28,28,597,0.9988
29627235,1769108148000,32,19,0,0,19,19,597,0.9988
29627236,1769108154000,19,32,0,0,32,32,597,0.9988
29627237,1769108160000,32,19,0,0,19,19,597,0.9986
29627238,1769108166000,18,32,0,0,32,32,597,0.999
29627239,1769108172000,32,18,0,0,18,18,597,0.999
29627240,1769108178000,21,32,0,0,32,32,597,0.9962
29627241,1769108184000,31,21,0,0,21,21,597,0.9988
29627242,1769108190000,22,31,0,0,31,31,597,0.9988
29627243,1769108196000,30,22,0,0,22,22,597,0.9989
29627244,1769108202000,19,30,0,0,30,30,597,0.9969
29627245,1769108208000,32,19,0,0,19,19,596,0.9974
29627246,1769108214000,22,32,0,0,32,32,597,0.9975
29627247,1769108220000,33,22,0,0,22,22,596,0.9989
29627248,1769108226000,20,33,0,0,33,33,597,0.9984
29627249,1769108232000,34,20,0,0,20,20,597,0.9987
29627250,1769108238000,19,34,0,0,34,34,597,0.9989
29627251,1769108244000,32,19,0,0,19,19,597,0.9987
29627252,1769108250000,20,32,0,0,32,32,597,0.9988
29627253,1769108256000,33,20,0,0,20,20,597,0.9966
29627254,1769108262000,20,33,0,0,33,33,597,0.9978
29627255,1769108268000,33,20,0,0,20,20,597,0.9979
29627256,1769108274000,20,33,0,0,33,33,597,0.9986
29627257,1769108280000,30,20,0,0,20,20,597,0.9985
29627258,1769108286000,16,30,0,0,30,30,597,0.9979
29627259,1769108292000,34,16,0,0,16,16,597,0.9971
29627260,1769108298000,18,34,0,0,34,34,597,0.9989
29627261,1769108304000,32,18,0,0,18,18,597,0.9989
29627262,1769108310000,15,32,0,0,32,32,597,0.9985
29627263,1769108316000,33,15,0,0,15,15,597,0.9985
29627264,1769108322000,16,33,0,0,33,33,596,0.9998
29627265,1769108328000,34,16,0,0,16,16,596,0.9998
29627266,1769108334000,18,34,0,0,34,34,597,0.999
29627267,1769108340000,33,18,0,0,18,18,597,0.9981
29627268,1769108346000,16,33,0,0,33,33,597,0.9987
29627269,1769108352000,34,16,0,0,16,16,597,0.999
29627270,1769108358000,16,34,0,0,34,34,596,0.9989
29627271,1769108364000,33,16,0,0,16,16,597,0.999
29627272,1769108370000,17,33,0,0,33,33,597,0.9983
29627273,1769108376000,34,17,0,0,17,17,597,0.997
29627274,1769108382000,18,34,0,0,34,34,597,0.9991
29627275,1769108388000,34,18,0,0,18,18,597,0.9988
29627276,1769108394000,18,34,0,0,34,34,595,0.9992
29627277,1769108400000,35,18,0,0,18,18,597,0.9984
29627278,1769108406000,18,35,0,0,35,35,597,0.9987
29627279,1769108412000,33,18,0,0,18,18,597,0.9986
29627280,1769108418000,18,33,0,0,33,33,596,0.9997
29627281,1769108424000,31,18,0,0,18,18,597,0.9989
29627282,1769108430000,16,31,0,0,31,31,596,0.9998
29627283,1769108436000,36,16,0,0,16,16,597,0.9985
29627284,1769108442000,17,36,0,0,36,36,597,0.9987
29627285,1769108448000,34,17,0,0,17,17,597,0.9984
29627286,1769108454000,17,34,0,0,34,34,597,0.9983
29627287,1769108460000,29,17,0,0,17,17,597,0.999
29627288,1769108466000,18,29,0,0,29,29,596,0.9979
29627289,1769108472000,32,18,0,0,18,18,596,0.9999
29627290,1769108478000,18,32,0,0,32,32,597,0.9984
29627291,1769108484000,32,18,0,0,18,18,597,0.9985
29627292,1769108490000,17,32,0,0,32,32,597,0.9988
29627293,1769108496000,30,17,0,0,17,17,596,0.9999
29627294,1769108502000,18,30,0,0,30,30,596,0.9999
29627295,1769108508000,32,18,0,0,18,18,597,0.9982
29627296,1769108514000,19,32,0,0,32,32,596,0.9997
29627297,1769108520000,33,19,0,0,19,19,596,1
29627298,1769108526000,18,33,0,0,33,33,597,0.9983
29627299,1769108532000,30,18,0,0,18,18,597,0.9988
29627300,1769108538000,20,30,0,0,30,30,596,0.9997
29627301,1769108544000,31,20,0,0,20,20,597,0.9977
29627302,1769108550000,20,31,0,0,31,31,596,1
29627303,1769108556000,31,20,0,0,20,20,596,0.9997
29627304,1769108562000,17,31,0,0,31,31,597,0.9984
29627305,1769108568000,33,17,0,0,17,17,597,0.9984
29627306,1769108574000,19,33,0,0,33,33,597,0.9975
29627307,1769108580000,33,19,0,0,19,19,597,0.998
29627308,1769108586000,15,33,0,0,33,33,597,0.9979
29627309,1769108592000,30,15,0,0,15,15,596,0.9997
29627310,1769108598000,20,30,0,0,30,30,597,0.9983
29627311,1769108604000,29,20,0,0,20,20,596,0.9998
29627312,1769108610000,18,29,0,0,29,29,597,0.9984
29627313,1769108616000,28,18,0,0,18,18,596,0.9995
29627314,1769108622000,21,28,0,0,28,28,597,0.9987
29627315,1769108628000,31,21,0,0,21,21,597,0.9987
29627316,1769108634000,20,31,0,0,31,31,597,0.9988
29627317,1769108640000,29,20,0,0,20,20,594,0.9998
29627318,1769108646000,18,29,0,0,29,29,596,0.9996
29627319,1769108652000,30,18,0,0,18,18,597,0.998
29627320,1769108658000,21,30,0,0,30,30,597,0.998
29627321,1769108664000,31,21,0,0,21,21,596,0.9994
29627322,1769108670000,20,31,0,0,31,31,597,0.9983
29627323,1769108676000,29,20,0,0,20,20,597,0.9983
29627324,1769108682000,18,29,0,0,29,29,597,0.9982
29627325,1769108688000,32,18,0,0,18,18,597,0.9985
29627326,1769108694000,19,32,0,0,32,32,596,0.9994
29627327,1769108700000,30,19,0,0,19,19,596,0.9987
29627328,1769108706000,20,30,0,0,30,30,597,0.9983
29627329,1769108712000,29,20,0,0,20,20,597,0.9987
29627330,1769108718000,18,29,0,0,29,29,597,0.9984
29627331,1769108724000,31,18,0,0,18,18,597,0.9984
29627332,1769108730000,18,31,0,0,31,31,596,0.9978
29627333,1769108736000,28,18,0,0,18,18,595,1
29627334,1769108742000,18,28,0,0,28,28,597,0.9989
29627335,1769108748000,30,18,0,0,18,18,597,0.9983
29627336,1769108754000,19,30,0,0,30,30,597,0.9985
29627337,1769108760000,30,19,0,0,19,19,597,0.9988
29627338,1769108766000,21,30,0,0,30,30,597,0.9985
29627339,1769108772000,31,21,0,0,21,21,597,0.9944
29627340,1769108778000,21,31,0,0,31,31,597,0.9986
29627341,1769108784000,30,21,0,0,21,21,597,0.9984
29627342,1769108790000,21,30,0,0,30,30,597,0.9985
29627343,1769108796000,31,21,0,0,21,21,597,0.9986
29627344,1769108802000,19,31,0,0,31,31,597,0.9987
29627345,1769108808000,34,19,0,0,19,19,597,0.9984
29627346,1769108814000,20,34,0,0,34,34,597,0.9988
29627347,1769108820000,31,20,0,0,20,20,597,0.9987
29627348,1769108826000,21,31,0,0,31,31,597,0.9989
29627349,1769108832000,30,21,0,0,21,21,597,0.9973
29627350,1769108838000,19,30,0,0,30,30,597,0.9979
29627351,1769108844000,33,19,0,0,19,19,596,0.9985
29627352,1769108850000,19,33,0,0,33,33,597,0.9989
29627353,1769108856000,32,19,0,0,19,19,597,0.9987
29627354,1769108862000,20,32,0,0,32,32,597,0.9984
29627355,1769108868000,33,20,0,0,20,20,597,0.9987
29627356,1769108874000,22,33,0,0,33,33,596,0.9923
29627357,1769108880000,0,22,0,0,22,22,597,0.9973
29627358,1769108886000,35,0,0,0,0,0,597,0
29627359,1769108892000,20,35,0,0,35,35,597,0.9987
29627360,1769108898000,33,20,0,0,20,20,597,0.9987
29627361,1769108904000,21,33,0,0,33,33,597,0.9987
29627362,1769108910000,29,21,0,0,21,21,597,0.9986
29627363,1769108916000,22,29,0,0,29,29,597,0.9984
29627364,1769108922000,31,22,0,0,22,22,597,0.9987
29627365,1769108928000,23,31,0,0,31,31,597,0.9981
29627366,1769108934000,30,23,0,0,23,23,597,0.9987
29627367,1769108940000,23,30,0,0,30,30,597,0.9976
29627368,1769108946000,31,23,0,0,23,23,597,0.9986
29627369,1769108952000,23,31,0,0,31,31,597,0.9985
29627370,1769108958000,25,23,0,0,23,23,597,0.9988
29627371,1769108964000,20,25,0,0,25,25,597,0.9988
29627372,1769108970000,31,20,0,0,20,20,597,0.9987
29627373,1769108976000,23,31,0,0,31,31,597,0.9984
29627374,1769108982000,27,23,0,0,23,23,597,0.9987
29627375,1769108988000,21,27,0,0,27,27,597,0.9984
29627376,1769108994000,29,21,0,0,21,21,597,0.9986
29627377,1769109000000,23,29,0,0,29,29,597,0.9984
29627378,1769109006000,30,23,0,0,23,23,597,0.9983
29627379,1769109012000,24,30,0,0,30,30,597,0.9979
29627380,1769109018000,27,24,0,0,24,24,596,0.9999
29627381,1769109024000,20,27,0,0,27,27,596,0.9999
29627382,1769109030000,26,20,0,0,20,20,597,0.9984
29627383,1769109036000,24,26,0,0,26,26,596,0.9998
29627384,1769109042000,26,24,0,0,24,24,597,0.9983
29627385,1769109048000,24,26,0,0,26,26,597,0.9981
29627386,1769109054000,26,24,0,0,24,24,597,0.9985
29627387,1769109060000,25,26,0,0,26,26,597,0.9986
29627388,1769109066000,26,25,0,0,25,25,596,0.9999
29627389,1769109072000,26,26,0,0,26,26,597,0.9985
29627390,1769109078000,25,26,0,0,26,26,597,0.9988
29627391,1769109084000,27,25,0,0,25,25,596,0.9995
29627392,1769109090000,26,27,0,0,27,27,596,1
29627393,1769109096000,26,26,0,0,26,26,597,0.9985
29627394,1769109102000,25,26,0,0,26,26,596,0.9999
29627395,1769109108000,27,25,0,0,25,25,597,0.9987
29627396,1769109114000,26,27,0,0,27,27,597,0.9989
29627397,1769109120000,26,26,0,0,26,26,596,0.9993
29627398,1769109126000,26,26,0,0,26,26,596,1
29627399,1769109132000,26,26,0,0,26,26,596,0.9999
29627400,1769109138000,24,26,0,0,26,26,596,0.9999
29627401,1769109144000,24,24,0,0,24,24,596,0.9999
29627402,1769109150000,25,24,0,0,24,24,596,0.9997
29627403,1769109156000,26,25,0,0,25,25,596,0.9999
29627404,1769109162000,24,26,0,0,26,26,596,0.9998
29627405,1769109168000,27,24,0,0,24,24,596,0.9999
29627406,1769109174000,24,27,0,0,27,27,596,0.9988
29627407,1769109180000,23,24,0,0,24,24,596,0.9998
29627408,1769109186000,26,23,0,0,23,23,596,1
29627409,1769109192000,26,26,0,0,26,26,596,0.9999
29627410,1769109198000,24,26,0,0,26,26,596,0.9997
29627411,1769109204000,24,24,0,0,24,24,596,0.9997
29627412,1769109210000,24,24,0,0,24,24,596,0.9999
29627413,1769109216000,25,24,0,0,24,24,597,0.9981
29627414,1769109222000,24,25,0,0,25,25,596,0.9997
29627415,1769109228000,26,24,0,0,24,24,597,0.9986
29627416,1769109234000,25,26,0,0,26,26,597,0.9985
29627417,1769109240000,27,25,0,0,25,25,597,0.9987
29627418,1769109246000,25,27,0,0,27,27,596,0.9996
29627419,1769109252000,28,25,0,0,25,25,596,0.9997
29627420,1769109258000,24,28,0,0,28,28,597,0.9983
29627421,1769109264000,26,24,0,0,24,24,596,0.9999
29627422,1769109270000,25,26,0,0,26,26,596,0.9998
29627423,1769109276000,28,25,0,0,25,25,597,0.9984
29627424,1769109282000,22,28,0,0,28,28,597,0.9985
29627425,1769109288000,28,22,0,0,22,22,594,0.9984
29627426,1769109294000,25,28,0,0,28,28,596,1
29627427,1769109300000,29,25,0,0,25,25,597,0.9986
29627428,1769109306000,23,29,0,0,29,29,596,0.9984
29627429,1769109312000,25,23,0,0,23,23,597,0.9988
29627430,1769109318000,17,25,0,0,25,25,597,0.9982
29627431,1769109324000,23,17,0,0,17,17,597,0.998
29627432,1769109330000,0,23,0,0,23,23,597,0.9983
29627433,1769109336000,33,0,0,0,0,0,597,0
29627434,1769109342000,19,33,0,0,33,33,596,0.9999
29627435,1769109348000,31,19,0,0,19,19,596,0.9999
29627436,1769109354000,16,31,0,0,31,31,597,0.9985
29627437,1769109360000,34,16,0,0,16,16,597,0.9987
29627438,1769109366000,19,34,0,0,34,34,597,0.9986
29627439,1769109372000,34,19,0,0,19,19,595,0.9996
29627440,1769109378000,18,34,0,0,34,34,596,0.9984
29627441,1769109384000,33,18,0,0,18,18,597,0.9985
29627442,1769109390000,14,33,0,0,33,33,596,0.9997
29627443,1769109396000,30,14,0,0,14,14,597,0.9982
29627444,1769109402000,15,30,0,0,30,30,596,0.9994
29627445,1769109408000,33,15,0,0,15,15,597,0.9987
29627446,1769109414000,16,33,0,0,33,33,597,0.9985
29627447,1769109420000,33,16,0,0,16,16,597,0.998
29627448,1769109426000,18,33,0,0,33,33,597,0.9987
29627449,1769109432000,32,18,0,0,18,18,596,0.9986
29627450,1769109438000,17,32,0,0,32,32,596,0.9983
29627451,1769109444000,31,17,0,0,17,17,596,0.9983
29627452,1769109450000,17,31,0,0,31,31,596,0.9988
29627453,1769109456000,30,17,0,0,17,17,596,0.9984
29627454,1769109462000,19,30,0,0,30,30,596,0.9985
29627455,1769109468000,34,19,0,0,19,19,596,0.9985
29627456,1769109474000,20,34,0,0,34,34,596,0.9988
29627457,1769109480000,35,20,0,0,20,20,596,0.9996
29627458,1769109486000,19,35,0,0,35,35,597,0.9982
29627459,1769109492000,34,19,0,0,19,19,597,0.9979
29627460,1769109498000,19,34,0,0,34,34,597,0.9986
29627461,1769109504000,32,19,0,0,19,19,597,0.9981
29627462,1769109510000,20,32,0,0,32,32,597,0.9981
29627463,1769109516000,34,20,0,0,20,20,596,0.9986
29627464,1769109522000,19,34,0,0,34,34,597,0.9986
29627465,1769109528000,35,19,0,0,19,19,597,0.9984
29627466,1769109534000,18,35,0,0,35,35,597,0.9988
29627467,1769109540000,33,18,0,0,18,18,597,0.9985
29627468,1769109546000,20,33,0,0,33,33,597,0.9979
29627469,1769109552000,32,20,0,0,20,20,597,0.9983
29627470,1769109558000,19,32,0,0,32,32,597,0.9985
29627471,1769109564000,34,19,0,0,19,19,597,0.9983
29627472,1769109570000,19,34,0,0,34,34,597,0.9982
29627473,1769109576000,33,19,0,0,19,19,597,0.9986
29627474,1769109582000,17,33,0,0,33,33,597,0.9985
29627475,1769109588000,35,17,0,0,17,17,597,0.9982
29627476,1769109594000,18,35,0,0,35,35,597,0.9985
29627477,1769109600000,35,18,0,0,18,18,597,0.9986
29627478,1769109606000,16,35,0,0,35,35,596,0.9986
29627479,1769109612000,34,16,0,0,16,16,597,0.9986
29627480,1769109618000,19,34,0,0,34,34,597,0.9987
29627481,1769109624000,31,19,0,0,19,19,596,0.9999
29627482,1769109630000,18,31,0,0,31,31,597,0.9984
29627483,1769109636000,35,18,0,0,18,18,597,0.9974
29627484,1769109642000,19,35,0,0,35,35,597,0.9985
29627485,1769109648000,35,19,0,0,19,19,597,0.9985
29627486,1769109654000,17,35,0,0,35,35,597,0.998
29627487,1769109660000,33,17,0,0,17,17,597,0.9978
29627488,1769109666000,18,33,0,0,33,33,596,0.9984
29627489,1769109672000,34,18,0,0,18,18,597,0.9989
29627490,1769109678000,16,34,0,0,34,34,597,0.9988
29627491,1769109684000,30,16,0,0,16,16,596,0.9999
29627492,1769109690000,16,30,0,0,30,30,596,0.9997
29627493,1769109696000,30,16,0,0,16,16,597,0.9982
29627494,1769109702000,15,30,0,0,30,30,597,0.9986
29627495,1769109708000,33,15,0,0,15,15,596,1
29627496,1769109714000,18,33,0,0,33,33,597,0.9968
29627497,1769109720000,31,18,0,0,18,18,596,0.9985
29627498,1769109726000,17,31,0,0,31,31,596,0.9991
29627499,1769109732000,35,17,0,0,17,17,596,0.9967
29627500,1769109738000,19,35,0,0,35,35,596,0.9997
29627501,1769109744000,31,19,0,0,19,19,596,0.9982
29627502,1769109750000,20,31,0,0,31,31,595,0.9982
29627503,1769109756000,30,20,0,0,20,20,595,0.9998
29627504,1769109762000,18,30,0,0,30,30,595,0.9988
29627505,1769109768000,32,18,0,0,18,18,595,0.9998
29627506,1769109774000,19,32,0,0,32,32,595,0.9998
29627507,1769109780000,33,19,0,0,19,19,595,1
29627508,1769109786000,20,33,0,0,33,33,595,0.9992
29627509,1769109792000,30,20,0,0,20,20,594,0.9995
29627510,1769109798000,20,30,0,0,30,30,596,0.9998
29627511,1769109804000,28,20,0,0,20,20,596,0.9997
29627512,1769109810000,22,28,0,0,28,28,596,0.9999
29627513,1769109816000,30,22,0,0,22,22,596,0.9998
29627514,1769109822000,22,30,0,0,30,30,596,0.9998
29627515,1769109828000,29,22,0,0,22,22,596,0.9996
29627516,1769109834000,20,29,0,0,29,29,596,0.9997
29627517,1769109840000,30,20,0,0,20,20,596,0.9997
29627518,1769109846000,21,30,0,0,30,30,596,0.9996
29627519,1769109852000,28,21,0,0,21,21,596,0.9997
29627520,1769109858000,21,28,0,0,28,28,597,0.9986
29627521,1769109864000,26,21,0,0,21,21,596,0.9998
29627522,1769109870000,21,26,0,0,26,26,596,0.9997
29627523,1769109876000,29,21,0,0,21,21,597,0.9986
29627524,1769109882000,20,29,0,0,29,29,596,0.9999
29627525,1769109888000,30,20,0,0,20,20,597,0.9986
29627526,1769109894000,23,30,0,0,30,30,596,0.9997
29627527,1769109900000,30,23,0,0,23,23,596,0.9984
29627528,1769109906000,22,30,0,0,30,30,597,0.9987
29627529,1769109912000,28,22,0,0,22,22,597,0.9985
29627530,1769109918000,20,28,0,0,28,28,597,0.9989
29627531,1769109924000,28,20,0,0,20,20,597,0.9984
29627532,1769109930000,21,28,0,0,28,28,597,0.9988
29627533,1769109936000,27,21,0,0,21,21,597,0.9986
29627534,1769109942000,22,27,0,0,27,27,597,0.9988
29627535,1769109948000,28,22,0,0,22,22,597,0.9986
29627536,1769109954000,20,28,0,0,28,28,597,0.999
29627537,1769109960000,28,20,0,0,20,20,597,0.9987
29627538,1769109966000,21,28,0,0,28,28,597,0.9986
29627539,1769109972000,31,21,0,0,21,21,597,0.9985
29627540,1769109978000,21,31,0,0,31,31,597,0.9984
29627541,1769109984000,29,21,0,0,21,21,595,0.999
29627542,1769109990000,21,29,0,0,29,29,597,0.9984
29627543,1769109996000,33,21,0,0,21,21,597,0.9986
29627544,1769110002000,21,33,0,0,33,33,597,0.9982
29627545,1769110008000,31,21,0,0,21,21,597,0.9986
29627546,1769110014000,22,31,0,0,31,31,597,0.998
29627547,1769110020000,30,22,0,0,22,22,597,0.9988
29627548,1769110026000,20,30,0,0,30,30,597,0.9984
29627549,1769110032000,29,20,0,0,20,20,597,0.9987
29627550,1769110038000,21,29,0,0,29,29,597,0.9987
29627551,1769110044000,30,21,0,0,21,21,597,0.9986
29627552,1769110050000,19,30,0,0,30,30,597,0.999
29627553,1769110056000,28,19,0,0,19,19,597,0.9984
29627554,1769110062000,19,28,0,0,28,28,597,0.9986
29627555,1769110068000,31,19,0,0,19,19,597,0.9988
29627556,1769110074000,19,31,0,0,31,31,597,0.9989
29627557,1769110080000,28,19,0,0,19,19,597,0.9988
29627558,1769110086000,18,28,0,0,28,28,597,0.9982
29627559,1769110092000,30,18,0,0,18,18,597,0.9981
29627560,1769110098000,21,30,0,0,30,30,596,0.9997
29627561,1769110104000,29,21,0,0,21,21,597,0.9986
29627562,1769110110000,19,29,0,0,29,29,597,0.9988
29627563,1769110116000,31,19,0,0,19,19,596,0.9989
29627564,1769110122000,19,31,0,0,31,31,597,0.9989
29627565,1769110128000,31,19,0,0,19,19,597,0.9988
29627566,1769110134000,19,31,0,0,31,31,597,0.9988
29627567,1769110140000,34,19,0,0,19,19,597,0.9981
29627568,1769110146000,19,34,0,0,34,34,597,0.9989
29627569,1769110152000,30,19,0,0,19,19,597,0.9989
29627570,1769110158000,20,30,0,0,30,30,597,0.9986
29627571,1769110164000,31,20,0,0,20,20,597,0.9981
29627572,1769110170000,19,31,0,0,31,31,597,0.9986
29627573,1769110176000,29,19,0,0,19,19,597,0.9986
29627574,1769110182000,23,29,0,0,29,29,597,0.998
29627575,1769110188000,32,23,0,0,23,23,597,0.9988
29627576,1769110194000,20,32,0,0,32,32,597,0.9988
29627577,1769110200000,32,20,0,0,20,20,597,0.9987
29627578,1769110206000,22,32,0,0,32,32,597,0.9988
29627579,1769110212000,32,22,0,0,22,22,597,0.9987
29627580,1769110218000,20,32,0,0,32,32,597,0.9985
29627581,1769110224000,30,20,0,0,20,20,597,0.9982
29627582,1769110230000,19,30,0,0,30,30,597,0.9978
29627583,1769110236000,30,19,0,0,19,19,597,0.9982
29627584,1769110242000,21,30,0,0,30,30,596,0.9999
29627585,1769110248000,31,21,0,0,21,21,597,0.9982
29627586,1769110254000,19,31,0,0,31,31,596,0.9997
29627587,1769110260000,30,19,0,0,19,19,596,0.9997
29627588,1769110266000,20,30,0,0,30,30,596,0.9999
29627589,1769110272000,30,20,0,0,20,20,596,0.9996
29627590,1769110278000,17,30,0,0,30,30,597,0.998
29627591,1769110284000,28,17,0,0,17,17,596,0.9991
29627592,1769110290000,21,28,0,0,28,28,596,0.998
29627593,1769110296000,25,21,0,0,21,21,596,0.9993
29627594,1769110302000,21,25,0,0,25,25,597,0.9984
29627595,1769110308000,32,21,0,0,21,21,597,0.9983
29627596,1769110314000,20,32,0,0,32,32,597,0.9988
29627597,1769110320000,30,20,0,0,20,20,597,0.9983
29627598,1769110326000,22,30,0,0,30,30,595,0.9993
29627599,1769110332000,32,22,0,0,22,22,597,0.9977
29627600,1769110338000,21,32,0,0,32,32,596,0.9996
29627601,1769110344000,30,21,0,0,21,21,597,0.9981
29627602,1769110350000,21,30,0,0,30,30,596,0.9997
29627603,1769110356000,31,21,0,0,21,21,597,0.998
29627604,1769110362000,24,31,0,0,31,31,597,0.9981
29627605,1769110368000,31,24,0,0,24,24,596,0.9994
29627606,1769110374000,20,31,0,0,31,31,596,0.9993
29627607,1769110380000,30,20,0,0,20,20,596,0.9997
29627608,1769110386000,21,30,0,0,30,30,596,0.9995
29627609,1769110392000,31,21,0,0,21,21,596,0.9999
29627610,1769110398000,20,31,0,0,31,31,597,0.9983
29627611,1769110404000,28,20,0,0,20,20,597,0.9975
29627612,1769110410000,20,28,0,0,28,28,597,0.9986
29627613,1769110416000,0,20,0,0,20,20,597,0.9983
29627614,1769110422000,24,0,0,0,0,0,563,0
29627615,1769110428000,25,24,0,0,24,24,497,0.997
29627616,1769110434000,24,25,0,0,25,25,594,0.9957
29627617,1769110440000,26,24,0,0,24,24,591,0.9956
29627618,1769110446000,26,26,0,0,26,26,585,0.9972
29627619,1769110452000,27,26,0,0,26,26,587,0.9969
29627620,1769110458000,24,27,0,0,27,27,592,0.9981
29627621,1769110464000,20,24,0,0,24,24,591,0.9991
29627622,1769110470000,23,20,0,0,20,20,593,0.9986
29627623,1769110476000,24,23,0,0,23,23,593,0.9981
29627624,1769110482000,27,24,0,0,24,24,595,0.9979
29627625,1769110488000,27,27,0,0,27,27,595,0.9974
29627626,1769110494000,27,27,0,0,27,27,595,0.9952
29627627,1769110500000,26,27,0,0,27,27,596,0.9982
29627628,1769110506000,28,26,0,0,26,26,597,0.9965
29627629,1769110512000,26,28,0,0,28,28,596,0.998
29627630,1769110518000,27,26,0,0,26,26,595,0.9979
29627631,1769110524000,28,27,0,0,27,27,595,0.9994
29627632,1769110530000,26,28,0,0,28,28,595,0.9987
29627633,1769110536000,27,26,0,0,26,26,597,0.9976
29627634,1769110542000,28,27,0,0,27,27,597,0.9977
29627635,1769110548000,27,28,0,0,28,28,597,0.9967
29627636,1769110554000,26,27,0,0,27,27,597,0.997
29627637,1769110560000,29,26,0,0,26,26,595,0.997
29627638,1769110566000,26,29,0,0,29,29,597,0.995
29627639,1769110572000,27,26,0,0,26,26,595,0.9955
29627640,1769110578000,26,27,0,0,27,27,596,0.9981
29627641,1769110584000,25,26,0,0,26,26,597,0.9958
29627642,1769110590000,24,25,0,0,25,25,597,0.9969
29627643,1769110596000,28,24,0,0,24,24,596,0.9976
29627644,1769110602000,25,28,0,0,28,28,597,0.9973
29627645,1769110608000,26,25,0,0,25,25,597,0.9972
29627646,1769110614000,26,26,0,0,26,26,596,0.9983
29627647,1769110620000,29,26,0,0,26,26,596,0.9976
29627648,1769110626000,25,29,0,0,29,29,596,0.9979
29627649,1769110632000,25,25,0,0,25,25,596,0.9993
29627650,1769110638000,25,25,0,0,25,25,597,0.9968
29627651,1769110644000,27,25,0,0,25,25,594,0.9962
29627652,1769110650000,27,27,0,0,27,27,597,0.9981
29627653,1769110656000,25,27,0,0,27,27,597,0.9983
29627654,1769110662000,25,25,0,0,25,25,597,0.9982
29627655,1769110668000,25,25,0,0,25,25,597,0.994
29627656,1769110674000,25,25,0,0,25,25,597,0.9981
29627657,1769110680000,24,25,0,0,25,25,596,0.9989
29627658,1769110686000,26,24,0,0,24,24,596,0.9985
29627659,1769110692000,27,26,0,0,26,26,597,0.9983
29627660,1769110698000,24,27,0,0,27,27,597,0.9983
29627661,1769110704000,24,24,0,0,24,24,597,0.9976
29627662,1769110710000,26,24,0,0,24,24,597,0.9981
29627663,1769110716000,24,26,0,0,26,26,597,0.9978
29627664,1769110722000,25,24,0,0,24,24,597,0.9973
29627665,1769110728000,26,25,0,0,25,25,596,0.9991
29627666,1769110734000,24,26,0,0,26,26,596,0.9992
29627667,1769110740000,27,24,0,0,24,24,597,0.9973
29627668,1769110746000,26,27,0,0,27,27,596,0.9994
29627669,1769110752000,27,26,0,0,26,26,596,0.9992
29627670,1769110758000,23,27,0,0,27,27,597,0.9981
29627671,1769110764000,27,23,0,0,23,23,597,0.9977
29627672,1769110770000,25,27,0,0,27,27,596,0.9992
29627673,1769110776000,27,25,0,0,25,25,597,0.9977
29627674,1769110782000,26,27,0,0,27,27,597,0.998
29627675,1769110788000,28,26,0,0,26,26,597,0.9985
29627676,1769110794000,23,28,0,0,28,28,597,0.9976
29627677,1769110800000,26,23,0,0,23,23,595,0.998
29627678,1769110806000,22,26,0,0,26,26,597,0.997
29627679,1769110812000,27,22,0,0,22,22,597,0.9975
29627680,1769110818000,24,27,0,0,27,27,597,0.9975
29627681,1769110824000,25,24,0,0,24,24,596,0.9994
29627682,1769110830000,23,25,0,0,25,25,597,0.9981
29627683,1769110836000,25,23,0,0,23,23,595,0.9968
29627684,1769110842000,23,25,0,0,25,25,595,0.9993
29627685,1769110848000,28,23,0,0,23,23,596,0.999
29627686,1769110854000,24,28,0,0,28,28,596,0.9996
29627687,1769110860000,27,24,0,0,24,24,595,0.9996
29627688,1769110866000,25,27,0,0,27,27,597,0.998
29627689,1769110872000,27,25,0,0,25,25,597,0.9978
29627690,1769110878000,24,27,0,0,27,27,596,0.9997
29627691,1769110884000,27,24,0,0,24,24,596,0.9993
29627692,1769110890000,25,27,0,0,27,27,597,0.9978
29627693,1769110896000,29,25,0,0,25,25,596,0.9997
29627694,1769110902000,24,29,0,0,29,29,597,0.9981
29627695,1769110908000,26,24,0,0,24,24,595,0.9983
29627696,1769110914000,21,26,0,0,26,26,596,0.9992
29627697,1769110920000,30,21,0,0,21,21,597,0.9982
29627698,1769110926000,24,30,0,0,30,30,597,0.9982
29627699,1769110932000,29,24,0,0,24,24,596,0.9999
29627700,1769110938000,21,29,0,0,29,29,597,0.9983
29627701,1769110944000,27,21,0,0,21,21,596,0.9998
29627702,1769110950000,22,27,0,0,27,27,597,0.9981
29627703,1769110956000,28,22,0,0,22,22,597,0.9981
29627704,1769110962000,23,28,0,0,28,28,597,0.9984
29627705,1769110968000,26,23,0,0,23,23,597,0.9977
29627706,1769110974000,22,26,0,0,26,26,597,0.9981
29627707,1769110980000,26,22,0,0,22,22,597,0.9976
29627708,1769110986000,22,26,0,0,26,26,595,0.9994
29627709,1769110992000,27,22,0,0,22,22,597,0.9977
29627710,1769110998000,21,27,0,0,27,27,596,0.9994
29627711,1769111004000,25,21,0,0,21,21,597,0.9974
29627712,1769111010000,21,25,0,0,25,25,597,0.9982
29627713,1769111016000,27,21,0,0,21,21,596,0.9983
29627714,1769111022000,20,27,0,0,27,27,597,0.9984
29627715,1769111028000,27,20,0,0,20,20,596,0.9997
29627716,1769111034000,23,27,0,0,27,27,596,0.9994
29627717,1769111040000,30,23,0,0,23,23,597,0.9983
29627718,1769111046000,23,30,0,0,30,30,596,0.9984
29627719,1769111052000,29,23,0,0,23,23,597,0.998
29627720,1769111058000,23,29,0,0,29,29,596,0.9992
29627721,1769111064000,29,23,0,0,23,23,594,0.9995
29627722,1769111070000,23,29,0,0,29,29,597,0.9979
29627723,1769111076000,29,23,0,0,23,23,596,0.9996
29627724,1769111082000,22,29,0,0,29,29,597,0.9985
29627725,1769111088000,26,22,0,0,22,22,597,0.9977
29627726,1769111094000,23,26,0,0,26,26,597,0.9976
29627727,1769111100000,29,23,0,0,23,23,597,0.9985
29627728,1769111106000,24,29,0,0,29,29,596,0.9993
29627729,1769111112000,27,24,0,0,24,24,597,0.9982
29627730,1769111118000,22,27,0,0,27,27,597,0.9978
29627731,1769111124000,28,22,0,0,22,22,597,0.9985
29627732,1769111130000,21,28,0,0,28,28,596,0.9996
29627733,1769111136000,30,21,0,0,21,21,597,0.9986
29627734,1769111142000,23,30,0,0,30,30,596,0.9996
29627735,1769111148000,30,23,0,0,23,23,597,0.9983
29627736,1769111154000,20,30,0,0,30,30,597,0.998
29627737,1769111160000,27,20,0,0,20,20,596,0.9985
29627738,1769111166000,21,27,0,0,27,27,596,0.999
29627739,1769111172000,32,21,0,0,21,21,596,0.9998
29627740,1769111178000,21,32,0,0,32,32,597,0.9983
29627741,1769111184000,28,21,0,0,21,21,597,0.9984
29627742,1769111190000,21,28,0,0,28,28,597,0.9984
29627743,1769111196000,29,21,0,0,21,21,597,0.9982
29627744,1769111202000,20,29,0,0,29,29,596,0.9983
29627745,1769111208000,30,20,0,0,20,20,597,0.9982
29627746,1769111214000,22,30,0,0,30,30,597,0.9982
29627747,1769111220000,32,22,0,0,22,22,597,0.9978
29627748,1769111226000,22,32,0,0,32,32,597,0.9971
29627749,1769111232000,31,22,0,0,22,22,597,0.9953
29627750,1769111238000,21,31,0,0,31,31,597,0.9981
29627751,1769111244000,30,21,0,0,21,21,596,0.9995
29627752,1769111250000,22,30,0,0,30,30,597,0.9978
29627753,1769111256000,31,22,0,0,22,22,597,0.9985
29627754,1769111262000,21,31,0,0,31,31,597,0.9963
29627755,1769111268000,31,21,0,0,21,21,595,0.9989
29627756,1769111274000,23,31,0,0,31,31,597,0.9985
29627757,1769111280000,30,23,0,0,23,23,597,0.9982
29627758,1769111286000,21,30,0,0,30,30,596,0.9987
29627759,1769111292000,34,21,0,0,21,21,596,0.999
29627760,1769111298000,21,34,0,0,34,34,596,0.9991
29627761,1769111304000,29,21,0,0,21,21,597,0.9986
29627762,1769111310000,20,29,0,0,29,29,596,0.9997
29627763,1769111316000,31,20,0,0,20,20,597,0.9987
29627764,1769111322000,21,31,0,0,31,31,596,0.9995
29627765,1769111328000,31,21,0,0,21,21,596,0.9984
29627766,1769111334000,22,31,0,0,31,31,596,0.9989
29627767,1769111340000,31,22,0,0,22,22,596,0.9995
29627768,1769111346000,23,31,0,0,31,31,597,0.9981
29627769,1769111352000,30,23,0,0,23,23,596,0.9982
29627770,1769111358000,20,30,0,0,30,30,596,0.9982
29627771,1769111364000,31,20,0,0,20,20,596,0.9995
29627772,1769111370000,23,31,0,0,31,31,597,0.9984
29627773,1769111376000,29,23,0,0,23,23,597,0.9985
29627774,1769111382000,23,29,0,0,29,29,596,0.9979
29627775,1769111388000,31,23,0,0,23,23,597,0.9982
29627776,1769111394000,23,31,0,0,31,31,597,0.9978
29627777,1769111400000,30,23,0,0,23,23,597,0.9966
29627778,1769111406000,23,30,0,0,30,30,597,0.9984
29627779,1769111412000,28,23,0,0,23,23,596,0.9993
29627780,1769111418000,23,28,0,0,28,28,597,0.998
29627781,1769111424000,29,23,0,0,23,23,595,0.9994
29627782,1769111430000,22,29,0,0,29,29,596,0.9995
29627783,1769111436000,29,22,0,0,22,22,595,0.9995
29627784,1769111442000,21,29,0,0,29,29,596,0.9999
29627785,1769111448000,29,21,0,0,21,21,597,0.9977
29627786,1769111454000,23,29,0,0,29,29,596,0.9996
29627787,1769111460000,30,23,0,0,23,23,597,0.9983
29627788,1769111466000,23,30,0,0,30,30,596,0.9998
29627789,1769111472000,29,23,0,0,23,23,596,0.9996
29627790,1769111478000,22,29,0,0,29,29,596,0.9997
29627791,1769111484000,28,22,0,0,22,22,597,0.9987
29627792,1769111490000,24,28,0,0,28,28,596,0.9995
29627793,1769111496000,28,24,0,0,24,24,597,0.9985
29627794,1769111502000,25,28,0,0,28,28,596,0.9992
29627795,1769111508000,27,25,0,0,25,25,597,0.9977
29627796,1769111514000,22,27,0,0,27,27,597,0.9975
29627797,1769111520000,26,22,0,0,22,22,597,0.9979
29627798,1769111526000,23,26,0,0,26,26,597,0.9982
29627799,1769111532000,30,23,0,0,23,23,597,0.9978
29627800,1769111538000,22,30,0,0,30,30,597,0.9984
29627801,1769111544000,26,22,0,0,22,22,596,0.9994
29627802,1769111550000,20,26,0,0,26,26,597,0.9983
29627803,1769111556000,24,20,0,0,20,20,596,0.9994
29627804,1769111562000,23,24,0,0,24,24,596,0.9998
29627805,1769111568000,28,23,0,0,23,23,597,0.9982
29627806,1769111574000,22,28,0,0,28,28,596,0.9994
29627807,1769111580000,29,22,0,0,22,22,597,0.9986
29627808,1769111586000,24,29,0,0,29,29,596,0.9992
29627809,1769111592000,29,24,0,0,24,24,597,0.998
29627810,1769111598000,22,29,0,0,29,29,597,0.9983
29627811,1769111604000,31,22,0,0,22,22,596,0.9996
29627812,1769111610000,22,31,0,0,31,31,596,0.9994
29627813,1769111616000,29,22,0,0,22,22,597,0.9982
29627814,1769111622000,20,29,0,0,29,29,597,0.9984
29627815,1769111628000,30,20,0,0,20,20,597,0.9981
29627816,1769111634000,21,30,0,0,30,30,596,0.9996
29627817,1769111640000,32,21,0,0,21,21,596,0.9996
29627818,1769111646000,21,32,0,0,32,32,596,0.9995
29627819,1769111652000,31,21,0,0,21,21,597,0.9974
29627820,1769111658000,19,31,0,0,31,31,596,0.9998
29627821,1769111664000,30,19,0,0,19,19,596,0.9989
29627822,1769111670000,22,30,0,0,30,30,596,0.9996
29627823,1769111676000,34,22,0,0,22,22,596,0.9994
29627824,1769111682000,19,34,0,0,34,34,597,0.9982
29627825,1769111688000,31,19,0,0,19,19,597,0.9978
29627826,1769111694000,18,31,0,0,31,31,597,0.9983
29627827,1769111700000,31,18,0,0,18,18,597,0.9984
29627828,1769111706000,18,31,0,0,31,31,597,0.9985
29627829,1769111712000,30,18,0,0,18,18,596,0.9999
29627830,1769111718000,17,30,0,0,30,30,595,0.9997
29627831,1769111724000,30,17,0,0,17,17,596,0.9989
29627832,1769111730000,17,30,0,0,30,30,595,0.9997
29627833,1769111736000,29,17,0,0,17,17,597,0.9985
29627834,1769111742000,18,29,0,0,29,29,596,0.9997
29627835,1769111748000,32,18,0,0,18,18,597,0.9985
29627836,1769111754000,20,32,0,0,32,32,597,0.9982
29627837,1769111760000,30,20,0,0,20,20,597,0.9982
29627838,1769111766000,20,30,0,0,30,30,596,0.9994
29627839,1769111772000,31,20,0,0,20,20,597,0.9985
29627840,1769111778000,22,31,0,0,31,31,596,0.9995
29627841,1769111784000,32,22,0,0,22,22,597,0.9986
29627842,1769111790000,22,32,0,0,32,32,596,0.9985
29627843,1769111796000,32,22,0,0,22,22,596,0.998
29627844,1769111802000,20,32,0,0,32,32,596,0.9991
29627845,1769111808000,30,20,0,0,20,20,597,0.9985
29627846,1769111814000,21,30,0,0,30,30,597,0.9985
29627847,1769111820000,30,21,0,0,21,21,596,0.9994
29627848,1769111826000,21,30,0,0,30,30,597,0.9984
29627849,1769111832000,30,21,0,0,21,21,597,0.9984
29627850,1769111838000,19,30,0,0,30,30,596,0.9977
29627851,1769111844000,29,19,0,0,19,19,596,0.9996
29627852,1769111850000,19,29,0,0,29,29,597,0.9987
29627853,1769111856000,30,19,0,0,19,19,597,0.9986
29627854,1769111862000,20,30,0,0,30,30,597,0.9986
29627855,1769111868000,32,20,0,0,20,20,597,0.9986
29627856,1769111874000,21,32,0,0,32,32,597,0.9984
29627857,1769111880000,32,21,0,0,21,21,597,0.9985
29627858,1769111886000,21,32,0,0,32,32,597,0.9985
29627859,1769111892000,30,21,0,0,21,21,597,0.9984
29627860,1769111898000,22,30,0,0,30,30,597,0.9985
29627861,1769111904000,32,22,0,0,22,22,597,0.9986
29627862,1769111910000,20,32,0,0,32,32,597,0.9987
29627863,1769111916000,32,20,0,0,20,20,597,0.9987
29627864,1769111922000,21,32,0,0,32,32,597,0.9988
29627865,1769111928000,31,21,0,0,21,21,597,0.9987
29627866,1769111934000,20,31,0,0,31,31,597,0.9973
29627867,1769111940000,31,20,0,0,20,20,596,0.9996
29627868,1769111946000,19,31,0,0,31,31,597,0.9985
29627869,1769111952000,30,19,0,0,19,19,597,0.9982
29627870,1769111958000,18,30,0,0,30,30,597,0.9982
29627871,1769111964000,31,18,0,0,18,18,597,0.9982
29627872,1769111970000,21,31,0,0,31,31,597,0.9979
29627873,1769111976000,26,21,0,0,21,21,596,0.9987
29627874,1769111982000,22,26,0,0,26,26,597,0.9977
29627875,1769111988000,30,22,0,0,22,22,597,0.9982
29627876,1769111994000,19,30,0,0,30,30,597,0.9984
29627877,1769112000000,30,19,0,0,19,19,597,0.9981
29627878,1769112006000,20,30,0,0,30,30,597,0.9983
29627879,1769112012000,31,20,0,0,20,20,597,0.9985
29627880,1769112018000,21,31,0,0,31,31,597,0.9985
29627881,1769112024000,30,21,0,0,21,21,597,0.9973
29627882,1769112030000,20,30,0,0,30,30,597,0.9984
29627883,1769112036000,31,20,0,0,20,20,597,0.9984
29627884,1769112042000,20,31,0,0,31,31,596,0.9998
29627885,1769112048000,29,20,0,0,20,20,596,0.9999
29627886,1769112054000,24,29,0,0,29,29,596,0.9929
29627887,1769112060000,30,24,0,0,24,24,595,0.9995
29627888,1769112066000,22,30,0,0,30,30,596,0.9985
29627889,1769112072000,28,22,0,0,22,22,596,0.9982
29627890,1769112078000,20,28,0,0,28,28,597,0.9978
29627891,1769112084000,25,20,0,0,20,20,597,0.9981
29627892,1769112090000,22,25,0,0,25,25,596,0.9993
29627893,1769112096000,27,22,0,0,22,22,597,0.9981
29627894,1769112102000,22,27,0,0,27,27,596,0.9993
29627895,1769112108000,26,22,0,0,22,22,596,0.9992
29627896,1769112114000,22,26,0,0,26,26,597,0.9976
29627897,1769112120000,25,22,0,0,22,22,596,0.9996
29627898,1769112126000,22,25,0,0,25,25,596,0.9993
29627899,1769112132000,25,22,0,0,22,22,597,0.9984
29627900,1769112138000,19,25,0,0,25,25,597,0.9983
29627901,1769112144000,24,19,0,0,19,19,597,0.9987
29627902,1769112150000,20,24,0,0,24,24,596,0.9989
29627903,1769112156000,27,20,0,0,20,20,597,0.9987
29627904,1769112162000,23,27,0,0,27,27,597,0.9976
29627905,1769112168000,26,23,0,0,23,23,596,0.9996
29627906,1769112174000,22,26,0,0,26,26,597,0.9983
29627907,1769112180000,27,22,0,0,22,22,597,0.9981
29627908,1769112186000,21,27,0,0,27,27,597,0.9978
29627909,1769112192000,26,21,0,0,21,21,597,0.9978
29627910,1769112198000,24,26,0,0,26,26,597,0.9977
29627911,1769112204000,22,24,0,0,24,24,596,0.9997
29627912,1769112210000,24,22,0,0,22,22,597,0.9981
29627913,1769112216000,24,24,0,0,24,24,597,0.9964
29627914,1769112222000,27,24,0,0,24,24,597,0.9979
29627915,1769112228000,25,27,0,0,27,27,596,0.9997
29627916,1769112234000,28,25,0,0,25,25,596,0.9997
29627917,1769112240000,26,28,0,0,28,28,597,0.9975
29627918,1769112246000,29,26,0,0,26,26,596,0.9999
29627919,1769112252000,24,29,0,0,29,29,596,0.9984
29627920,1769112258000,31,24,0,0,24,24,596,0.9996
29627921,1769112264000,23,31,0,0,31,31,597,0.9969
29627922,1769112270000,28,23,0,0,23,23,596,0.9999
29627923,1769112276000,23,28,0,0,28,28,597,0.998
29627924,1769112282000,30,23,0,0,23,23,596,0.9983
29627925,1769112288000,22,30,0,0,30,30,597,0.9982
29627926,1769112294000,30,22,0,0,22,22,597,0.9982
29627927,1769112300000,22,30,0,0,30,30,595,0.9981
29627928,1769112306000,27,22,0,0,22,22,596,0.9986
29627929,1769112312000,22,27,0,0,27,27,596,0.9992
29627930,1769112318000,27,22,0,0,22,22,597,0.9982
29627931,1769112324000,23,27,0,0,27,27,597,0.9983
29627932,1769112330000,27,23,0,0,23,23,596,0.9993
29627933,1769112336000,23,27,0,0,27,27,597,0.9986
29627934,1769112342000,30,23,0,0,23,23,596,0.9996
29627935,1769112348000,22,30,0,0,30,30,597,0.9984
29627936,1769112354000,32,22,0,0,22,22,596,0.999
29627937,1769112360000,23,32,0,0,32,32,597,0.9979
29627938,1769112366000,31,23,0,0,23,23,596,0.9984
29627939,1769112372000,22,31,0,0,31,31,596,0.9993
29627940,1769112378000,28,22,0,0,22,22,596,0.9996
29627941,1769112384000,24,28,0,0,28,28,596,0.9978
29627942,1769112390000,30,24,0,0,24,24,597,0.9983
29627943,1769112396000,20,30,0,0,30,30,597,0.9983
29627944,1769112402000,33,20,0,0,20,20,596,0.9984
29627945,1769112408000,21,33,0,0,33,33,597,0.9977
29627946,1769112414000,29,21,0,0,21,21,597,0.9982
29627947,1769112420000,20,29,0,0,29,29,597,0.9977
29627948,1769112426000,31,20,0,0,20,20,596,0.9982
29627949,1769112432000,22,31,0,0,31,31,597,0.998
29627950,1769112438000,27,22,0,0,22,22,597,0.9983
29627951,1769112444000,21,27,0,0,27,27,597,0.9978
29627952,1769112450000,29,21,0,0,21,21,597,0.9978
29627953,1769112456000,23,29,0,0,29,29,597,0.9981
29627954,1769112462000,29,23,0,0,23,23,597,0.9983
29627955,1769112468000,22,29,0,0,29,29,596,0.9983
29627956,1769112474000,30,22,0,0,22,22,596,0.9985
29627957,1769112480000,21,30,0,0,30,30,596,0.9982
29627958,1769112486000,31,21,0,0,21,21,596,0.9986
29627959,1769112492000,22,31,0,0,31,31,595,0.9983
29627960,1769112498000,29,22,0,0,22,22,596,0.9966
29627961,1769112504000,21,29,0,0,29,29,596,0.9981
29627962,1769112510000,30,21,0,0,21,21,597,0.9983
29627963,1769112516000,22,30,0,0,30,30,597,0.9986
29627964,1769112522000,31,22,0,0,22,22,597,0.998
29627965,1769112528000,23,31,0,0,31,31,597,0.9978
29627966,1769112534000,32,23,0,0,23,23,597,0.9985
29627967,1769112540000,22,32,0,0,32,32,597,0.9981
29627968,1769112546000,32,22,0,0,22,22,597,0.9978
29627969,1769112552000,21,32,0,0,32,32,597,0.998
29627970,1769112558000,26,21,0,0,21,21,597,0.9981
29627971,1769112564000,20,26,0,0,26,26,595,0.9979
29627972,1769112570000,30,20,0,0,20,20,597,0.9963
29627973,1769112576000,21,30,0,0,30,30,597,0.9968
29627974,1769112582000,30,21,0,0,21,21,597,0.9977
29627975,1769112588000,22,30,0,0,30,30,597,0.9975
29627976,1769112594000,28,22,0,0,22,22,597,0.9976
29627977,1769112600000,22,28,0,0,28,28,597,0.9978
29627978,1769112606000,30,22,0,0,22,22,597,0.9981
29627979,1769112612000,23,30,0,0,30,30,595,0.9983
29627980,1769112618000,30,23,0,0,23,23,597,0.9969
29627981,1769112624000,22,30,0,0,30,30,596,0.9997
29627982,1769112630000,29,22,0,0,22,22,597,0.9988
29627983,1769112636000,23,29,0,0,29,29,596,0.9992
29627984,1769112642000,31,23,0,0,23,23,597,0.9985
29627985,1769112648000,23,31,0,0,31,31,596,0.9996
29627986,1769112654000,29,23,0,0,23,23,597,0.9987
29627987,1769112660000,22,29,0,0,29,29,596,0.9986
29627988,1769112666000,28,22,0,0,22,22,597,0.9987
29627989,1769112672000,19,28,0,0,28,28,597,0.9987
29627990,1769112678000,28,19,0,0,19,19,597,0.9984
29627991,1769112684000,23,28,0,0,28,28,596,0.9998
29627992,1769112690000,29,23,0,0,23,23,597,0.9986
29627993,1769112696000,22,29,0,0,29,29,597,0.9984
29627994,1769112702000,28,22,0,0,22,22,597,0.9976
29627995,1769112708000,21,28,0,0,28,28,597,0.9983
29627996,1769112714000,29,21,0,0,21,21,597,0.9988
29627997,1769112720000,22,29,0,0,29,29,597,0.9986
29627998,1769112726000,29,22,0,0,22,22,597,0.9984
29627999,1769112732000,22,29,0,0,29,29,597,0.9987
29628000,1769112738000,27,22,0,0,22,22,597,0.9982
29628001,1769112744000,20,27,0,0,27,27,597,0.9973
29628002,1769112750000,31,20,0,0,20,20,597,0.9983
29628003,1769112756000,20,31,0,0,31,31,597,0.9986
29628004,1769112762000,30,20,0,0,20,20,597,0.9986
29628005,1769112768000,22,30,0,0,30,30,597,0.9988
29628006,1769112774000,30,22,0,0,22,22,597,0.9979
29628007,1769112780000,21,30,0,0,30,30,596,0.9987
29628008,1769112786000,29,21,0,0,21,21,596,0.9993
29628009,1769112792000,21,29,0,0,29,29,596,0.9994
29628010,1769112798000,28,21,0,0,21,21,597,0.9985
29628011,1769112804000,22,28,0,0,28,28,595,0.9999
29628012,1769112810000,25,22,0,0,22,22,596,0.9995
29628013,1769112816000,21,25,0,0,25,25,597,0.9985
29628014,1769112822000,28,21,0,0,21,21,597,0.9986
29628015,1769112828000,20,28,0,0,28,28,597,0.9985
29628016,1769112834000,30,20,0,0,20,20,597,0.9963
29628017,1769112840000,23,30,0,0,30,30,597,0.9982
29628018,1769112846000,32,23,0,0,23,23,597,0.9987
29628019,1769112852000,22,32,0,0,32,32,597,0.9985
29628020,1769112858000,29,22,0,0,22,22,597,0.9981
29628021,1769112864000,23,29,0,0,29,29,597,0.9986
29628022,1769112870000,29,23,0,0,23,23,596,0.9994
29628023,1769112876000,21,29,0,0,29,29,597,0.9979
29628024,1769112882000,30,21,0,0,21,21,596,0.9982
29628025,1769112888000,21,30,0,0,30,30,596,0.9979
29628026,1769112894000,29,21,0,0,21,21,595,0.9995
29628027,1769112900000,21,29,0,0,29,29,596,0.9984
29628028,1769112906000,29,21,0,0,21,21,596,0.9985
29628029,1769112912000,20,29,0,0,29,29,596,0.9983
29628030,1769112918000,30,20,0,0,20,20,597,0.9982
29628031,1769112924000,22,30,0,0,30,30,597,0.9982
29628032,1769112930000,30,22,0,0,22,22,597,0.9981
29628033,1769112936000,23,30,0,0,30,30,597,0.998
29628034,1769112942000,30,23,0,0,23,23,597,0.9977
29628035,1769112948000,22,30,0,0,30,30,597,0.9983
29628036,1769112954000,30,22,0,0,22,22,596,0.9982
29628037,1769112960000,24,30,0,0,30,30,596,0.9995
29628038,1769112966000,32,24,0,0,24,24,597,0.9979
29628039,1769112972000,22,32,0,0,32,32,597,0.9983
29628040,1769112978000,29,22,0,0,22,22,597,0.9985
29628041,1769112984000,20,29,0,0,29,29,597,0.9982
29628042,1769112990000,30,20,0,0,20,20,596,0.9997
29628043,1769112996000,21,30,0,0,30,30,597,0.9984
29628044,1769113002000,28,21,0,0,21,21,597,0.9985
29628045,1769113008000,23,28,0,0,28,28,597,0.9986
29628046,1769113014000,30,23,0,0,23,23,596,0.9991
29628047,1769113020000,22,30,0,0,30,30,597,0.998
29628048,1769113026000,30,22,0,0,22,22,597,0.9986
29628049,1769113032000,18,30,0,0,30,30,596,0.9989
29628050,1769113038000,28,18,0,0,18,18,596,0.9998
29628051,1769113044000,20,28,0,0,28,28,596,0.9998
29628052,1769113050000,26,20,0,0,20,20,597,0.9982
29628053,1769113056000,22,26,0,0,26,26,597,0.9986
29628054,1769113062000,29,22,0,0,22,22,597,0.9987
29628055,1769113068000,23,29,0,0,29,29,596,0.9986
29628056,1769113074000,29,23,0,0,23,23,597,0.9984
29628057,1769113080000,21,29,0,0,29,29,597,0.9983
29628058,1769113086000,30,21,0,0,21,21,597,0.9984
29628059,1769113092000,23,30,0,0,30,30,596,0.9997
29628060,1769113098000,28,23,0,0,23,23,597,0.9983
29628061,1769113104000,22,28,0,0,28,28,596,0.9975
29628062,1769113110000,32,22,0,0,22,22,597,0.9983
29628063,1769113116000,22,32,0,0,32,32,597,0.9986
29628064,1769113122000,32,22,0,0,22,22,597,0.9985
29628065,1769113128000,20,32,0,0,32,32,597,0.9982
29628066,1769113134000,27,20,0,0,20,20,596,0.9959
29628067,1769113140000,20,27,0,0,27,27,597,0.9976
29628068,1769113146000,26,20,0,0,20,20,597,0.9982
29628069,1769113152000,20,26,0,0,26,26,597,0.9983
29628070,1769113158000,28,20,0,0,20,20,597,0.9984
29628071,1769113164000,19,28,0,0,28,28,597,0.9984
29628072,1769113170000,26,19,0,0,19,19,596,0.9983
29628073,1769113176000,20,26,0,0,26,26,597,0.9977
29628074,1769113182000,32,20,0,0,20,20,595,0.9997
29628075,1769113188000,21,32,0,0,32,32,597,0.9981
29628076,1769113194000,31,21,0,0,21,21,597,0.9987
29628077,1769113200000,22,31,0,0,31,31,597,0.9984
29628078,1769113206000,30,22,0,0,22,22,597,0.9982
29628079,1769113212000,20,30,0,0,30,30,597,0.9982
29628080,1769113218000,27,20,0,0,20,20,597,0.9987
29628081,1769113224000,21,27,0,0,27,27,596,0.9985
29628082,1769113230000,27,21,0,0,21,21,597,0.9986
29628083,1769113236000,22,27,0,0,27,27,596,0.9992
29628084,1769113242000,27,22,0,0,22,22,596,0.9995
29628085,1769113248000,22,27,0,0,27,27,596,0.9986
29628086,1769113254000,29,22,0,0,22,22,596,0.9976
29628087,1769113260000,21,29,0,0,29,29,596,0.9994
29628088,1769113266000,26,21,0,0,21,21,597,0.9984
29628089,1769113272000,18,26,0,0,26,26,597,0.9982
29628090,1769113278000,26,18,0,0,18,18,596,0.9999
29628091,1769113284000,20,26,0,0,26,26,597,0.9983
29628092,1769113290000,27,20,0,0,20,20,596,0.9996
29628093,1769113296000,23,27,0,0,27,27,596,0.9997
29628094,1769113302000,30,23,0,0,23,23,596,0.9998
29628095,1769113308000,20,30,0,0,30,30,595,0.9991
29628096,1769113314000,27,20,0,0,20,20,594,0.9997
29628097,1769113320000,23,27,0,0,27,27,596,0.9991
29628098,1769113326000,31,23,0,0,23,23,596,0.9996
29628099,1769113332000,21,31,0,0,31,31,597,0.9973
29628100,1769113338000,30,21,0,0,21,21,597,0.9983
29628101,1769113344000,21,30,0,0,30,30,596,0.9997
29628102,1769113350000,29,21,0,0,21,21,596,0.9999
29628103,1769113356000,21,29,0,0,29,29,596,0.9991
29628104,1769113362000,30,21,0,0,21,21,597,0.9983
29628105,1769113368000,22,30,0,0,30,30,596,0.999
29628106,1769113374000,31,22,0,0,22,22,596,0.9992
29628107,1769113380000,22,31,0,0,31,31,597,0.9986
29628108,1769113386000,30,22,0,0,22,22,597,0.9982
29628109,1769113392000,21,30,0,0,30,30,597,0.996
29628110,1769113398000,29,21,0,0,21,21,596,0.9974
29628111,1769113404000,18,29,0,0,29,29,596,0.9991
29628112,1769113410000,26,18,0,0,18,18,597,0.996
29628113,1769113416000,22,26,0,0,26,26,597,0.9983
29628114,1769113422000,30,22,0,0,22,22,597,0.9982
29628115,1769113428000,21,30,0,0,30,30,597,0.9982
29628116,1769113434000,29,21,0,0,21,21,597,0.998
29628117,1769113440000,22,29,0,0,29,29,597,0.9981
29628118,1769113446000,30,22,0,0,22,22,597,0.9982
29628119,1769113452000,21,30,0,0,30,30,596,0.999
29628120,1769113458000,26,21,0,0,21,21,597,0.9983
29628121,1769113464000,21,26,0,0,26,26,597,0.9979
29628122,1769113470000,30,21,0,0,21,21,592,0.999
29628123,1769113476000,22,30,0,0,30,30,597,0.9979
29628124,1769113482000,28,22,0,0,22,22,597,0.9986
29628125,1769113488000,22,28,0,0,28,28,597,0.9977
29628126,1769113494000,28,22,0,0,22,22,597,0.9979
29628127,1769113500000,22,28,0,0,28,28,596,0.9992
29628128,1769113506000,31,22,0,0,22,22,597,0.9986
29628129,1769113512000,21,31,0,0,31,31,597,0.9984
29628130,1769113518000,28,21,0,0,21,21,597,0.9984
29628131,1769113524000,19,28,0,0,28,28,597,0.9985
29628132,1769113530000,24,19,0,0,19,19,596,0.9986
29628133,1769113536000,22,24,0,0,24,24,597,0.9978
29628134,1769113542000,28,22,0,0,22,22,597,0.9981
29628135,1769113548000,23,28,0,0,28,28,597,0.9982
29628136,1769113554000,30,23,0,0,23,23,596,0.9994
29628137,1769113560000,20,30,0,0,30,30,597,0.9984
29628138,1769113566000,27,20,0,0,20,20,597,0.9978
29628139,1769113572000,20,27,0,0,27,27,596,0.9996
29628140,1769113578000,26,20,0,0,20,20,597,0.9977
29628141,1769113584000,20,26,0,0,26,26,597,0.9966
29628142,1769113590000,28,20,0,0,20,20,596,0.9998
29628143,1769113596000,22,28,0,0,28,28,596,0.9994
29628144,1769113602000,30,22,0,0,22,22,596,0.9996
29628145,1769113608000,21,30,0,0,30,30,596,0.9988
29628146,1769113614000,30,21,0,0,21,21,596,0.9996
29628147,1769113620000,21,30,0,0,30,30,596,0.9997
29628148,1769113626000,30,21,0,0,21,21,597,0.9981
29628149,1769113632000,21,30,0,0,30,30,597,0.9982
29628150,1769113638000,27,21,0,0,21,21,596,0.9998
29628151,1769113644000,20,27,0,0,27,27,597,0.9984
29628152,1769113650000,26,20,0,0,20,20,597,0.9978
29628153,1769113656000,21,26,0,0,26,26,597,0.9983
29628154,1769113662000,31,21,0,0,21,21,596,0.9986
29628155,1769113668000,21,31,0,0,31,31,597,0.998
29628156,1769113674000,28,21,0,0,21,21,596,0.9994
29628157,1769113680000,22,28,0,0,28,28,597,0.9972
29628158,1769113686000,33,22,0,0,22,22,597,0.9973
29628159,1769113692000,23,33,0,0,33,33,597,0.9972
29628160,1769113698000,29,23,0,0,23,23,596,0.9993
29628161,1769113704000,21,29,0,0,29,29,597,0.9976
29628162,1769113710000,30,21,0,0,21,21,596,0.9977
29628163,1769113716000,21,30,0,0,30,30,596,0.9995
29628164,1769113722000,30,21,0,0,21,21,597,0.9982
29628165,1769113728000,20,30,0,0,30,30,596,0.9995
29628166,1769113734000,26,20,0,0,20,20,597,0.9978
29628167,1769113740000,20,26,0,0,26,26,597,0.9981
29628168,1769113746000,27,20,0,0,20,20,597,0.9971
29628169,1769113752000,22,27,0,0,27,27,597,0.9973
29628170,1769113758000,29,22,0,0,22,22,597,0.9982
29628171,1769113764000,22,29,0,0,29,29,597,0.998
29628172,1769113770000,26,22,0,0,22,22,597,0.9979
29628173,1769113776000,23,26,0,0,26,26,597,0.996
29628174,1769113782000,27,23,0,0,23,23,597,0.9979
29628175,1769113788000,21,27,0,0,27,27,597,0.9973
29628176,1769113794000,24,21,0,0,21,21,597,0.9978
29628177,1769113800000,21,24,0,0,24,24,596,0.9992
29628178,1769113806000,28,21,0,0,21,21,597,0.9986
29628179,1769113812000,22,28,0,0,28,28,595,0.9986
29628180,1769113818000,24,22,0,0,22,22,597,0.9984
29628181,1769113824000,20,24,0,0,24,24,597,0.9983
29628182,1769113830000,25,20,0,0,20,20,596,0.9948
29628183,1769113836000,20,25,0,0,25,25,596,0.9984
29628184,1769113842000,29,20,0,0,20,20,597,0.9984
29628185,1769113848000,20,29,0,0,29,29,596,0.9995
29628186,1769113854000,26,20,0,0,20,20,596,0.9994
29628187,1769113860000,20,26,0,0,26,26,596,0.9985
29628188,1769113866000,29,20,0,0,20,20,597,0.9982
29628189,1769113872000,20,29,0,0,29,29,596,0.9991
29628190,1769113878000,27,20,0,0,20,20,596,0.9982
29628191,1769113884000,21,27,0,0,27,27,597,0.9971
29628192,1769113890000,27,21,0,0,21,21,597,0.9983
29628193,1769113896000,21,27,0,0,27,27,597,0.9983
29628194,1769113902000,28,21,0,0,21,21,596,0.9998
29628195,1769113908000,23,28,0,0,28,28,596,0.9995
29628196,1769113914000,28,23,0,0,23,23,596,0.9996
29628197,1769113920000,21,28,0,0,28,28,596,0.9996
29628198,1769113926000,25,21,0,0,21,21,596,0.9994
29628199,1769113932000,21,25,0,0,25,25,596,0.9993
29628200,1769113938000,28,21,0,0,21,21,596,0.9997
29628201,1769113944000,22,28,0,0,28,28,596,0.9988
29628202,1769113950000,27,22,0,0,22,22,596,0.9966
29628203,1769113956000,23,27,0,0,27,27,596,0.9998
29628204,1769113962000,28,23,0,0,23,23,596,0.9993
29628205,1769113968000,19,28,0,0,28,28,596,0.999
29628206,1769113974000,27,19,0,0,19,19,596,0.999
29628207,1769113980000,23,27,0,0,27,27,596,0.9994
29628208,1769113986000,29,23,0,0,23,23,594,0.9994
29628209,1769113992000,21,29,0,0,29,29,596,0.9989
29628210,1769113998000,24,21,0,0,21,21,596,0.9989
29628211,1769114004000,22,24,0,0,24,24,596,0.9983
29628212,1769114010000,26,22,0,0,22,22,597,0.9983
29628213,1769114016000,25,26,0,0,26,26,596,0.9995
29628214,1769114022000,28,25,0,0,25,25,597,0.9982
29628215,1769114028000,23,28,0,0,28,28,596,0.9995
29628216,1769114034000,30,23,0,0,23,23,596,0.9982
29628217,1769114040000,22,30,0,0,30,30,595,0.9993
29628218,1769114046000,30,22,0,0,22,22,596,0.9995
29628219,1769114052000,22,30,0,0,30,30,596,0.9993
29628220,1769114058000,27,22,0,0,22,22,596,0.9989
29628221,1769114064000,23,27,0,0,27,27,597,0.9984
29628222,1769114070000,27,23,0,0,23,23,596,0.9998
29628223,1769114076000,23,27,0,0,27,27,597,0.9986
29628224,1769114082000,31,23,0,0,23,23,596,0.9995
29628225,1769114088000,23,31,0,0,31,31,597,0.9984
29628226,1769114094000,31,23,0,0,23,23,597,0.9977
29628227,1769114100000,23,31,0,0,31,31,597,0.9983
29628228,1769114106000,29,23,0,0,23,23,597,0.998
29628229,1769114112000,23,29,0,0,29,29,597,0.9979
29628230,1769114118000,29,23,0,0,23,23,597,0.9986
29628231,1769114124000,23,29,0,0,29,29,596,0.9981
29628232,1769114130000,29,23,0,0,23,23,597,0.998
29628233,1769114136000,24,29,0,0,29,29,597,0.9984
29628234,1769114142000,30,24,0,0,24,24,597,0.9981
29628235,1769114148000,22,30,0,0,30,30,597,0.9984
29628236,1769114154000,28,22,0,0,22,22,597,0.9981
29628237,1769114160000,22,28,0,0,28,28,597,0.9983
29628238,1769114166000,31,22,0,0,22,22,597,0.9986
29628239,1769114172000,22,31,0,0,31,31,596,0.9983
29628240,1769114178000,27,22,0,0,22,22,596,0.9984
29628241,1769114184000,25,27,0,0,27,27,597,0.9984
29628242,1769114190000,25,25,0,0,25,25,597,0.9986
29628243,1769114196000,21,25,0,0,25,25,597,0.9982
29628244,1769114202000,27,21,0,0,21,21,597,0.9986
29628245,1769114208000,21,27,0,0,27,27,596,0.9998
29628246,1769114214000,26,21,0,0,21,21,597,0.9979
29628247,1769114220000,23,26,0,0,26,26,597,0.9985
29628248,1769114226000,24,23,0,0,23,23,597,0.998
29628249,1769114232000,22,24,0,0,24,24,597,0.9971
29628250,1769114238000,29,22,0,0,22,22,597,0.9982
29628251,1769114244000,24,29,0,0,29,29,597,0.9981
29628252,1769114250000,26,24,0,0,24,24,597,0.9983
29628253,1769114256000,24,26,0,0,26,26,597,0.9985
29628254,1769114262000,28,24,0,0,24,24,597,0.998
29628255,1769114268000,24,28,0,0,28,28,597,0.998
29628256,1769114274000,28,24,0,0,24,24,596,0.9973
29628257,1769114280000,24,28,0,0,28,28,597,0.9958
29628258,1769114286000,27,24,0,0,24,24,596,0.9988
29628259,1769114292000,22,27,0,0,27,27,597,0.9975
29628260,1769114298000,27,22,0,0,22,22,597,0.9974
29628261,1769114304000,22,27,0,0,27,27,597,0.9982
29628262,1769114310000,29,22,0,0,22,22,596,0.997
29628263,1769114316000,21,29,0,0,29,29,597,0.998
29628264,1769114322000,28,21,0,0,21,21,597,0.9985
29628265,1769114328000,21,28,0,0,28,28,597,0.9981
29628266,1769114334000,29,21,0,0,21,21,597,0.997
29628267,1769114340000,22,29,0,0,29,29,596,0.9997
29628268,1769114346000,28,22,0,0,22,22,597,0.9981
29628269,1769114352000,20,28,0,0,28,28,597,0.9984
29628270,1769114358000,25,20,0,0,20,20,596,0.9996
29628271,1769114364000,24,25,0,0,25,25,597,0.9983
29628272,1769114370000,26,24,0,0,24,24,597,0.9964
29628273,1769114376000,23,26,0,0,26,26,596,0.9997
29628274,1769114382000,29,23,0,0,23,23,597,0.9979
29628275,1769114388000,24,29,0,0,29,29,597,0.9985
29628276,1769114394000,27,24,0,0,24,24,597,0.9979
29628277,1769114400000,23,27,0,0,27,27,596,0.9979
29628278,1769114406000,28,23,0,0,23,23,597,0.998
29628279,1769114412000,23,28,0,0,28,28,597,0.9961
29628280,1769114418000,28,23,0,0,23,23,597,0.9958
29628281,1769114424000,23,28,0,0,28,28,597,0.9973
29628282,1769114430000,27,23,0,0,23,23,597,0.9958
29628283,1769114436000,20,27,0,0,27,27,597,0.9974
29628284,1769114442000,26,20,0,0,20,20,596,0.9981
29628285,1769114448000,23,26,0,0,26,26,596,0.9992
29628286,1769114454000,28,23,0,0,23,23,596,0.9985
29628287,1769114460000,24,28,0,0,28,28,596,0.9989
29628288,1769114466000,27,24,0,0,24,24,596,0.9992
29628289,1769114472000,22,27,0,0,27,27,596,0.9996
29628290,1769114478000,29,22,0,0,22,22,596,0.9995
29628291,1769114484000,23,29,0,0,29,29,596,0.9997
29628292,1769114490000,28,23,0,0,23,23,596,0.9993
29628293,1769114496000,22,28,0,0,28,28,596,0.9997
29628294,1769114502000,26,22,0,0,22,22,596,0.999
29628295,1769114508000,24,26,0,0,26,26,596,0.9996
29628296,1769114514000,28,24,0,0,24,24,596,0.999
29628297,1769114520000,26,28,0,0,28,28,596,0.9994
29628298,1769114526000,29,26,0,0,26,26,597,0.9985
29628299,1769114532000,23,29,0,0,29,29,597,0.9981
29628300,1769114538000,25,23,0,0,23,23,597,0.9974
29628301,1769114544000,23,25,0,0,25,25,596,0.9997
29628302,1769114550000,28,23,0,0,23,23,590,0.9985
29628303,1769114556000,25,28,0,0,28,28,597,0.9983
29628304,1769114562000,29,25,0,0,25,25,597,0.9981
29628305,1769114568000,25,29,0,0,29,29,597,0.9979
29628306,1769114574000,28,25,0,0,25,25,597,0.9978
29628307,1769114580000,24,28,0,0,28,28,597,0.9964
29628308,1769114586000,28,24,0,0,24,24,597,0.9982
29628309,1769114592000,25,28,0,0,28,28,597,0.9979
29628310,1769114598000,27,25,0,0,25,25,597,0.9983
29628311,1769114604000,23,27,0,0,27,27,596,0.9994
29628312,1769114610000,24,23,0,0,23,23,596,0.9982
29628313,1769114616000,25,24,0,0,24,24,596,0.9986
29628314,1769114622000,28,25,0,0,25,25,596,0.9977
29628315,1769114628000,23,28,0,0,28,28,596,0.9996
29628316,1769114634000,27,23,0,0,23,23,597,0.998
29628317,1769114640000,26,27,0,0,27,27,597,0.9983
29628318,1769114646000,27,26,0,0,26,26,596,0.9995
29628319,1769114652000,21,27,0,0,27,27,597,0.9986
29628320,1769114658000,26,21,0,0,21,21,597,0.9986
29628321,1769114664000,21,26,0,0,26,26,597,0.9987
29628322,1769114670000,30,21,0,0,21,21,596,0.998
29628323,1769114676000,19,30,0,0,30,30,596,0.9986
29628324,1769114682000,30,19,0,0,19,19,596,0.9977
29628325,1769114688000,23,30,0,0,30,30,595,0.9994
29628326,1769114694000,28,23,0,0,23,23,596,0.9996
29628327,1769114700000,23,28,0,0,28,28,597,0.9984
29628328,1769114706000,31,23,0,0,23,23,596,0.9999
29628329,1769114712000,22,31,0,0,31,31,597,0.9981
29628330,1769114718000,27,22,0,0,22,22,596,0.9996
29628331,1769114724000,21,27,0,0,27,27,597,0.9986
29628332,1769114730000,32,21,0,0,21,21,597,0.9988
29628333,1769114736000,23,32,0,0,32,32,596,0.9994
29628334,1769114742000,30,23,0,0,23,23,597,0.9979
29628335,1769114748000,18,30,0,0,30,30,597,0.9989
29628336,1769114754000,28,18,0,0,18,18,597,0.9984
29628337,1769114760000,18,28,0,0,28,28,596,0.9996
29628338,1769114766000,27,18,0,0,18,18,596,0.9989
29628339,1769114772000,18,27,0,0,27,27,594,0.9975
29628340,1769114778000,26,18,0,0,18,18,593,0.9992
29628341,1769114784000,16,26,0,0,26,26,596,0.9997
29628342,1769114790000,25,16,0,0,16,16,595,0.9998
29628343,1769114796000,23,25,0,0,25,25,592,0.9968
29628344,1769114802000,31,23,0,0,23,23,592,0.9984
29628345,1769114808000,21,31,0,0,31,31,595,0.9992
29628346,1769114814000,29,21,0,0,21,21,596,0.9998
29628347,1769114820000,22,29,0,0,29,29,596,0.9996
29628348,1769114826000,28,22,0,0,22,22,596,0.9998
29628349,1769114832000,21,28,0,0,28,28,595,0.9995
29628350,1769114838000,27,21,0,0,21,21,597,0.9985
29628351,1769114844000,23,27,0,0,27,27,597,0.9981
29628352,1769114850000,30,23,0,0,23,23,596,0.9996
29628353,1769114856000,23,30,0,0,30,30,596,0.9997
29628354,1769114862000,29,23,0,0,23,23,597,0.9984
29628355,1769114868000,23,29,0,0,29,29,597,0.9975
29628356,1769114874000,26,23,0,0,23,23,597,0.9981
29628357,1769114880000,21,26,0,0,26,26,597,0.9979
29628358,1769114886000,27,21,0,0,21,21,597,0.9986
29628359,1769114892000,21,27,0,0,27,27,596,0.9987
29628360,1769114898000,28,21,0,0,21,21,596,0.9996
29628361,1769114904000,23,28,0,0,28,28,596,0.9993
29628362,1769114910000,29,23,0,0,23,23,596,0.9999
29628363,1769114916000,20,29,0,0,29,29,596,0.9999
29628364,1769114922000,27,20,0,0,20,20,597,0.9989
29628365,1769114928000,19,27,0,0,27,27,596,0.9998
29628366,1769114934000,27,19,0,0,19,19,597,0.9989
29628367,1769114940000,22,27,0,0,27,27,597,0.9991
29628368,1769114946000,31,22,0,0,22,22,596,0.9992
29628369,1769114952000,20,31,0,0,31,31,597,0.9982
29628370,1769114958000,28,20,0,0,20,20,596,0.9997
29628371,1769114964000,20,28,0,0,28,28,596,0.9993
29628372,1769114970000,31,20,0,0,20,20,596,0.9997
29628373,1769114976000,23,31,0,0,31,31,597,0.9989
29628374,1769114982000,27,23,0,0,23,23,597,0.9984
29628375,1769114988000,18,27,0,0,27,27,596,0.9989
29628376,1769114994000,26,18,0,0,18,18,597,0.9986
29628377,1769115000000,20,26,0,0,26,26,596,0.9997
29628378,1769115006000,26,20,0,0,20,20,596,0.9997
29628379,1769115012000,19,26,0,0,26,26,597,0.9983
29628380,1769115018000,26,19,0,0,19,19,597,0.9986
29628381,1769115024000,21,26,0,0,26,26,596,0.9995
29628382,1769115030000,24,21,0,0,21,21,596,0.9998
29628383,1769115036000,19,24,0,0,24,24,597,0.9985
29628384,1769115042000,28,19,0,0,19,19,596,0.9996
29628385,1769115048000,20,28,0,0,28,28,597,0.9984
29628386,1769115054000,28,20,0,0,20,20,597,0.998
29628387,1769115060000,21,28,0,0,28,28,597,0.9987
29628388,1769115066000,28,21,0,0,21,21,596,0.9995
29628389,1769115072000,20,28,0,0,28,28,596,0.9998
29628390,1769115078000,29,20,0,0,20,20,597,0.9986
29628391,1769115084000,21,29,0,0,29,29,596,0.9998
29628392,1769115090000,28,21,0,0,21,21,597,0.9983
29628393,1769115096000,20,28,0,0,28,28,597,0.9984
29628394,1769115102000,29,20,0,0,20,20,597,0.9985
29628395,1769115108000,20,29,0,0,29,29,596,0.9998
29628396,1769115114000,27,20,0,0,20,20,597,0.9985
29628397,1769115120000,20,27,0,0,27,27,597,0.9983
29628398,1769115126000,29,20,0,0,20,20,597,0.9982
29628399,1769115132000,19,29,0,0,29,29,596,0.9993
29628400,1769115138000,28,19,0,0,19,19,596,0.9991
29628401,1769115144000,21,28,0,0,28,28,596,0.9996
29628402,1769115150000,27,21,0,0,21,21,596,0.9996
29628403,1769115156000,19,27,0,0,27,27,596,0.9998
29628404,1769115162000,30,19,0,0,19,19,596,0.9996
29628405,1769115168000,19,30,0,0,30,30,596,0.9989
29628406,1769115174000,30,19,0,0,19,19,596,0.9996
29628407,1769115180000,20,30,0,0,30,30,596,0.9996
29628408,1769115186000,28,20,0,0,20,20,597,0.9984
29628409,1769115192000,19,28,0,0,28,28,597,0.9981
29628410,1769115198000,30,19,0,0,19,19,596,0.9998
29628411,1769115204000,22,30,0,0,30,30,596,0.9997
29628412,1769115210000,30,22,0,0,22,22,597,0.9989
29628413,1769115216000,22,30,0,0,30,30,596,0.9992
29628414,1769115222000,31,22,0,0,22,22,597,0.9984
29628415,1769115228000,21,31,0,0,31,31,597,0.9989
29628416,1769115234000,32,21,0,0,21,21,597,0.9978
29628417,1769115240000,22,32,0,0,32,32,597,0.9972
29628418,1769115246000,32,22,0,0,22,22,597,0.998
29628419,1769115252000,22,32,0,0,32,32,597,0.9977
29628420,1769115258000,28,22,0,0,22,22,597,0.9973
29628421,1769115264000,20,28,0,0,28,28,597,0.9975
29628422,1769115270000,31,20,0,0,20,20,597,0.9977
29628423,1769115276000,20,31,0,0,31,31,597,0.9981
29628424,1769115282000,30,20,0,0,20,20,597,0.9981
29628425,1769115288000,22,30,0,0,30,30,596,0.998
29628426,1769115294000,30,22,0,0,22,22,596,0.9994
29628427,1769115300000,22,30,0,0,30,30,597,0.9985
29628428,1769115306000,29,22,0,0,22,22,597,0.9991
29628429,1769115312000,20,29,0,0,29,29,597,0.9988
29628430,1769115318000,29,20,0,0,20,20,597,0.9977
29628431,1769115324000,23,29,0,0,29,29,596,0.9996
29628432,1769115330000,29,23,0,0,23,23,596,0.9999
29628433,1769115336000,22,29,0,0,29,29,596,0.9994
29628434,1769115342000,29,22,0,0,22,22,596,0.9995
29628435,1769115348000,23,29,0,0,29,29,596,0.9997
29628436,1769115354000,30,23,0,0,23,23,597,0.998
29628437,1769115360000,21,30,0,0,30,30,597,0.9985
29628438,1769115366000,27,21,0,0,21,21,597,0.998
29628439,1769115372000,21,27,0,0,27,27,597,0.9977
29628440,1769115378000,27,21,0,0,21,21,597,0.9963
29628441,1769115384000,17,27,0,0,27,27,597,0.9947
29628442,1769115390000,25,17,0,0,17,17,597,0.9979
29628443,1769115396000,20,25,0,0,25,25,596,0.9997
29628444,1769115402000,28,20,0,0,20,20,597,0.9984
29628445,1769115408000,22,28,0,0,28,28,597,0.9978
29628446,1769115414000,27,22,0,0,22,22,596,0.9997
29628447,1769115420000,23,27,0,0,27,27,596,0.9997
29628448,1769115426000,29,23,0,0,23,23,596,0.9985
29628449,1769115432000,22,29,0,0,29,29,596,0.9964
29628450,1769115438000,28,22,0,0,22,22,597,0.9986
29628451,1769115444000,22,28,0,0,28,28,597,0.9966
29628452,1769115450000,25,22,0,0,22,22,597,0.9984
29628453,1769115456000,22,25,0,0,25,25,597,0.9981
29628454,1769115462000,31,22,0,0,22,22,597,0.9979
29628455,1769115468000,20,31,0,0,31,31,597,0.998
29628456,1769115474000,28,20,0,0,20,20,594,0.9859
29628457,1769115480000,23,28,0,0,28,28,595,0.9974
29628458,1769115486000,31,23,0,0,23,23,594,0.9992
29628459,1769115492000,22,31,0,0,31,31,595,0.998
29628460,1769115498000,26,22,0,0,22,22,596,0.9966
29628461,1769115504000,22,26,0,0,26,26,597,0.9976
29628462,1769115510000,30,22,0,0,22,22,597,0.9979
29628463,1769115516000,25,30,0,0,30,30,597,0.9983
29628464,1769115522000,27,25,0,0,25,25,597,0.998
29628465,1769115528000,28,27,0,0,27,27,597,0.9977
29628466,1769115534000,28,28,0,0,28,28,597,0.9971
29628467,1769115540000,25,28,0,0,28,28,596,0.9975
29628468,1769115546000,26,25,0,0,25,25,595,0.9987
29628469,1769115552000,27,26,0,0,26,26,595,0.998
29628470,1769115558000,25,27,0,0,27,27,594,0.9984
29628471,1769115564000,26,25,0,0,25,25,596,0.9972
29628472,1769115570000,25,26,0,0,26,26,595,0.9975
29628473,1769115576000,30,25,0,0,25,25,596,0.9964
29628474,1769115582000,24,30,0,0,30,30,595,0.997
29628475,1769115588000,28,24,0,0,24,24,596,0.9971
29628476,1769115594000,21,28,0,0,28,28,595,0.9981
29628477,1769115600000,28,21,0,0,21,21,596,0.9973
29628478,1769115606000,25,28,0,0,28,28,593,0.9984
29628479,1769115612000,24,25,0,0,25,25,592,0.9991
29628480,1769115618000,23,24,0,0,24,24,595,0.9989
29628481,1769115624000,27,23,0,0,23,23,594,0.998
29628482,1769115630000,25,27,0,0,27,27,595,0.9987
29628483,1769115636000,26,25,0,0,25,25,595,0.9985
29628484,1769115642000,23,26,0,0,26,26,595,0.9989
29628485,1769115648000,26,23,0,0,23,23,596,0.997
29628486,1769115654000,26,26,0,0,26,26,595,0.9981
29628487,1769115660000,28,26,0,0,26,26,595,0.9983
29628488,1769115666000,22,28,0,0,28,28,596,0.9952
29628489,1769115672000,27,22,0,0,22,22,596,0.9967
29628490,1769115678000,22,27,0,0,27,27,595,0.9978
29628491,1769115684000,27,22,0,0,22,22,595,0.9985
29628492,1769115690000,23,27,0,0,27,27,594,0.9981
29628493,1769115696000,28,23,0,0,23,23,594,0.9973
29628494,1769115702000,24,28,0,0,28,28,595,0.9978
29628495,1769115708000,26,24,0,0,24,24,595,0.9981
29628496,1769115714000,23,26,0,0,26,26,595,0.9972
29628497,1769115720000,28,23,0,0,23,23,595,0.9985
29628498,1769115726000,23,28,0,0,28,28,595,0.9988
29628499,1769115732000,28,23,0,0,23,23,595,0.9985
29628500,1769115738000,21,28,0,0,28,28,594,0.9977
29628501,1769115744000,28,21,0,0,21,21,594,0.9998
29628502,1769115750000,24,28,0,0,28,28,594,1
29628503,1769115756000,27,24,0,0,24,24,594,0.9999
29628504,1769115762000,21,27,0,0,27,27,594,0.9998
29628505,1769115768000,30,21,0,0,21,21,594,0.9986
29628506,1769115774000,23,30,0,0,30,30,595,0.9987
29628507,1769115780000,28,23,0,0,23,23,595,0.9982
29628508,1769115786000,22,28,0,0,28,28,595,0.9989
29628509,1769115792000,28,22,0,0,22,22,595,0.9985
29628510,1769115798000,22,28,0,0,28,28,595,0.9989
29628511,1769115804000,29,22,0,0,22,22,595,0.9989
29628512,1769115810000,23,29,0,0,29,29,595,0.9985
29628513,1769115816000,30,23,0,0,23,23,595,0.9991
29628514,1769115822000,24,30,0,0,30,30,594,0.9984
29628515,1769115828000,25,24,0,0,24,24,595,0.9985
29628516,1769115834000,22,25,0,0,25,25,596,0.9976
29628517,1769115840000,30,22,0,0,22,22,595,0.9989
29628518,1769115846000,23,30,0,0,30,30,595,0.9975
29628519,1769115852000,30,23,0,0,23,23,596,0.9977
29628520,1769115858000,21,30,0,0,30,30,597,0.997
29628521,1769115864000,27,21,0,0,21,21,597,0.9967
29628522,1769115870000,21,27,0,0,27,27,597,0.9973
29628523,1769115876000,27,21,0,0,21,21,597,0.9981
29628524,1769115882000,21,27,0,0,27,27,597,0.9986
29628525,1769115888000,28,21,0,0,21,21,596,0.9994
29628526,1769115894000,25,28,0,0,28,28,597,0.9982
29628527,1769115900000,28,25,0,0,25,25,597,0.9983
29628528,1769115906000,24,28,0,0,28,28,597,0.9989
29628529,1769115912000,27,24,0,0,24,24,597,0.9974
29628530,1769115918000,22,27,0,0,27,27,596,0.9994
29628531,1769115924000,28,22,0,0,22,22,597,0.9982
29628532,1769115930000,23,28,0,0,28,28,596,0.9999
29628533,1769115936000,28,23,0,0,23,23,597,0.999
29628534,1769115942000,23,28,0,0,28,28,597,0.999
29628535,1769115948000,26,23,0,0,23,23,595,0.9999
29628536,1769115954000,23,26,0,0,26,26,596,0.9999
29628537,1769115960000,29,23,0,0,23,23,597,0.9983
29628538,1769115966000,24,29,0,0,29,29,597,0.9988
29628539,1769115972000,28,24,0,0,24,24,596,0.9985
29628540,1769115978000,23,28,0,0,28,28,597,0.9986
29628541,1769115984000,29,23,0,0,23,23,597,0.9985
29628542,1769115990000,21,29,0,0,29,29,595,0.9996
29628543,1769115996000,29,21,0,0,21,21,597,0.9987
29628544,1769116002000,24,29,0,0,29,29,597,0.9987
29628545,1769116008000,30,24,0,0,24,24,597,0.9979
29628546,1769116014000,23,30,0,0,30,30,596,0.9993
29628547,1769116020000,30,23,0,0,23,23,596,0.9999
29628548,1769116026000,22,30,0,0,30,30,597,0.9987
29628549,1769116032000,29,22,0,0,22,22,597,0.9989
29628550,1769116038000,23,29,0,0,29,29,596,0.9998
29628551,1769116044000,28,23,0,0,23,23,595,0.9997
29628552,1769116050000,22,28,0,0,28,28,596,0.9996
29628553,1769116056000,30,22,0,0,22,22,597,0.9986
29628554,1769116062000,23,30,0,0,30,30,597,0.9989
29628555,1769116068000,30,23,0,0,23,23,597,0.9985
29628556,1769116074000,24,30,0,0,30,30,597,0.9984
29628557,1769116080000,26,24,0,0,24,24,597,0.9985
29628558,1769116086000,24,26,0,0,26,26,596,0.9987
29628559,1769116092000,28,24,0,0,24,24,597,0.9985
29628560,1769116098000,24,28,0,0,28,28,596,0.9994
29628561,1769116104000,30,24,0,0,24,24,596,0.9942
29628562,1769116110000,22,30,0,0,30,30,596,0.9996
29628563,1769116116000,31,22,0,0,22,22,597,0.9986
29628564,1769116122000,23,31,0,0,31,31,597,0.9983
29628565,1769116128000,29,23,0,0,23,23,596,0.9991
29628566,1769116134000,24,29,0,0,29,29,597,0.9985
29628567,1769116140000,27,24,0,0,24,24,596,0.9997
29628568,1769116146000,24,27,0,0,27,27,597,0.9988
29628569,1769116152000,26,24,0,0,24,24,597,0.9981
29628570,1769116158000,24,26,0,0,26,26,596,0.9996
29628571,1769116164000,25,24,0,0,24,24,597,0.9989
29628572,1769116170000,25,25,0,0,25,25,596,0.9999
29628573,1769116176000,30,25,0,0,25,25,597,0.9985
29628574,1769116182000,25,30,0,0,30,30,597,0.9985
29628575,1769116188000,28,25,0,0,25,25,597,0.9986
29628576,1769116194000,24,28,0,0,28,28,597,0.9986
29628577,1769116200000,27,24,0,0,24,24,596,0.999
29628578,1769116206000,25,27,0,0,27,27,597,0.9984
29628579,1769116212000,27,25,0,0,25,25,597,0.9984
29628580,1769116218000,23,27,0,0,27,27,597,0.9971
29628581,1769116224000,26,23,0,0,23,23,597,0.9972
29628582,1769116230000,24,26,0,0,26,26,596,0.9994
29628583,1769116236000,27,24,0,0,24,24,596,0.9998
29628584,1769116242000,26,27,0,0,27,27,596,0.9996
29628585,1769116248000,25,26,0,0,26,26,596,0.9992
29628586,1769116254000,26,25,0,0,25,25,596,0.9993
29628587,1769116260000,26,26,0,0,26,26,596,0.999
29628588,1769116266000,26,26,0,0,26,26,596,0.9973
29628589,1769116272000,29,26,0,0,26,26,596,0.9983
29628590,1769116278000,25,29,0,0,29,29,596,0.9995
29628591,1769116284000,28,25,0,0,25,25,596,0.9997
29628592,1769116290000,24,28,0,0,28,28,596,0.9997
29628593,1769116296000,28,24,0,0,24,24,596,0.9997
29628594,1769116302000,24,28,0,0,28,28,596,0.9994
29628595,1769116308000,28,24,0,0,24,24,596,0.9997
29628596,1769116314000,21,28,0,0,28,28,596,0.9997
29628597,1769116320000,28,21,0,0,21,21,596,0.9997
29628598,1769116326000,25,28,0,0,28,28,596,0.9996
29628599,1769116332000,25,25,0,0,25,25,596,0.9996
29628600,1769116338000,21,25,0,0,25,25,596,0.9996
29628601,1769116344000,25,21,0,0,21,21,596,0.9997
29628602,1769116350000,22,25,0,0,25,25,596,0.9994
29628603,1769116356000,28,22,0,0,22,22,596,0.9998
29628604,1769116362000,25,28,0,0,28,28,596,0.9998
29628605,1769116368000,28,25,0,0,25,25,596,0.9998
29628606,1769116374000,23,28,0,0,28,28,596,0.9998
29628607,1769116380000,29,23,0,0,23,23,594,0.9998
29628608,1769116386000,24,29,0,0,29,29,596,0.9999
29628609,1769116392000,29,24,0,0,24,24,596,0.9999
29628610,1769116398000,23,29,0,0,29,29,595,0.9997
29628611,1769116404000,26,23,0,0,23,23,596,0.9999
29628612,1769116410000,22,26,0,0,26,26,596,0.9996
29628613,1769116416000,25,22,0,0,22,22,595,0.9998
29628614,1769116422000,24,25,0,0,25,25,596,0.9996
29628615,1769116428000,27,24,0,0,24,24,596,0.999
29628616,1769116434000,23,27,0,0,27,27,596,0.9993
29628617,1769116440000,30,23,0,0,23,23,595,0.9991
29628618,1769116446000,23,30,0,0,30,30,596,0.9992
29628619,1769116452000,29,23,0,0,23,23,597,0.9985
29628620,1769116458000,22,29,0,0,29,29,597,0.9988
29628621,1769116464000,29,22,0,0,22,22,597,0.9985
29628622,1769116470000,21,29,0,0,29,29,595,0.9947
29628623,1769116476000,29,21,0,0,21,21,597,0.9964
29628624,1769116482000,24,29,0,0,29,29,596,0.9974
29628625,1769116488000,30,24,0,0,24,24,596,0.9963
29628626,1769116494000,25,30,0,0,30,30,597,0.9964
29628627,1769116500000,29,25,0,0,25,25,597,0.9977
29628628,1769116506000,20,29,0,0,29,29,597,0.9981
29628629,1769116512000,26,20,0,0,20,20,596,0.9981
29628630,1769116518000,24,26,0,0,26,26,596,0.9994
29628631,1769116524000,25,24,0,0,24,24,596,0.9992
29628632,1769116530000,23,25,0,0,25,25,595,0.9979
29628633,1769116536000,28,23,0,0,23,23,596,0.9993
29628634,1769116542000,26,28,0,0,28,28,597,0.9984
29628635,1769116548000,26,26,0,0,26,26,597,0.9981
29628636,1769116554000,25,26,0,0,26,26,597,0.9983
29628637,1769116560000,30,25,0,0,25,25,596,0.9985
29628638,1769116566000,26,30,0,0,30,30,596,0.9996
29628639,1769116572000,28,26,0,0,26,26,597,0.9985
29628640,1769116578000,24,28,0,0,28,28,597,0.9984
29628641,1769116584000,28,24,0,0,24,24,597,0.9987
29628642,1769116590000,24,28,0,0,28,28,597,0.998
29628643,1769116596000,31,24,0,0,24,24,597,0.9981
29628644,1769116602000,24,31,0,0,31,31,597,0.9985
29628645,1769116608000,26,24,0,0,24,24,597,0.9988
29628646,1769116614000,25,26,0,0,26,26,597,0.9985
29628647,1769116620000,29,25,0,0,25,25,597,0.9986
29628648,1769116626000,22,29,0,0,29,29,596,0.9992
29628649,1769116632000,25,22,0,0,22,22,597,0.9986
29628650,1769116638000,25,25,0,0,25,25,596,0.9996
29628651,1769116644000,28,25,0,0,25,25,596,0.9995
29628652,1769116650000,24,28,0,0,28,28,597,0.9986
29628653,1769116656000,30,24,0,0,24,24,595,0.9981
29628654,1769116662000,25,30,0,0,30,30,597,0.9978
29628655,1769116668000,28,25,0,0,25,25,597,0.9985
29628656,1769116674000,19,28,0,0,28,28,597,0.9987
29628657,1769116680000,30,19,0,0,19,19,596,0.9993
29628658,1769116686000,24,30,0,0,30,30,596,0.9987
29628659,1769116692000,26,24,0,0,24,24,596,0.9993
29628660,1769116698000,24,26,0,0,26,26,597,0.9986
29628661,1769116704000,28,24,0,0,24,24,597,0.9983
29628662,1769116710000,24,28,0,0,28,28,597,0.9986
29628663,1769116716000,28,24,0,0,24,24,597,0.9987
29628664,1769116722000,24,28,0,0,28,28,597,0.9979
29628665,1769116728000,25,24,0,0,24,24,597,0.9971
29628666,1769116734000,24,25,0,0,25,25,597,0.9979
29628667,1769116740000,27,24,0,0,24,24,596,0.9994
29628668,1769116746000,22,27,0,0,27,27,597,0.999
29628669,1769116752000,28,22,0,0,22,22,596,0.9987
29628670,1769116758000,24,28,0,0,28,28,597,0.9983
29628671,1769116764000,28,24,0,0,24,24,597,0.9979
29628672,1769116770000,24,28,0,0,28,28,596,0.9974
29628673,1769116776000,31,24,0,0,24,24,597,0.9983
29628674,1769116782000,25,31,0,0,31,31,594,0.9981
29628675,1769116788000,27,25,0,0,25,25,597,0.9986
29628676,1769116794000,23,27,0,0,27,27,597,0.9982
29628677,1769116800000,29,23,0,0,23,23,597,0.9984
29628678,1769116806000,24,29,0,0,29,29,596,0.9997
29628679,1769116812000,28,24,0,0,24,24,597,0.998
29628680,1769116818000,22,28,0,0,28,28,597,0.9984
29628681,1769116824000,30,22,0,0,22,22,596,0.9997
29628682,1769116830000,20,30,0,0,30,30,596,0.9993
29628683,1769116836000,31,20,0,0,20,20,596,0.9996
29628684,1769116842000,20,31,0,0,31,31,596,0.9998
29628685,1769116848000,28,20,0,0,20,20,597,0.9977
29628686,1769116854000,23,28,0,0,28,28,596,0.9998
29628687,1769116860000,29,23,0,0,23,23,597,0.9985
29628688,1769116866000,22,29,0,0,29,29,596,0.9995
29628689,1769116872000,29,22,0,0,22,22,596,0.9997
29628690,1769116878000,23,29,0,0,29,29,596,0.9995
29628691,1769116884000,31,23,0,0,23,23,597,0.9983
29628692,1769116890000,23,31,0,0,31,31,596,0.9997
29628693,1769116896000,32,23,0,0,23,23,596,0.9988
29628694,1769116902000,24,32,0,0,32,32,597,0.998
29628695,1769116908000,31,24,0,0,24,24,597,0.9984
29628696,1769116914000,24,31,0,0,31,31,596,0.9997
29628697,1769116920000,29,24,0,0,24,24,597,0.9984
29628698,1769116926000,22,29,0,0,29,29,597,0.9977
29628699,1769116932000,27,22,0,0,22,22,595,0.9992
29628700,1769116938000,22,27,0,0,27,27,596,1
29628701,1769116944000,30,22,0,0,22,22,597,0.9985
29628702,1769116950000,22,30,0,0,30,30,597,0.9984
29628703,1769116956000,30,22,0,0,22,22,596,0.9998
29628704,1769116962000,22,30,0,0,30,30,596,0.999
29628705,1769116968000,26,22,0,0,22,22,596,0.9994
29628706,1769116974000,21,26,0,0,26,26,596,0.9977
29628707,1769116980000,28,21,0,0,21,21,596,0.9995
29628708,1769116986000,20,28,0,0,28,28,597,0.9984
29628709,1769116992000,29,20,0,0,20,20,597,0.9984
29628710,1769116998000,21,29,0,0,29,29,597,0.9986
29628711,1769117004000,30,21,0,0,21,21,596,0.999
29628712,1769117010000,21,30,0,0,30,30,597,0.9988
29628713,1769117016000,30,21,0,0,21,21,597,0.9985
29628714,1769117022000,24,30,0,0,30,30,597,0.9984
29628715,1769117028000,30,24,0,0,24,24,597,0.999
29628716,1769117034000,21,30,0,0,30,30,597,0.9985
29628717,1769117040000,29,21,0,0,21,21,597,0.9983
29628718,1769117046000,22,29,0,0,29,29,596,0.9998
29628719,1769117052000,26,22,0,0,22,22,597,0.9976
29628720,1769117058000,21,26,0,0,26,26,597,0.9982
29628721,1769117064000,30,21,0,0,21,21,596,0.9995
29628722,1769117070000,21,30,0,0,30,30,596,0.9997
29628723,1769117076000,30,21,0,0,21,21,597,0.9981
29628724,1769117082000,22,30,0,0,30,30,596,0.9999
29628725,1769117088000,29,22,0,0,22,22,597,0.9987
29628726,1769117094000,23,29,0,0,29,29,597,0.9987
29628727,1769117100000,30,23,0,0,23,23,596,0.9998
29628728,1769117106000,21,30,0,0,30,30,596,0.9998
29628729,1769117112000,30,21,0,0,21,21,596,0.9978
29628730,1769117118000,21,30,0,0,30,30,597,0.999
29628731,1769117124000,28,21,0,0,21,21,596,0.9998
29628732,1769117130000,20,28,0,0,28,28,597,0.9984
29628733,1769117136000,32,20,0,0,20,20,597,0.9975
29628734,1769117142000,22,32,0,0,32,32,597,0.9988
29628735,1769117148000,30,22,0,0,22,22,594,0.9983
29628736,1769117154000,23,30,0,0,30,30,597,0.9989
29628737,1769117160000,29,23,0,0,23,23,596,0.9987
29628738,1769117166000,23,29,0,0,29,29,597,0.9982
29628739,1769117172000,27,23,0,0,23,23,597,0.9983
29628740,1769117178000,20,27,0,0,27,27,597,0.9984
29628741,1769117184000,30,20,0,0,20,20,597,0.9976
29628742,1769117190000,24,30,0,0,30,30,597,0.998
29628743,1769117196000,28,24,0,0,24,24,597,0.9983
29628744,1769117202000,22,28,0,0,28,28,597,0.9984
29628745,1769117208000,29,22,0,0,22,22,597,0.9961
29628746,1769117214000,23,29,0,0,29,29,596,0.9976
29628747,1769117220000,31,23,0,0,23,23,597,0.9972
29628748,1769117226000,21,31,0,0,31,31,597,0.9988
29628749,1769117232000,29,21,0,0,21,21,596,0.9982
29628750,1769117238000,23,29,0,0,29,29,597,0.9975
29628751,1769117244000,30,23,0,0,23,23,597,0.9982
29628752,1769117250000,24,30,0,0,30,30,597,0.9984
29628753,1769117256000,30,24,0,0,24,24,597,0.997
29628754,1769117262000,25,30,0,0,30,30,597,0.9979
29628755,1769117268000,28,25,0,0,25,25,597,0.9974
29628756,1769117274000,23,28,0,0,28,28,597,0.9982
29628757,1769117280000,29,23,0,0,23,23,597,0.998
29628758,1769117286000,22,29,0,0,29,29,597,0.9985
29628759,1769117292000,28,22,0,0,22,22,596,0.9997
29628760,1769117298000,22,28,0,0,28,28,597,0.9986
29628761,1769117304000,26,22,0,0,22,22,597,0.9984
29628762,1769117310000,21,26,0,0,26,26,597,0.9986
29628763,1769117316000,29,21,0,0,21,21,597,0.9986
29628764,1769117322000,25,29,0,0,29,29,597,0.9987
29628765,1769117328000,28,25,0,0,25,25,597,0.9985
29628766,1769117334000,23,28,0,0,28,28,597,0.9984
29628767,1769117340000,27,23,0,0,23,23,597,0.9985
29628768,1769117346000,22,27,0,0,27,27,597,0.9985
29628769,1769117352000,28,22,0,0,22,22,597,0.9985
29628770,1769117358000,21,28,0,0,28,28,597,0.998
29628771,1769117364000,27,21,0,0,21,21,597,0.9981
29628772,1769117370000,25,27,0,0,27,27,597,0.9975
29628773,1769117376000,30,25,0,0,25,25,596,0.9992
29628774,1769117382000,22,30,0,0,30,30,597,0.9987
29628775,1769117388000,27,22,0,0,22,22,597,0.9987
29628776,1769117394000,25,27,0,0,27,27,597,0.9983
29628777,1769117400000,27,25,0,0,25,25,597,0.9988
29628778,1769117406000,23,27,0,0,27,27,597,0.9986
29628779,1769117412000,26,23,0,0,23,23,597,0.9986
29628780,1769117418000,21,26,0,0,26,26,596,0.9985
29628781,1769117424000,26,21,0,0,21,21,597,0.9989
29628782,1769117430000,22,26,0,0,26,26,596,0.9999
29628783,1769117436000,29,22,0,0,22,22,597,0.998
29628784,1769117442000,25,29,0,0,29,29,596,0.9998
29628785,1769117448000,26,25,0,0,25,25,597,0.9985
29628786,1769117454000,22,26,0,0,26,26,597,0.9984
29628787,1769117460000,26,22,0,0,22,22,597,0.9982
29628788,1769117466000,22,26,0,0,26,26,596,0.9989
29628789,1769117472000,24,22,0,0,22,22,596,0.9997
29628790,1769117478000,23,24,0,0,24,24,596,0.9996
29628791,1769117484000,25,23,0,0,23,23,596,0.9991
29628792,1769117490000,24,25,0,0,25,25,596,0.9993
29628793,1769117496000,28,24,0,0,24,24,596,0.9997
29628794,1769117502000,24,28,0,0,28,28,596,0.9996
29628795,1769117508000,24,24,0,0,24,24,597,0.9973
29628796,1769117514000,28,24,0,0,24,24,596,0.9999
29628797,1769117520000,28,28,0,0,28,28,596,0.9996
29628798,1769117526000,27,28,0,0,28,28,597,0.9986
29628799,1769117532000,28,27,0,0,27,27,596,0.9998
29628800,1769117538000,26,28,0,0,28,28,597,0.9989
29628801,1769117544000,27,26,0,0,26,26,596,0.9992
29628802,1769117550000,27,27,0,0,27,27,597,0.9983
29628803,1769117556000,29,27,0,0,27,27,597,0.9986
29628804,1769117562000,25,29,0,0,29,29,596,0.9989
29628805,1769117568000,28,25,0,0,25,25,597,0.9986
29628806,1769117574000,25,28,0,0,28,28,597,0.9989
29628807,1769117580000,26,25,0,0,25,25,597,0.998
29628808,1769117586000,27,26,0,0,26,26,596,0.9995
29628809,1769117592000,21,27,0,0,27,27,597,0.9983
29628810,1769117598000,27,21,0,0,21,21,597,0.9982
29628811,1769117604000,25,27,0,0,27,27,596,0.9983
29628812,1769117610000,29,25,0,0,25,25,597,0.9984
29628813,1769117616000,25,29,0,0,29,29,597,0.9986
29628814,1769117622000,31,25,0,0,25,25,596,0.9983
29628815,1769117628000,24,31,0,0,31,31,597,0.9986
29628816,1769117634000,28,24,0,0,24,24,597,0.9983
29628817,1769117640000,20,28,0,0,28,28,596,0.9994
29628818,1769117646000,27,20,0,0,20,20,597,0.9985
29628819,1769117652000,22,27,0,0,27,27,597,0.9985
29628820,1769117658000,27,22,0,0,22,22,597,0.9986
29628821,1769117664000,22,27,0,0,27,27,597,0.9983
29628822,1769117670000,29,22,0,0,22,22,597,0.9986
29628823,1769117676000,21,29,0,0,29,29,597,0.9985
29628824,1769117682000,27,21,0,0,21,21,596,0.9993
29628825,1769117688000,21,27,0,0,27,27,596,0.9999
29628826,1769117694000,29,21,0,0,21,21,596,0.9992
29628827,1769117700000,22,29,0,0,29,29,596,0.9996
29628828,1769117706000,31,22,0,0,22,22,596,0.9998
29628829,1769117712000,24,31,0,0,31,31,596,0.9996
29628830,1769117718000,31,24,0,0,24,24,596,0.9997
29628831,1769117724000,24,31,0,0,31,31,597,0.9984
29628832,1769117730000,31,24,0,0,24,24,597,0.9983
29628833,1769117736000,23,31,0,0,31,31,597,0.9985
29628834,1769117742000,33,23,0,0,23,23,597,0.9969
29628835,1769117748000,22,33,0,0,33,33,597,0.998
29628836,1769117754000,31,22,0,0,22,22,597,0.9986
29628837,1769117760000,21,31,0,0,31,31,597,0.9983
29628838,1769117766000,30,21,0,0,21,21,597,0.9986
29628839,1769117772000,22,30,0,0,30,30,596,0.9983
29628840,1769117778000,32,22,0,0,22,22,597,0.9986
29628841,1769117784000,22,32,0,0,32,32,597,0.9977
29628842,1769117790000,33,22,0,0,22,22,597,0.9985
29628843,1769117796000,21,33,0,0,33,33,597,0.998
29628844,1769117802000,27,21,0,0,21,21,597,0.9983
29628845,1769117808000,21,27,0,0,27,27,597,0.9987
29628846,1769117814000,30,21,0,0,21,21,597,0.9988
29628847,1769117820000,22,30,0,0,30,30,596,0.9985
29628848,1769117826000,29,22,0,0,22,22,597,0.9982
29628849,1769117832000,21,29,0,0,29,29,597,0.9988
29628850,1769117838000,26,21,0,0,21,21,597,0.9986
29628851,1769117844000,23,26,0,0,26,26,597,0.9988
29628852,1769117850000,32,23,0,0,23,23,596,0.9998
29628853,1769117856000,23,32,0,0,32,32,597,0.9987
29628854,1769117862000,30,23,0,0,23,23,597,0.9988
29628855,1769117868000,21,30,0,0,30,30,594,0.9999
29628856,1769117874000,28,21,0,0,21,21,596,0.9978
29628857,1769117880000,19,28,0,0,28,28,596,0.9982
29628858,1769117886000,28,19,0,0,19,19,596,0.998
29628859,1769117892000,21,28,0,0,28,28,596,0.9987
29628860,1769117898000,32,21,0,0,21,21,596,0.9982
29628861,1769117904000,20,32,0,0,32,32,595,0.9995
29628862,1769117910000,30,20,0,0,20,20,596,0.9966
29628863,1769117916000,20,30,0,0,30,30,596,0.998
29628864,1769117922000,29,20,0,0,20,20,595,0.9978
29628865,1769117928000,18,29,0,0,29,29,597,0.9983
29628866,1769117934000,31,18,0,0,18,18,596,0.9999
29628867,1769117940000,23,31,0,0,31,31,596,0.9996
29628868,1769117946000,30,23,0,0,23,23,597,0.998
29628869,1769117952000,23,30,0,0,30,30,596,0.9998
29628870,1769117958000,30,23,0,0,23,23,597,0.9985
29628871,1769117964000,22,30,0,0,30,30,597,0.9986
29628872,1769117970000,32,22,0,0,22,22,597,0.9986
29628873,1769117976000,23,32,0,0,32,32,597,0.9986
29628874,1769117982000,31,23,0,0,23,23,597,0.9986
29628875,1769117988000,21,31,0,0,31,31,597,0.9985
29628876,1769117994000,27,21,0,0,21,21,597,0.9984
29628877,1769118000000,22,27,0,0,27,27,595,0.9986
29628878,1769118006000,28,22,0,0,22,22,597,0.9984
29628879,1769118012000,19,28,0,0,28,28,597,0.9982
29628880,1769118018000,27,19,0,0,19,19,597,0.9983
29628881,1769118024000,19,27,0,0,27,27,597,0.9986
29628882,1769118030000,29,19,0,0,19,19,597,0.9983
29628883,1769118036000,19,29,0,0,29,29,596,0.9986
29628884,1769118042000,29,19,0,0,19,19,596,0.9988
29628885,1769118048000,19,29,0,0,29,29,596,0.9991
29628886,1769118054000,28,19,0,0,19,19,596,0.9998
29628887,1769118060000,20,28,0,0,28,28,596,0.9998
29628888,1769118066000,31,20,0,0,20,20,596,0.9996
29628889,1769118072000,21,31,0,0,31,31,596,0.9996
29628890,1769118078000,32,21,0,0,21,21,596,0.9998
29628891,1769118084000,23,32,0,0,32,32,597,0.9986
29628892,1769118090000,31,23,0,0,23,23,597,0.9985
29628893,1769118096000,21,31,0,0,31,31,596,0.9997
29628894,1769118102000,30,21,0,0,21,21,596,0.9994
29628895,1769118108000,24,30,0,0,30,30,597,0.9983
29628896,1769118114000,32,24,0,0,24,24,597,0.9981
29628897,1769118120000,23,32,0,0,32,32,596,0.9994
29628898,1769118126000,30,23,0,0,23,23,597,0.9982
29628899,1769118132000,22,30,0,0,30,30,596,0.9997
29628900,1769118138000,33,22,0,0,22,22,597,0.9984
29628901,1769118144000,20,33,0,0,33,33,597,0.9985
29628902,1769118150000,30,20,0,0,20,20,597,0.9978
29628903,1769118156000,22,30,0,0,30,30,597,0.9975
29628904,1769118162000,30,22,0,0,22,22,597,0.9979
29628905,1769118168000,22,30,0,0,30,30,597,0.9982
29628906,1769118174000,29,22,0,0,22,22,596,0.9976
29628907,1769118180000,19,29,0,0,29,29,596,0.9996
29628908,1769118186000,28,19,0,0,19,19,596,0.9998
29628909,1769118192000,20,28,0,0,28,28,596,0.9996
29628910,1769118198000,29,20,0,0,20,20,597,0.9977
29628911,1769118204000,20,29,0,0,29,29,597,0.9983
29628912,1769118210000,28,20,0,0,20,20,597,0.9983
29628913,1769118216000,18,28,0,0,28,28,597,0.9982
29628914,1769118222000,31,18,0,0,18,18,597,0.9981
29628915,1769118228000,19,31,0,0,31,31,597,0.9975
29628916,1769118234000,30,19,0,0,19,19,597,0.998
29628917,1769118240000,20,30,0,0,30,30,596,0.9998
29628918,1769118246000,31,20,0,0,20,20,597,0.9983
29628919,1769118252000,20,31,0,0,31,31,597,0.9983
29628920,1769118258000,31,20,0,0,20,20,597,0.9987
29628921,1769118264000,20,31,0,0,31,31,594,0.9993
29628922,1769118270000,31,20,0,0,20,20,596,0.999
29628923,1769118276000,21,31,0,0,31,31,597,0.9984
29628924,1769118282000,31,21,0,0,21,21,597,0.9981
29628925,1769118288000,20,31,0,0,31,31,596,0.9996
29628926,1769118294000,29,20,0,0,20,20,597,0.9987
29628927,1769118300000,19,29,0,0,29,29,597,0.9985
29628928,1769118306000,29,19,0,0,19,19,597,0.9983
29628929,1769118312000,24,29,0,0,29,29,597,0.9985
29628930,1769118318000,31,24,0,0,24,24,597,0.9985
29628931,1769118324000,24,31,0,0,31,31,597,0.9987
29628932,1769118330000,32,24,0,0,24,24,597,0.9983
29628933,1769118336000,24,32,0,0,32,32,596,0.9996
29628934,1769118342000,29,24,0,0,24,24,596,0.9994
29628935,1769118348000,21,29,0,0,29,29,597,0.9985
29628936,1769118354000,30,21,0,0,21,21,595,0.9995
29628937,1769118360000,22,30,0,0,30,30,597,0.9983
29628938,1769118366000,31,22,0,0,22,22,597,0.9986
29628939,1769118372000,20,31,0,0,31,31,597,0.9983
29628940,1769118378000,29,20,0,0,20,20,597,0.9983
29628941,1769118384000,21,29,0,0,29,29,597,0.9982
29628942,1769118390000,32,21,0,0,21,21,597,0.9953
29628943,1769118396000,20,32,0,0,32,32,597,0.9982
29628944,1769118402000,30,20,0,0,20,20,597,0.9986
29628945,1769118408000,20,30,0,0,30,30,597,0.9985
29628946,1769118414000,31,20,0,0,20,20,597,0.9985
29628947,1769118420000,19,31,0,0,31,31,595,0.9981
29628948,1769118426000,32,19,0,0,19,19,597,0.9981
29628949,1769118432000,21,32,0,0,32,32,597,0.9982
29628950,1769118438000,32,21,0,0,21,21,597,0.9983
29628951,1769118444000,21,32,0,0,32,32,597,0.9982
29628952,1769118450000,32,21,0,0,21,21,597,0.9982
29628953,1769118456000,22,32,0,0,32,32,596,0.9999
29628954,1769118462000,33,22,0,0,22,22,597,0.9984
29628955,1769118468000,21,33,0,0,33,33,594,0.9979
29628956,1769118474000,33,21,0,0,21,21,597,0.9983
29628957,1769118480000,20,33,0,0,33,33,596,0.9984
29628958,1769118486000,29,20,0,0,20,20,596,0.9983
29628959,1769118492000,22,29,0,0,29,29,597,0.9981
29628960,1769118498000,31,22,0,0,22,22,596,0.9997
29628961,1769118504000,19,31,0,0,31,31,596,0.9996
29628962,1769118510000,31,19,0,0,19,19,597,0.9981
29628963,1769118516000,20,31,0,0,31,31,596,0.9997
29628964,1769118522000,31,20,0,0,20,20,597,0.9986
29628965,1769118528000,21,31,0,0,31,31,597,0.9983
29628966,1769118534000,33,21,0,0,21,21,597,0.9986
29628967,1769118540000,21,33,0,0,33,33,596,0.9991
29628968,1769118546000,33,21,0,0,21,21,596,0.9999
29628969,1769118552000,22,33,0,0,33,33,596,0.9985
29628970,1769118558000,31,22,0,0,22,22,597,0.9986
29628971,1769118564000,22,31,0,0,31,31,597,0.9985
29628972,1769118570000,32,22,0,0,22,22,596,0.9999
29628973,1769118576000,21,32,0,0,32,32,596,0.9994
29628974,1769118582000,32,21,0,0,21,21,594,0.9994
29628975,1769118588000,20,32,0,0,32,32,596,0.9996
29628976,1769118594000,30,20,0,0,20,20,597,0.9983
29628977,1769118600000,22,30,0,0,30,30,597,0.9977
29628978,1769118606000,32,22,0,0,22,22,596,0.9991
29628979,1769118612000,20,32,0,0,32,32,597,0.9982
29628980,1769118618000,33,20,0,0,20,20,597,0.9985
29628981,1769118624000,19,33,0,0,33,33,596,0.9993
29628982,1769118630000,31,19,0,0,19,19,594,0.9981
29628983,1769118636000,20,31,0,0,31,31,597,0.9983
29628984,1769118642000,30,20,0,0,20,20,597,0.9982
29628985,1769118648000,19,30,0,0,30,30,596,0.9998
29628986,1769118654000,33,19,0,0,19,19,597,0.9986
29628987,1769118660000,20,33,0,0,33,33,597,0.9984
29628988,1769118666000,31,20,0,0,20,20,597,0.9975
29628989,1769118672000,21,31,0,0,31,31,597,0.9985
29628990,1769118678000,29,21,0,0,21,21,597,0.9986
29628991,1769118684000,23,29,0,0,29,29,597,0.9983
29628992,1769118690000,33,23,0,0,23,23,597,0.9986
29628993,1769118696000,22,33,0,0,33,33,596,0.9994
29628994,1769118702000,33,22,0,0,22,22,597,0.9984
29628995,1769118708000,20,33,0,0,33,33,596,0.9994
29628996,1769118714000,30,20,0,0,20,20,596,0.9997
29628997,1769118720000,19,30,0,0,30,30,596,0.9996
29628998,1769118726000,29,19,0,0,19,19,596,0.9989
29628999,1769118732000,19,29,0,0,29,29,597,0.9983
29629000,1769118738000,28,19,0,0,19,19,596,0.9996
29629001,1769118744000,20,28,0,0,28,28,597,0.9984
29629002,1769118750000,31,20,0,0,20,20,596,0.9996
29629003,1769118756000,20,31,0,0,31,31,597,0.9986
29629004,1769118762000,31,20,0,0,20,20,596,0.998
29629005,1769118768000,21,31,0,0,31,31,597,0.9982
29629006,1769118774000,30,21,0,0,21,21,597,0.9986
29629007,1769118780000,21,30,0,0,30,30,597,0.9985
29629008,1769118786000,29,21,0,0,21,21,596,0.9986
29629009,1769118792000,19,29,0,0,29,29,596,0.9997
29629010,1769118798000,31,19,0,0,19,19,596,0.9998
29629011,1769118804000,19,31,0,0,31,31,597,0.9984
29629012,1769118810000,31,19,0,0,19,19,597,0.9984
29629013,1769118816000,21,31,0,0,31,31,597,0.9984
29629014,1769118822000,32,21,0,0,21,21,596,0.9998
29629015,1769118828000,20,32,0,0,32,32,596,0.998
29629016,1769118834000,32,20,0,0,20,20,597,0.9981
29629017,1769118840000,19,32,0,0,32,32,597,0.9977
29629018,1769118846000,28,19,0,0,19,19,596,0.9997
29629019,1769118852000,21,28,0,0,28,28,597,0.9986
29629020,1769118858000,34,21,0,0,21,21,597,0.9984
29629021,1769118864000,20,34,0,0,34,34,597,0.9986
29629022,1769118870000,34,20,0,0,20,20,597,0.9986
29629023,1769118876000,21,34,0,0,34,34,597,0.9987
29629024,1769118882000,32,21,0,0,21,21,597,0.9984
29629025,1769118888000,18,32,0,0,32,32,597,0.9986
29629026,1769118894000,29,18,0,0,18,18,597,0.9975
29629027,1769118900000,21,29,0,0,29,29,597,0.9987
29629028,1769118906000,31,21,0,0,21,21,597,0.9988
29629029,1769118912000,22,31,0,0,31,31,597,0.9988
29629030,1769118918000,31,22,0,0,22,22,597,0.9988
29629031,1769118924000,21,31,0,0,31,31,597,0.9988
29629032,1769118930000,32,21,0,0,21,21,597,0.9985
29629033,1769118936000,19,32,0,0,32,32,597,0.9984
29629034,1769118942000,32,19,0,0,19,19,597,0.9986
29629035,1769118948000,20,32,0,0,32,32,597,0.9983
29629036,1769118954000,31,20,0,0,20,20,597,0.9984
29629037,1769118960000,21,31,0,0,31,31,597,0.9983
29629038,1769118966000,32,21,0,0,21,21,597,0.9975
29629039,1769118972000,21,32,0,0,32,32,597,0.9986
29629040,1769118978000,34,21,0,0,21,21,597,0.9985
29629041,1769118984000,21,34,0,0,34,34,597,0.998
29629042,1769118990000,31,21,0,0,21,21,597,0.9982
29629043,1769118996000,21,31,0,0,31,31,597,0.9986
29629044,1769119002000,33,21,0,0,21,21,597,0.9983
29629045,1769119008000,20,33,0,0,33,33,597,0.9985
29629046,1769119014000,31,20,0,0,20,20,597,0.9983
29629047,1769119020000,24,31,0,0,31,31,597,0.9978
29629048,1769119026000,26,24,0,0,24,24,597,0.9978
29629049,1769119032000,22,26,0,0,26,26,597,0.9974
29629050,1769119038000,24,22,0,0,22,22,597,0.9986
29629051,1769119044000,29,24,0,0,24,24,597,0.9981
29629052,1769119050000,22,29,0,0,29,29,597,0.9984
29629053,1769119056000,28,22,0,0,22,22,597,0.9982
29629054,1769119062000,23,28,0,0,28,28,597,0.9983
29629055,1769119068000,29,23,0,0,23,23,597,0.9986
29629056,1769119074000,23,29,0,0,29,29,597,0.9983
29629057,1769119080000,28,23,0,0,23,23,597,0.9978
29629058,1769119086000,23,28,0,0,28,28,597,0.9984
29629059,1769119092000,27,23,0,0,23,23,597,0.9988
29629060,1769119098000,24,27,0,0,27,27,597,0.9985
29629061,1769119104000,31,24,0,0,24,24,597,0.9985
29629062,1769119110000,24,31,0,0,31,31,597,0.9986
29629063,1769119116000,31,24,0,0,24,24,597,0.9987
29629064,1769119122000,24,31,0,0,31,31,597,0.9988
29629065,1769119128000,26,24,0,0,24,24,597,0.9967
29629066,1769119134000,21,26,0,0,26,26,596,0.9995
29629067,1769119140000,26,21,0,0,21,21,597,0.9986
29629068,1769119146000,24,26,0,0,26,26,597,0.9985
29629069,1769119152000,25,24,0,0,24,24,596,0.9999
29629070,1769119158000,23,25,0,0,25,25,595,0.9983
29629071,1769119164000,26,23,0,0,23,23,597,0.998
29629072,1769119170000,21,26,0,0,26,26,597,0.9985
29629073,1769119176000,27,21,0,0,21,21,596,0.9998
29629074,1769119182000,27,27,0,0,27,27,597,0.9986
29629075,1769119188000,25,27,0,0,27,27,597,0.9983
29629076,1769119194000,24,25,0,0,25,25,596,0.9999
29629077,1769119200000,22,24,0,0,24,24,597,0.9986
29629078,1769119206000,26,22,0,0,22,22,597,0.9986
29629079,1769119212000,22,26,0,0,26,26,597,0.9985
29629080,1769119218000,30,22,0,0,22,22,597,0.9982
29629081,1769119224000,24,30,0,0,30,30,596,0.9984
29629082,1769119230000,27,24,0,0,24,24,597,0.9981
29629083,1769119236000,21,27,0,0,27,27,597,0.9985
29629084,1769119242000,31,21,0,0,21,21,597,0.9981
29629085,1769119248000,23,31,0,0,31,31,597,0.9983
29629086,1769119254000,29,23,0,0,23,23,597,0.9984
29629087,1769119260000,22,29,0,0,29,29,596,0.9997
29629088,1769119266000,28,22,0,0,22,22,597,0.9982
29629089,1769119272000,24,28,0,0,28,28,596,0.9983
29629090,1769119278000,31,24,0,0,24,24,596,0.9984
29629091,1769119284000,24,31,0,0,31,31,596,0.9985
29629092,1769119290000,31,24,0,0,24,24,597,0.9976
29629093,1769119296000,23,31,0,0,31,31,597,0.9984
29629094,1769119302000,29,23,0,0,23,23,596,0.9883
29629095,1769119308000,24,29,0,0,29,29,597,0.9974
29629096,1769119314000,25,24,0,0,24,24,597,0.9983
29629097,1769119320000,24,25,0,0,25,25,597,0.9984
29629098,1769119326000,24,24,0,0,24,24,597,0.9985
29629099,1769119332000,25,24,0,0,24,24,597,0.9984
29629100,1769119338000,25,25,0,0,25,25,597,0.9985
29629101,1769119344000,26,25,0,0,25,25,597,0.9987
29629102,1769119350000,23,26,0,0,26,26,597,0.9983
29629103,1769119356000,23,23,0,0,23,23,597,0.9986
29629104,1769119362000,22,23,0,0,23,23,597,0.9984
29629105,1769119368000,24,22,0,0,22,22,597,0.9985
29629106,1769119374000,21,24,0,0,24,24,597,0.998
29629107,1769119380000,23,21,0,0,21,21,597,0.9983
29629108,1769119386000,22,23,0,0,23,23,597,0.9981
29629109,1769119392000,26,22,0,0,22,22,596,0.9995
29629110,1769119398000,22,26,0,0,26,26,597,0.9983
29629111,1769119404000,24,22,0,0,22,22,596,0.9998
29629112,1769119410000,26,24,0,0,24,24,597,0.9983
29629113,1769119416000,27,26,0,0,26,26,597,0.9983
29629114,1769119422000,21,27,0,0,27,27,597,0.9983
29629115,1769119428000,26,21,0,0,21,21,597,0.9986
29629116,1769119434000,26,26,0,0,26,26,596,0.9998
29629117,1769119440000,28,26,0,0,26,26,597,0.9982
29629118,1769119446000,24,28,0,0,28,28,597,0.9984
29629119,1769119452000,30,24,0,0,24,24,597,0.998
29629120,1769119458000,23,30,0,0,30,30,597,0.9981
29629121,1769119464000,27,23,0,0,23,23,597,0.9985
29629122,1769119470000,25,27,0,0,27,27,597,0.9984
29629123,1769119476000,27,25,0,0,25,25,596,0.9998
29629124,1769119482000,24,27,0,0,27,27,597,0.9983
29629125,1769119488000,25,24,0,0,24,24,597,0.9984
29629126,1769119494000,24,25,0,0,25,25,597,0.9981
29629127,1769119500000,26,24,0,0,24,24,597,0.9969
29629128,1769119506000,24,26,0,0,26,26,597,0.9984
29629129,1769119512000,28,24,0,0,24,24,596,0.999
29629130,1769119518000,22,28,0,0,28,28,597,0.9982
29629131,1769119524000,28,22,0,0,22,22,596,0.9999
29629132,1769119530000,23,28,0,0,28,28,596,0.9996
29629133,1769119536000,29,23,0,0,23,23,596,0.9994
29629134,1769119542000,24,29,0,0,29,29,596,0.9998
29629135,1769119548000,27,24,0,0,24,24,597,0.9983
29629136,1769119554000,24,27,0,0,27,27,597,0.9979
29629137,1769119560000,31,24,0,0,24,24,596,0.9995
29629138,1769119566000,24,31,0,0,31,31,596,0.9995
29629139,1769119572000,30,24,0,0,24,24,596,0.9992
29629140,1769119578000,26,30,0,0,30,30,596,0.9985
29629141,1769119584000,28,26,0,0,26,26,597,0.9986
29629142,1769119590000,24,28,0,0,28,28,596,0.9998
29629143,1769119596000,28,24,0,0,24,24,596,0.9997
29629144,1769119602000,24,28,0,0,28,28,597,0.9985
29629145,1769119608000,25,24,0,0,24,24,597,0.9987
29629146,1769119614000,24,25,0,0,25,25,597,0.9981
29629147,1769119620000,28,24,0,0,24,24,596,0.9997
29629148,1769119626000,25,28,0,0,28,28,597,0.9983
29629149,1769119632000,27,25,0,0,25,25,597,0.9983
29629150,1769119638000,21,27,0,0,27,27,597,0.9982
29629151,1769119644000,27,21,0,0,21,21,597,0.9982
29629152,1769119650000,24,27,0,0,27,27,597,0.9984
29629153,1769119656000,27,24,0,0,24,24,596,0.9985
29629154,1769119662000,24,27,0,0,27,27,596,0.9999
29629155,1769119668000,28,24,0,0,24,24,596,0.9987
29629156,1769119674000,25,28,0,0,28,28,596,0.9998
29629157,1769119680000,23,25,0,0,25,25,596,0.9999
29629158,1769119686000,27,23,0,0,23,23,597,0.9987
29629159,1769119692000,23,27,0,0,27,27,597,0.9984
29629160,1769119698000,30,23,0,0,23,23,597,0.9987
29629161,1769119704000,24,30,0,0,30,30,597,0.9985
29629162,1769119710000,29,24,0,0,24,24,597,0.9984
29629163,1769119716000,25,29,0,0,29,29,597,0.9976
29629164,1769119722000,26,25,0,0,25,25,596,0.9991
29629165,1769119728000,23,26,0,0,26,26,596,1
29629166,1769119734000,28,23,0,0,23,23,595,0.9993
29629167,1769119740000,26,28,0,0,28,28,596,0.9999
29629168,1769119746000,30,26,0,0,26,26,597,0.9984
29629169,1769119752000,22,30,0,0,30,30,597,0.9988
29629170,1769119758000,29,22,0,0,22,22,596,0.9999
29629171,1769119764000,25,29,0,0,29,29,597,0.9987
29629172,1769119770000,30,25,0,0,25,25,596,0.9998
29629173,1769119776000,24,30,0,0,30,30,597,0.9988
29629174,1769119782000,28,24,0,0,24,24,597,0.9985
29629175,1769119788000,26,28,0,0,28,28,597,0.9985
29629176,1769119794000,27,26,0,0,26,26,597,0.9986
29629177,1769119800000,24,27,0,0,27,27,597,0.9987
29629178,1769119806000,28,24,0,0,24,24,596,0.9999
29629179,1769119812000,26,28,0,0,28,28,596,0.9999
29629180,1769119818000,29,26,0,0,26,26,596,0.9983
29629181,1769119824000,24,29,0,0,29,29,597,0.9983
29629182,1769119830000,28,24,0,0,24,24,597,0.9985
29629183,1769119836000,21,28,0,0,28,28,597,0.9986
29629184,1769119842000,29,21,0,0,21,21,597,0.9984
29629185,1769119848000,23,29,0,0,29,29,596,0.9992
29629186,1769119854000,28,23,0,0,23,23,596,0.9998
29629187,1769119860000,23,28,0,0,28,28,596,0.9999
29629188,1769119866000,26,23,0,0,23,23,596,1
29629189,1769119872000,22,26,0,0,26,26,597,0.9984
29629190,1769119878000,30,22,0,0,22,22,596,1
29629191,1769119884000,22,30,0,0,30,30,597,0.9984
29629192,1769119890000,28,22,0,0,22,22,597,0.9982
29629193,1769119896000,23,28,0,0,28,28,596,0.9999
29629194,1769119902000,29,23,0,0,23,23,596,0.9999
29629195,1769119908000,22,29,0,0,29,29,597,0.9983
29629196,1769119914000,27,22,0,0,22,22,596,0.9996
29629197,1769119920000,21,27,0,0,27,27,596,0.9998
29629198,1769119926000,29,21,0,0,21,21,596,0.9997
29629199,1769119932000,22,29,0,0,29,29,597,0.9986
29629200,1769119938000,27,22,0,0,22,22,597,0.9971
29629201,1769119944000,22,27,0,0,27,27,597,0.9931
29629202,1769119950000,31,22,0,0,22,22,597,0.9951
29629203,1769119956000,20,31,0,0,31,31,597,0.9968
29629204,1769119962000,27,20,0,0,20,20,597,0.9978
29629205,1769119968000,21,27,0,0,27,27,596,0.9996
29629206,1769119974000,27,21,0,0,21,21,597,0.9982
29629207,1769119980000,21,27,0,0,27,27,597,0.9986
29629208,1769119986000,30,21,0,0,21,21,597,0.9987
29629209,1769119992000,21,30,0,0,30,30,597,0.9987
29629210,1769119998000,30,21,0,0,21,21,597,0.9986
29629211,1769120004000,22,30,0,0,30,30,596,0.9998
29629212,1769120010000,30,22,0,0,22,22,597,0.9986
29629213,1769120016000,21,30,0,0,30,30,597,0.9986
29629214,1769120022000,27,21,0,0,21,21,597,0.9986
29629215,1769120028000,0,0,0,0,0,0,257,0
29629216,1769120034000,23,27,0,0,27,27,597,0.9988
29629217,1769120040000,27,23,0,0,23,23,597,0.9987
29629218,1769120046000,25,27,0,0,27,27,597,0.9984
29629219,1769120052000,27,25,0,0,25,25,597,0.9981
29629220,1769120058000,26,27,0,0,27,27,597,0.9984
29629221,1769120064000,27,26,0,0,26,26,597,0.9981
29629222,1769120070000,27,27,0,0,27,27,596,0.9997
29629223,1769120076000,25,27,0,0,27,27,597,0.9983
29629224,1769120082000,26,25,0,0,25,25,597,0.9979
29629225,1769120088000,25,26,0,0,26,26,597,0.9981
29629226,1769120094000,26,25,0,0,25,25,597,0.9981
29629227,1769120100000,27,26,0,0,26,26,597,0.9985
29629228,1769120106000,27,27,0,0,27,27,597,0.9984
29629229,1769120112000,28,27,0,0,27,27,597,0.9985
29629230,1769120118000,25,28,0,0,28,28,596,0.9993
29629231,1769120124000,31,25,0,0,25,25,597,0.998
29629232,1769120130000,24,31,0,0,31,31,597,0.9982
29629233,1769120136000,31,24,0,0,24,24,597,0.9986
29629234,1769120142000,24,31,0,0,31,31,596,0.9996
29629235,1769120148000,30,24,0,0,24,24,596,0.9994
29629236,1769120154000,21,30,0,0,30,30,596,0.9994
29629237,1769120160000,30,21,0,0,21,21,597,0.9985
29629238,1769120166000,22,30,0,0,30,30,597,0.9963
29629239,1769120172000,31,22,0,0,22,22,597,0.9979
29629240,1769120178000,22,31,0,0,31,31,596,0.9995
29629241,1769120184000,30,22,0,0,22,22,597,0.9986
29629242,1769120190000,21,30,0,0,30,30,597,0.9983
29629243,1769120196000,28,21,0,0,21,21,597,0.9978
29629244,1769120202000,21,28,0,0,28,28,597,0.9982
29629245,1769120208000,27,21,0,0,21,21,597,0.9978
29629246,1769120214000,22,27,0,0,27,27,597,0.9981
29629247,1769120220000,27,22,0,0,22,22,596,0.9996
29629248,1769120226000,22,27,0,0,27,27,596,0.9995
29629249,1769120232000,29,22,0,0,22,22,597,0.9973
29629250,1769120238000,22,29,0,0,29,29,596,0.9998
29629251,1769120244000,30,22,0,0,22,22,597,0.9985
29629252,1769120250000,21,30,0,0,30,30,595,0.9987
29629253,1769120256000,28,21,0,0,21,21,597,0.9984
29629254,1769120262000,22,28,0,0,28,28,597,0.9986
29629255,1769120268000,28,22,0,0,22,22,597,0.9976
29629256,1769120274000,23,28,0,0,28,28,597,0.9981
29629257,1769120280000,32,23,0,0,23,23,596,0.9993
29629258,1769120286000,20,32,0,0,32,32,596,0.9996
29629259,1769120292000,29,20,0,0,20,20,596,0.9991
29629260,1769120298000,23,29,0,0,29,29,597,0.9979
29629261,1769120304000,29,23,0,0,23,23,597,0.9983
29629262,1769120310000,23,29,0,0,29,29,597,0.9973
29629263,1769120316000,29,23,0,0,23,23,597,0.9977
29629264,1769120322000,21,29,0,0,29,29,597,0.9984
29629265,1769120328000,27,21,0,0,21,21,596,0.9994
29629266,1769120334000,22,27,0,0,27,27,597,0.9984
29629267,1769120340000,28,22,0,0,22,22,597,0.9985
29629268,1769120346000,20,28,0,0,28,28,596,0.9996
29629269,1769120352000,28,20,0,0,20,20,597,0.9978
29629270,1769120358000,21,28,0,0,28,28,597,0.9984
29629271,1769120364000,26,21,0,0,21,21,597,0.9986
29629272,1769120370000,18,26,0,0,26,26,596,0.9986
29629273,1769120376000,27,18,0,0,18,18,597,0.998
29629274,1769120382000,20,27,0,0,27,27,596,0.9999
29629275,1769120388000,30,20,0,0,20,20,596,0.9994
29629276,1769120394000,20,30,0,0,30,30,597,0.9983
29629277,1769120400000,29,20,0,0,20,20,597,0.9984
29629278,1769120406000,21,29,0,0,29,29,596,0.9997
29629279,1769120412000,27,21,0,0,21,21,596,0.9998
29629280,1769120418000,20,27,0,0,27,27,597,0.998
29629281,1769120424000,28,20,0,0,20,20,597,0.9981
29629282,1769120430000,22,28,0,0,28,28,597,0.9983
29629283,1769120436000,28,22,0,0,22,22,597,0.9986
29629284,1769120442000,21,28,0,0,28,28,597,0.9984
29629285,1769120448000,25,21,0,0,21,21,596,0.9998
29629286,1769120454000,22,25,0,0,25,25,597,0.9972
29629287,1769120460000,27,22,0,0,22,22,597,0.9979
29629288,1769120466000,25,27,0,0,27,27,597,0.9986
29629289,1769120472000,26,25,0,0,25,25,596,0.9991
29629290,1769120478000,25,26,0,0,26,26,597,0.9983
29629291,1769120484000,25,25,0,0,25,25,597,0.9979
29629292,1769120490000,25,25,0,0,25,25,597,0.9986
29629293,1769120496000,25,25,0,0,25,25,597,0.9988
29629294,1769120502000,25,25,0,0,25,25,597,0.9985
29629295,1769120508000,23,25,0,0,25,25,597,0.9985
29629296,1769120514000,27,23,0,0,23,23,597,0.9981
29629297,1769120520000,23,27,0,0,27,27,596,0.9996
29629298,1769120526000,26,23,0,0,23,23,597,0.998
29629299,1769120532000,25,26,0,0,26,26,596,0.9983
29629300,1769120538000,28,25,0,0,25,25,597,0.9983
29629301,1769120544000,25,28,0,0,28,28,596,0.9996
29629302,1769120550000,27,25,0,0,25,25,597,0.9983
29629303,1769120556000,26,27,0,0,27,27,597,0.9968
29629304,1769120562000,25,26,0,0,26,26,597,0.998
29629305,1769120568000,27,25,0,0,25,25,596,0.9998
29629306,1769120574000,25,27,0,0,27,27,597,0.9979
29629307,1769120580000,24,25,0,0,25,25,597,0.9985
29629308,1769120586000,28,24,0,0,24,24,597,0.9986
29629309,1769120592000,24,28,0,0,28,28,597,0.9984
29629310,1769120598000,28,24,0,0,24,24,597,0.9984
29629311,1769120604000,20,28,0,0,28,28,597,0.9986
29629312,1769120610000,26,20,0,0,20,20,597,0.9985
29629313,1769120616000,23,26,0,0,26,26,594,0.9995
29629314,1769120622000,30,23,0,0,23,23,597,0.9983
29629315,1769120628000,23,30,0,0,30,30,596,0.9998
29629316,1769120634000,28,23,0,0,23,23,596,0.9994
29629317,1769120640000,21,28,0,0,28,28,597,0.9982
29629318,1769120646000,27,21,0,0,21,21,597,0.9985
29629319,1769120652000,20,27,0,0,27,27,597,0.9979
29629320,1769120658000,28,20,0,0,20,20,597,0.9983
29629321,1769120664000,23,28,0,0,28,28,596,0.9998
29629322,1769120670000,27,23,0,0,23,23,596,0.9994
29629323,1769120676000,21,27,0,0,27,27,597,0.9986
29629324,1769120682000,23,21,0,0,21,21,597,0.9986
29629325,1769120688000,22,23,0,0,23,23,597,0.9975
29629326,1769120694000,27,22,0,0,22,22,597,0.9989
29629327,1769120700000,22,27,0,0,27,27,597,0.9985
29629328,1769120706000,30,22,0,0,22,22,597,0.9986
29629329,1769120712000,23,30,0,0,30,30,596,0.9998
29629330,1769120718000,29,23,0,0,23,23,597,0.9988
29629331,1769120724000,23,29,0,0,29,29,597,0.9983
29629332,1769120730000,26,23,0,0,23,23,597,0.9986
29629333,1769120736000,22,26,0,0,26,26,597,0.9986
29629334,1769120742000,29,22,0,0,22,22,597,0.9985
29629335,1769120748000,21,29,0,0,29,29,597,0.9983
29629336,1769120754000,29,21,0,0,21,21,597,0.9982
29629337,1769120760000,22,29,0,0,29,29,597,0.998
29629338,1769120766000,27,22,0,0,22,22,597,0.9982
29629339,1769120772000,23,27,0,0,27,27,597,0.9984
29629340,1769120778000,28,23,0,0,23,23,597,0.9976
29629341,1769120784000,19,28,0,0,28,28,596,0.9999
29629342,1769120790000,25,19,0,0,19,19,597,0.9974
29629343,1769120796000,23,25,0,0,25,25,596,0.9999
29629344,1769120802000,31,23,0,0,23,23,597,0.9985
29629345,1769120808000,22,31,0,0,31,31,596,0.9998
29629346,1769120814000,29,22,0,0,22,22,597,0.9985
29629347,1769120820000,21,29,0,0,29,29,597,0.998
29629348,1769120826000,27,21,0,0,21,21,597,0.9983
29629349,1769120832000,23,27,0,0,27,27,597,0.998
29629350,1769120838000,29,23,0,0,23,23,597,0.9986
29629351,1769120844000,20,29,0,0,29,29,597,0.9984
29629352,1769120850000,27,20,0,0,20,20,596,0.998
29629353,1769120856000,19,27,0,0,27,27,597,0.9983
29629354,1769120862000,25,19,0,0,19,19,596,0.9996
29629355,1769120868000,20,25,0,0,25,25,597,0.9982
29629356,1769120874000,31,20,0,0,20,20,597,0.9982
29629357,1769120880000,23,31,0,0,31,31,597,0.9984
29629358,1769120886000,30,23,0,0,23,23,597,0.9982
29629359,1769120892000,24,30,0,0,30,30,597,0.9983
29629360,1769120898000,26,24,0,0,24,24,597,0.9985
29629361,1769120904000,22,26,0,0,26,26,596,0.9993
29629362,1769120910000,30,22,0,0,22,22,595,0.9985
29629363,1769120916000,24,30,0,0,30,30,596,0.9997
29629364,1769120922000,29,24,0,0,24,24,596,0.9999
29629365,1769120928000,23,29,0,0,29,29,597,0.9981
29629366,1769120934000,28,23,0,0,23,23,597,0.998
29629367,1769120940000,22,28,0,0,28,28,596,0.999
29629368,1769120946000,26,22,0,0,22,22,597,0.9978
29629369,1769120952000,23,26,0,0,26,26,596,0.9995
29629370,1769120958000,29,23,0,0,23,23,596,0.9996
29629371,1769120964000,22,29,0,0,29,29,597,0.9981
29629372,1769120970000,25,22,0,0,22,22,597,0.9982
29629373,1769120976000,24,25,0,0,25,25,596,0.9999
29629374,1769120982000,29,24,0,0,24,24,597,0.9983
29629375,1769120988000,24,29,0,0,29,29,597,0.9982
29629376,1769120994000,22,24,0,0,24,24,596,0.9999
29629377,1769121000000,21,22,0,0,22,22,596,0.9998
29629378,1769121006000,22,21,0,0,21,21,596,0.9998
29629379,1769121012000,24,22,0,0,22,22,597,0.9988
29629380,1769121018000,27,24,0,0,24,24,597,0.9978
29629381,1769121024000,24,27,0,0,27,27,597,0.9986
29629382,1769121030000,21,24,0,0,24,24,597,0.9983
29629383,1769121036000,23,21,0,0,21,21,596,0.9998
29629384,1769121042000,23,23,0,0,23,23,596,0.9997
29629385,1769121048000,27,23,0,0,23,23,596,0.9994
29629386,1769121054000,24,27,0,0,27,27,596,0.9998
29629387,1769121060000,24,24,0,0,24,24,597,0.9982
29629388,1769121066000,21,24,0,0,24,24,596,0.9996
29629389,1769121072000,23,21,0,0,21,21,597,0.9986
29629390,1769121078000,25,23,0,0,23,23,597,0.9985
29629391,1769121084000,25,25,0,0,25,25,596,0.9998
29629392,1769121090000,25,25,0,0,25,25,596,0.9997
29629393,1769121096000,24,25,0,0,25,25,596,0.9998
29629394,1769121102000,25,24,0,0,24,24,596,0.9995
29629395,1769121108000,23,25,0,0,25,25,596,0.9995
29629396,1769121114000,25,23,0,0,23,23,597,0.9983
29629397,1769121120000,23,25,0,0,25,25,596,0.9998
29629398,1769121126000,27,23,0,0,23,23,596,1
29629399,1769121132000,25,27,0,0,27,27,596,0.9997
29629400,1769121138000,27,25,0,0,25,25,596,0.9999
29629401,1769121144000,24,27,0,0,27,27,596,0.9997
29629402,1769121150000,22,24,0,0,24,24,597,0.9984
29629403,1769121156000,23,22,0,0,22,22,597,0.9982
29629404,1769121162000,25,23,0,0,23,23,597,0.998
29629405,1769121168000,24,25,0,0,25,25,597,0.9983
29629406,1769121174000,27,24,0,0,24,24,597,0.9986
29629407,1769121180000,25,27,0,0,27,27,597,0.9986
29629408,1769121186000,25,25,0,0,25,25,597,0.9977
29629409,1769121192000,26,25,0,0,25,25,597,0.9981
29629410,1769121198000,27,26,0,0,26,26,596,0.9995
29629411,1769121204000,25,27,0,0,27,27,597,0.9984
29629412,1769121210000,26,25,0,0,25,25,597,0.9985
29629413,1769121216000,24,26,0,0,26,26,597,0.9985
29629414,1769121222000,23,24,0,0,24,24,597,0.9983
29629415,1769121228000,24,23,0,0,23,23,597,0.9982
29629416,1769121234000,27,24,0,0,24,24,597,0.999
29629417,1769121240000,25,27,0,0,27,27,597,0.9986
29629418,1769121246000,30,25,0,0,25,25,596,0.9999
29629419,1769121252000,25,30,0,0,30,30,597,0.9988
29629420,1769121258000,26,25,0,0,25,25,597,0.9989
29629421,1769121264000,24,26,0,0,26,26,597,0.9986
29629422,1769121270000,25,24,0,0,24,24,596,0.9999
29629423,1769121276000,26,25,0,0,25,25,597,0.9989
29629424,1769121282000,26,26,0,0,26,26,597,0.9987
29629425,1769121288000,25,26,0,0,26,26,596,0.9998
29629426,1769121294000,27,25,0,0,25,25,597,0.9984
29629427,1769121300000,27,27,0,0,27,27,597,0.9986
29629428,1769121306000,29,27,0,0,27,27,597,0.9987
29629429,1769121312000,23,29,0,0,29,29,597,0.9976
29629430,1769121318000,27,23,0,0,23,23,596,0.9985
29629431,1769121324000,26,27,0,0,27,27,594,0.9988
29629432,1769121330000,26,26,0,0,26,26,596,0.9987
29629433,1769121336000,25,26,0,0,26,26,597,0.9984
29629434,1769121342000,29,25,0,0,25,25,597,0.9987
29629435,1769121348000,25,29,0,0,29,29,597,0.9987
29629436,1769121354000,27,25,0,0,25,25,597,0.9977
29629437,1769121360000,25,27,0,0,27,27,596,0.9984
29629438,1769121366000,28,25,0,0,25,25,596,0.9979
29629439,1769121372000,25,28,0,0,28,28,597,0.9987
29629440,1769121378000,28,25,0,0,25,25,597,0.9987
29629441,1769121384000,23,28,0,0,28,28,597,0.9986
29629442,1769121390000,26,23,0,0,23,23,597,0.9985
29629443,1769121396000,23,26,0,0,26,26,597,0.998
29629444,1769121402000,27,23,0,0,23,23,597,0.9981
29629445,1769121408000,26,27,0,0,27,27,597,0.9925
29629446,1769121414000,26,26,0,0,26,26,596,0.9939
29629447,1769121420000,23,26,0,0,26,26,597,0.9976
29629448,1769121426000,29,23,0,0,23,23,597,0.9985
29629449,1769121432000,23,29,0,0,29,29,597,0.9986
29629450,1769121438000,26,23,0,0,23,23,596,0.9996
29629451,1769121444000,25,26,0,0,26,26,597,0.9986
29629452,1769121450000,25,25,0,0,25,25,597,0.9987
29629453,1769121456000,24,25,0,0,25,25,597,0.9984
29629454,1769121462000,26,24,0,0,24,24,597,0.9988
29629455,1769121468000,25,26,0,0,26,26,597,0.9986
29629456,1769121474000,26,25,0,0,25,25,596,0.9995
29629457,1769121480000,23,26,0,0,26,26,596,0.9992
29629458,1769121486000,27,23,0,0,23,23,596,0.9996
29629459,1769121492000,25,27,0,0,27,27,595,0.9998
29629460,1769121498000,29,25,0,0,25,25,597,0.9979
29629461,1769121504000,24,29,0,0,29,29,597,0.9983
29629462,1769121510000,23,24,0,0,24,24,597,0.9985
29629463,1769121516000,23,23,0,0,23,23,596,0.9997
29629464,1769121522000,24,23,0,0,23,23,596,0.9983
29629465,1769121528000,26,24,0,0,24,24,597,0.9986
29629466,1769121534000,26,26,0,0,26,26,597,0.9968
29629467,1769121540000,26,26,0,0,26,26,597,0.9969
29629468,1769121546000,26,26,0,0,26,26,597,0.9977
29629469,1769121552000,24,26,0,0,26,26,597,0.9983
29629470,1769121558000,26,24,0,0,24,24,597,0.9986
29629471,1769121564000,25,26,0,0,26,26,597,0.9981
29629472,1769121570000,28,25,0,0,25,25,596,0.9991
29629473,1769121576000,24,28,0,0,28,28,597,0.9979
29629474,1769121582000,27,24,0,0,24,24,596,0.9976
29629475,1769121588000,20,27,0,0,27,27,597,0.9979
29629476,1769121594000,26,20,0,0,20,20,597,0.9978
29629477,1769121600000,25,26,0,0,26,26,597,0.9981
29629478,1769121606000,27,25,0,0,25,25,597,0.9983
29629479,1769121612000,24,27,0,0,27,27,597,0.9981
29629480,1769121618000,25,24,0,0,24,24,596,0.9994
29629481,1769121624000,24,25,0,0,25,25,597,0.9986
29629482,1769121630000,26,24,0,0,24,24,595,0.9997
29629483,1769121636000,21,26,0,0,26,26,593,0.9996
29629484,1769121642000,24,21,0,0,21,21,597,0.9986
29629485,1769121648000,25,24,0,0,24,24,596,0.9997
29629486,1769121654000,24,25,0,0,25,25,597,0.9972
29629487,1769121660000,26,24,0,0,24,24,596,0.9946
29629488,1769121666000,27,26,0,0,26,26,597,0.9947
29629489,1769121672000,23,27,0,0,27,27,596,0.9974
29629490,1769121678000,28,23,0,0,23,23,596,0.9987
29629491,1769121684000,24,28,0,0,28,28,596,0.9997
29629492,1769121690000,26,24,0,0,24,24,597,0.9985
29629493,1769121696000,23,26,0,0,26,26,596,0.9996
29629494,1769121702000,29,23,0,0,23,23,597,0.9979
29629495,1769121708000,20,29,0,0,29,29,596,0.9998
29629496,1769121714000,27,20,0,0,20,20,597,0.9982
29629497,1769121720000,24,27,0,0,27,27,597,0.9984
29629498,1769121726000,26,24,0,0,24,24,597,0.9985
29629499,1769121732000,24,26,0,0,26,26,596,0.9999
29629500,1769121738000,28,24,0,0,24,24,597,0.9985
29629501,1769121744000,25,28,0,0,28,28,597,0.9986
29629502,1769121750000,27,25,0,0,25,25,597,0.9987
29629503,1769121756000,23,27,0,0,27,27,597,0.9988
29629504,1769121762000,26,23,0,0,23,23,597,0.9986
29629505,1769121768000,23,26,0,0,26,26,596,0.9992
29629506,1769121774000,27,23,0,0,23,23,596,0.9999
29629507,1769121780000,26,27,0,0,27,27,596,0.9998
29629508,1769121786000,27,26,0,0,26,26,596,0.9996
29629509,1769121792000,24,27,0,0,27,27,596,0.9998
29629510,1769121798000,29,24,0,0,24,24,596,0.9998
29629511,1769121804000,24,29,0,0,29,29,596,0.9999
29629512,1769121810000,27,24,0,0,24,24,597,0.9985
29629513,1769121816000,24,27,0,0,27,27,597,0.9982
29629514,1769121822000,27,24,0,0,24,24,597,0.9987
29629515,1769121828000,23,27,0,0,27,27,597,0.998
29629516,1769121834000,23,23,0,0,23,23,597,0.9988
29629517,1769121840000,24,23,0,0,23,23,597,0.9991
29629518,1769121846000,27,24,0,0,24,24,597,0.9983
29629519,1769121852000,24,27,0,0,27,27,596,0.9986
29629520,1769121858000,27,24,0,0,24,24,597,0.9987
29629521,1769121864000,24,27,0,0,27,27,597,0.9988
29629522,1769121870000,25,24,0,0,24,24,597,0.9985
29629523,1769121876000,21,25,0,0,25,25,590,0.9999
29629524,1769121882000,30,21,0,0,21,21,597,0.9988
29629525,1769121888000,25,30,0,0,30,30,596,0.9997
29629526,1769121894000,26,25,0,0,25,25,596,0.9998
29629527,1769121900000,22,26,0,0,26,26,597,0.9976
29629528,1769121906000,29,22,0,0,22,22,597,0.9982
29629529,1769121912000,25,29,0,0,29,29,597,0.9989
29629530,1769121918000,28,25,0,0,25,25,597,0.9989
29629531,1769121924000,23,28,0,0,28,28,597,0.9991
29629532,1769121930000,27,23,0,0,23,23,595,1
29629533,1769121936000,23,27,0,0,27,27,597,0.9983
29629534,1769121942000,27,23,0,0,23,23,596,0.9993
29629535,1769121948000,20,27,0,0,27,27,596,0.9993
29629536,1769121954000,25,20,0,0,20,20,597,0.9981
29629537,1769121960000,20,25,0,0,25,25,597,0.9983
29629538,1769121966000,26,20,0,0,20,20,597,0.9986
29629539,1769121972000,20,26,0,0,26,26,596,0.9998
29629540,1769121978000,25,20,0,0,20,20,597,0.9987
29629541,1769121984000,20,25,0,0,25,25,597,0.9989
29629542,1769121990000,20,20,0,0,20,20,597,0.9986
29629543,1769121996000,22,20,0,0,20,20,596,0.9994
29629544,1769122002000,26,22,0,0,22,22,596,0.9994
29629545,1769122008000,24,26,0,0,26,26,597,0.9987
29629546,1769122014000,28,24,0,0,24,24,597,0.9985
29629547,1769122020000,22,28,0,0,28,28,596,0.999
29629548,1769122026000,29,22,0,0,22,22,597,0.9989
29629549,1769122032000,22,29,0,0,29,29,597,0.9986
29629550,1769122038000,28,22,0,0,22,22,596,0.9998
29629551,1769122044000,23,28,0,0,28,28,597,0.9986
29629552,1769122050000,24,23,0,0,23,23,597,0.998
29629553,1769122056000,24,24,0,0,24,24,596,0.9997
29629554,1769122062000,29,24,0,0,24,24,597,0.9985
29629555,1769122068000,24,29,0,0,29,29,597,0.9985
29629556,1769122074000,25,24,0,0,24,24,596,0.9996
29629557,1769122080000,21,25,0,0,25,25,597,0.9985
29629558,1769122086000,24,21,0,0,21,21,594,0.9987
29629559,1769122092000,20,24,0,0,24,24,597,0.9989
29629560,1769122098000,26,20,0,0,20,20,597,0.9988
29629561,1769122104000,22,26,0,0,26,26,596,0.9986
29629562,1769122110000,27,22,0,0,22,22,596,0.9997
29629563,1769122116000,23,27,0,0,27,27,597,0.9987
29629564,1769122122000,27,23,0,0,23,23,597,0.9987
29629565,1769122128000,24,27,0,0,27,27,597,0.9987
29629566,1769122134000,29,24,0,0,24,24,597,0.9986
29629567,1769122140000,23,29,0,0,29,29,597,0.9988
29629568,1769122146000,27,23,0,0,23,23,597,0.9987
29629569,1769122152000,25,27,0,0,27,27,597,0.9989
29629570,1769122158000,28,25,0,0,25,25,597,0.9987
29629571,1769122164000,24,28,0,0,28,28,597,0.999
29629572,1769122170000,24,24,0,0,24,24,596,0.9997
29629573,1769122176000,22,24,0,0,24,24,597,0.9985
29629574,1769122182000,28,22,0,0,22,22,597,0.9988
29629575,1769122188000,24,28,0,0,28,28,597,0.9984
29629576,1769122194000,26,24,0,0,24,24,596,1
29629577,1769122200000,21,26,0,0,26,26,596,0.9999
29629578,1769122206000,25,21,0,0,21,21,597,0.9986
29629579,1769122212000,22,25,0,0,25,25,597,0.9982
29629580,1769122218000,26,22,0,0,22,22,597,0.9989
29629581,1769122224000,20,26,0,0,26,26,596,0.9998
29629582,1769122230000,21,20,0,0,20,20,596,1
29629583,1769122236000,21,21,0,0,21,21,597,0.9986
29629584,1769122242000,25,21,0,0,21,21,597,0.9986
29629585,1769122248000,25,25,0,0,25,25,597,0.9985
29629586,1769122254000,26,25,0,0,25,25,597,0.9985
29629587,1769122260000,23,26,0,0,26,26,597,0.9988
29629588,1769122266000,26,23,0,0,23,23,596,0.9999
29629589,1769122272000,23,26,0,0,26,26,597,0.9985
29629590,1769122278000,26,23,0,0,23,23,597,0.9991
29629591,1769122284000,23,26,0,0,26,26,597,0.9986
29629592,1769122290000,28,23,0,0,23,23,596,0.9992
29629593,1769122296000,21,28,0,0,28,28,597,0.9986
29629594,1769122302000,24,21,0,0,21,21,597,0.9987
29629595,1769122308000,21,24,0,0,24,24,597,0.999
29629596,1769122314000,23,21,0,0,21,21,597,0.9982
29629597,1769122320000,24,23,0,0,23,23,597,0.9987
29629598,1769122326000,28,24,0,0,24,24,597,0.9986
29629599,1769122332000,23,28,0,0,28,28,597,0.9988
29629600,1769122338000,26,23,0,0,23,23,597,0.9978
29629601,1769122344000,22,26,0,0,26,26,597,0.9986
29629602,1769122350000,25,22,0,0,22,22,597,0.9985
29629603,1769122356000,21,25,0,0,25,25,597,0.9989
29629604,1769122362000,27,21,0,0,21,21,596,0.9995
29629605,1769122368000,24,27,0,0,27,27,596,0.9989
29629606,1769122374000,28,24,0,0,24,24,597,0.9979
29629607,1769122380000,24,28,0,0,28,28,596,0.9996
29629608,1769122386000,29,24,0,0,24,24,597,0.9988
29629609,1769122392000,25,29,0,0,29,29,597,0.9987
29629610,1769122398000,29,25,0,0,25,25,597,0.9988
29629611,1769122404000,24,29,0,0,29,29,597,0.9987
29629612,1769122410000,26,24,0,0,24,24,597,0.9991
29629613,1769122416000,24,26,0,0,26,26,597,0.9985
29629614,1769122422000,29,24,0,0,24,24,597,0.9991
29629615,1769122428000,23,29,0,0,29,29,597,0.9991
29629616,1769122434000,31,23,0,0,23,23,597,0.9979
29629617,1769122440000,24,31,0,0,31,31,597,0.9971
29629618,1769122446000,28,24,0,0,24,24,597,0.9982
29629619,1769122452000,23,28,0,0,28,28,596,0.9993
29629620,1769122458000,28,23,0,0,23,23,596,0.9982
29629621,1769122464000,20,28,0,0,28,28,597,0.9984
29629622,1769122470000,25,20,0,0,20,20,597,0.998
29629623,1769122476000,23,25,0,0,25,25,597,0.9987
29629624,1769122482000,28,23,0,0,23,23,597,0.9983
29629625,1769122488000,22,28,0,0,28,28,596,0.9996
29629626,1769122494000,28,22,0,0,22,22,596,0.9995
29629627,1769122500000,24,28,0,0,28,28,597,0.9986
29629628,1769122506000,24,24,0,0,24,24,597,0.9989
29629629,1769122512000,24,24,0,0,24,24,597,0.999
29629630,1769122518000,25,24,0,0,24,24,596,0.999
29629631,1769122524000,26,25,0,0,25,25,596,0.9997
29629632,1769122530000,25,26,0,0,26,26,596,0.9996
29629633,1769122536000,25,25,0,0,25,25,597,0.9987
29629634,1769122542000,23,25,0,0,25,25,596,0.9999
29629635,1769122548000,25,23,0,0,23,23,597,0.9987
29629636,1769122554000,25,25,0,0,25,25,597,0.9987
29629637,1769122560000,23,25,0,0,25,25,597,0.9985
29629638,1769122566000,20,23,0,0,23,23,597,0.9985
29629639,1769122572000,26,20,0,0,20,20,597,0.9985
29629640,1769122578000,25,26,0,0,26,26,596,0.9996
29629641,1769122584000,26,25,0,0,25,25,596,0.9993
29629642,1769122590000,23,26,0,0,26,26,596,0.9995
29629643,1769122596000,24,23,0,0,23,23,596,0.998
29629644,1769122602000,25,24,0,0,24,24,597,0.9987
29629645,1769122608000,25,25,0,0,25,25,597,0.9984
29629646,1769122614000,26,25,0,0,25,25,597,0.9983
29629647,1769122620000,27,26,0,0,26,26,597,0.9961
29629648,1769122626000,24,27,0,0,27,27,597,0.9987
29629649,1769122632000,26,24,0,0,24,24,597,0.9985
29629650,1769122638000,25,26,0,0,26,26,597,0.998
29629651,1769122644000,26,25,0,0,25,25,596,0.9999
29629652,1769122650000,26,26,0,0,26,26,597,0.9988
29629653,1769122656000,26,26,0,0,26,26,596,0.9998
29629654,1769122662000,26,26,0,0,26,26,597,0.9985
29629655,1769122668000,22,26,0,0,26,26,597,0.999
29629656,1769122674000,25,22,0,0,22,22,597,0.998
29629657,1769122680000,22,25,0,0,25,25,597,0.9984
29629658,1769122686000,27,22,0,0,22,22,597,0.9983
29629659,1769122692000,23,27,0,0,27,27,597,0.9986
29629660,1769122698000,26,23,0,0,23,23,597,0.9985
29629661,1769122704000,23,26,0,0,26,26,596,0.9983
29629662,1769122710000,28,23,0,0,23,23,596,0.9996
29629663,1769122716000,24,28,0,0,28,28,596,0.9997
29629664,1769122722000,26,24,0,0,24,24,596,0.9997
29629665,1769122728000,24,26,0,0,26,26,596,0.9977
29629666,1769122734000,27,24,0,0,24,24,596,0.9991
29629667,1769122740000,26,27,0,0,27,27,596,0.9988
29629668,1769122746000,29,26,0,0,26,26,596,0.9983
29629669,1769122752000,23,29,0,0,29,29,595,0.9998
29629670,1769122758000,27,23,0,0,23,23,596,0.9971
29629671,1769122764000,25,27,0,0,27,27,595,0.9989
29629672,1769122770000,27,25,0,0,25,25,595,0.9995
29629673,1769122776000,25,27,0,0,27,27,596,0.9983
29629674,1769122782000,30,25,0,0,25,25,595,0.9999
29629675,1769122788000,24,30,0,0,30,30,596,0.9986
29629676,1769122794000,28,24,0,0,24,24,596,0.9999
29629677,1769122800000,22,28,0,0,28,28,594,0.9998
29629678,1769122806000,25,22,0,0,22,22,596,0.9998
29629679,1769122812000,24,25,0,0,25,25,597,0.9989
29629680,1769122818000,26,24,0,0,24,24,597,0.9987
29629681,1769122824000,25,26,0,0,26,26,596,0.9997
29629682,1769122830000,24,25,0,0,25,25,597,0.9987
29629683,1769122836000,25,24,0,0,24,24,597,0.9983
29629684,1769122842000,21,25,0,0,25,25,596,0.9997
29629685,1769122848000,30,21,0,0,21,21,596,0.9994
29629686,1769122854000,22,30,0,0,30,30,596,0.9997
29629687,1769122860000,32,22,0,0,22,22,596,0.9999
29629688,1769122866000,21,32,0,0,32,32,596,0.9998
29629689,1769122872000,28,21,0,0,21,21,596,0.9997
29629690,1769122878000,22,28,0,0,28,28,596,0.9998
29629691,1769122884000,30,22,0,0,22,22,596,0.9998
29629692,1769122890000,22,30,0,0,30,30,596,0.9998
29629693,1769122896000,31,22,0,0,22,22,596,0.9981
29629694,1769122902000,24,31,0,0,31,31,596,0.9999
29629695,1769122908000,28,24,0,0,24,24,596,0.9999
29629696,1769122914000,22,28,0,0,28,28,596,0.9998
29629697,1769122920000,28,22,0,0,22,22,596,0.9991
29629698,1769122926000,23,28,0,0,28,28,596,0.9999
29629699,1769122932000,29,23,0,0,23,23,596,1
29629700,1769122938000,19,29,0,0,29,29,596,0.9999
29629701,1769122944000,26,19,0,0,19,19,597,0.9982
29629702,1769122950000,21,26,0,0,26,26,597,0.9986
29629703,1769122956000,29,21,0,0,21,21,597,0.9985
29629704,1769122962000,24,29,0,0,29,29,597,0.9984
29629705,1769122968000,32,24,0,0,24,24,597,0.9986
29629706,1769122974000,21,32,0,0,32,32,596,0.9986
29629707,1769122980000,30,21,0,0,21,21,596,0.9998
29629708,1769122986000,22,30,0,0,30,30,597,0.9985
29629709,1769122992000,33,22,0,0,22,22,596,0.9989
29629710,1769122998000,21,33,0,0,33,33,596,0.9983
29629711,1769123004000,30,21,0,0,21,21,597,0.9989
29629712,1769123010000,19,30,0,0,30,30,597,0.9983
29629713,1769123016000,29,19,0,0,19,19,596,0.9999
29629714,1769123022000,21,29,0,0,29,29,596,0.9997
29629715,1769123028000,30,21,0,0,21,21,597,0.9988
29629716,1769123034000,22,30,0,0,30,30,597,0.9987
29629717,1769123040000,29,22,0,0,22,22,596,0.9996
29629718,1769123046000,23,29,0,0,29,29,596,0.9997
29629719,1769123052000,28,23,0,0,23,23,596,0.9997
29629720,1769123058000,21,28,0,0,28,28,597,0.9986
29629721,1769123064000,29,21,0,0,21,21,597,0.9988
29629722,1769123070000,21,29,0,0,29,29,596,0.9998
29629723,1769123076000,29,21,0,0,21,21,596,0.9998
29629724,1769123082000,22,29,0,0,29,29,596,0.9997
29629725,1769123088000,28,22,0,0,22,22,596,0.9996
29629726,1769123094000,24,28,0,0,28,28,596,0.9996
29629727,1769123100000,31,24,0,0,24,24,596,0.9997
29629728,1769123106000,24,31,0,0,31,31,596,0.9998
29629729,1769123112000,32,24,0,0,24,24,596,0.9994
29629730,1769123118000,24,32,0,0,32,32,596,0.9997
29629731,1769123124000,30,24,0,0,24,24,596,1
29629732,1769123130000,22,30,0,0,30,30,596,0.9998
29629733,1769123136000,30,22,0,0,22,22,597,0.9989
29629734,1769123142000,23,30,0,0,30,30,597,0.9989
29629735,1769123148000,29,23,0,0,23,23,597,0.9988
29629736,1769123154000,22,29,0,0,29,29,596,0.9997
29629737,1769123160000,28,22,0,0,22,22,595,0.9996
29629738,1769123166000,24,28,0,0,28,28,596,0.9996
29629739,1769123172000,25,24,0,0,24,24,597,0.9986
29629740,1769123178000,22,25,0,0,25,25,597,0.9989
29629741,1769123184000,27,22,0,0,22,22,597,0.9989
29629742,1769123190000,24,27,0,0,27,27,597,0.9986
29629743,1769123196000,27,24,0,0,24,24,597,0.997
29629744,1769123202000,24,27,0,0,27,27,597,0.9988
29629745,1769123208000,27,24,0,0,24,24,597,0.9988
29629746,1769123214000,23,27,0,0,27,27,597,0.9988
29629747,1769123220000,29,23,0,0,23,23,596,0.9998
29629748,1769123226000,22,29,0,0,29,29,597,0.9987
29629749,1769123232000,28,22,0,0,22,22,597,0.9991
29629750,1769123238000,23,28,0,0,28,28,597,0.9986
29629751,1769123244000,27,23,0,0,23,23,597,0.9989
29629752,1769123250000,25,27,0,0,27,27,596,0.9986
29629753,1769123256000,27,25,0,0,25,25,597,0.9989
29629754,1769123262000,25,27,0,0,27,27,596,0.9994
29629755,1769123268000,29,25,0,0,25,25,597,0.9991
29629756,1769123274000,25,29,0,0,29,29,597,0.9984
29629757,1769123280000,27,25,0,0,25,25,597,0.9987
29629758,1769123286000,26,27,0,0,27,27,597,0.9986
29629759,1769123292000,28,26,0,0,26,26,597,0.9985
29629760,1769123298000,23,28,0,0,28,28,593,0.9997
29629761,1769123304000,27,23,0,0,23,23,597,0.9983
29629762,1769123310000,23,27,0,0,27,27,597,0.9982
29629763,1769123316000,27,23,0,0,23,23,597,0.9985
29629764,1769123322000,27,27,0,0,27,27,597,0.9989
29629765,1769123328000,28,27,0,0,27,27,597,0.9986
29629766,1769123334000,25,28,0,0,28,28,597,0.9988
29629767,1769123340000,29,25,0,0,25,25,597,0.9972
29629768,1769123346000,23,29,0,0,29,29,597,0.9987
29629769,1769123352000,28,23,0,0,23,23,597,0.9983
29629770,1769123358000,24,28,0,0,28,28,597,0.9989
29629771,1769123364000,28,24,0,0,24,24,597,0.999
29629772,1769123370000,24,28,0,0,28,28,597,0.9986
29629773,1769123376000,27,24,0,0,24,24,597,0.9991
29629774,1769123382000,23,27,0,0,27,27,597,0.9983
29629775,1769123388000,28,23,0,0,23,23,597,0.9984
29629776,1769123394000,24,28,0,0,28,28,596,0.9998
29629777,1769123400000,28,24,0,0,24,24,596,0.9984
29629778,1769123406000,22,28,0,0,28,28,596,0.9982
29629779,1769123412000,29,22,0,0,22,22,596,0.9999
29629780,1769123418000,22,29,0,0,29,29,597,0.9987
29629781,1769123424000,28,22,0,0,22,22,597,0.9988
29629782,1769123430000,22,28,0,0,28,28,597,0.9987
29629783,1769123436000,30,22,0,0,22,22,597,0.9984
29629784,1769123442000,24,30,0,0,30,30,597,0.9988
29629785,1769123448000,30,24,0,0,24,24,597,0.9986
29629786,1769123454000,25,30,0,0,30,30,596,0.9997
29629787,1769123460000,30,25,0,0,25,25,597,0.9987
29629788,1769123466000,23,30,0,0,30,30,596,0.9988
29629789,1769123472000,29,23,0,0,23,23,596,1
29629790,1769123478000,25,29,0,0,29,29,597,0.9986
29629791,1769123484000,27,25,0,0,25,25,597,0.9976
29629792,1769123490000,24,27,0,0,27,27,595,0.9993
29629793,1769123496000,32,24,0,0,24,24,596,0.9999
29629794,1769123502000,23,32,0,0,32,32,597,0.9986
29629795,1769123508000,28,23,0,0,23,23,596,0.9998
29629796,1769123514000,21,28,0,0,28,28,597,0.9986
29629797,1769123520000,27,21,0,0,21,21,597,0.9978
29629798,1769123526000,20,27,0,0,27,27,597,0.998
29629799,1769123532000,31,20,0,0,20,20,596,0.9996
29629800,1769123538000,20,31,0,0,31,31,596,0.9997
29629801,1769123544000,27,20,0,0,20,20,595,0.9997
29629802,1769123550000,18,27,0,0,27,27,596,0.9998
29629803,1769123556000,27,18,0,0,18,18,596,0.9999
29629804,1769123562000,23,27,0,0,27,27,596,0.9996
29629805,1769123568000,30,23,0,0,23,23,593,0.9997
29629806,1769123574000,24,30,0,0,30,30,596,0.9998
29629807,1769123580000,29,24,0,0,24,24,596,0.9995
29629808,1769123586000,21,29,0,0,29,29,594,0.9998
29629809,1769123592000,30,21,0,0,21,21,596,0.9998
29629810,1769123598000,23,30,0,0,30,30,597,0.9983
29629811,1769123604000,31,23,0,0,23,23,597,0.9989
29629812,1769123610000,21,31,0,0,31,31,596,0.9987
29629813,1769123616000,29,21,0,0,21,21,597,0.9989
29629814,1769123622000,23,29,0,0,29,29,597,0.9988
29629815,1769123628000,30,23,0,0,23,23,596,0.9989
29629816,1769123634000,21,30,0,0,30,30,597,0.9965
29629817,1769123640000,28,21,0,0,21,21,596,0.9994
29629818,1769123646000,22,28,0,0,28,28,596,0.9997
29629819,1769123652000,29,22,0,0,22,22,597,0.9983
29629820,1769123658000,21,29,0,0,29,29,596,0.9999
29629821,1769123664000,29,21,0,0,21,21,596,0.9998
29629822,1769123670000,22,29,0,0,29,29,596,0.9992
29629823,1769123676000,28,22,0,0,22,22,597,0.9989
29629824,1769123682000,23,28,0,0,28,28,597,0.9985
29629825,1769123688000,31,23,0,0,23,23,596,0.9987
29629826,1769123694000,21,31,0,0,31,31,596,0.9986
29629827,1769123700000,31,21,0,0,21,21,596,0.9995
29629828,1769123706000,23,31,0,0,31,31,596,0.9998
29629829,1769123712000,31,23,0,0,23,23,596,0.9998
29629830,1769123718000,23,31,0,0,31,31,596,0.9998
29629831,1769123724000,30,23,0,0,23,23,596,0.9997
29629832,1769123730000,20,30,0,0,30,30,596,0.9998
29629833,1769123736000,28,20,0,0,20,20,596,0.9998
29629834,1769123742000,22,28,0,0,28,28,596,0.9996
29629835,1769123748000,32,22,0,0,22,22,597,0.9984
29629836,1769123754000,21,32,0,0,32,32,596,0.9999
29629837,1769123760000,29,21,0,0,21,21,597,0.9974
29629838,1769123766000,22,29,0,0,29,29,597,0.9986
29629839,1769123772000,30,22,0,0,22,22,596,1
29629840,1769123778000,22,30,0,0,30,30,597,0.9987
29629841,1769123784000,30,22,0,0,22,22,597,0.9986
29629842,1769123790000,22,30,0,0,30,30,596,0.9996
29629843,1769123796000,29,22,0,0,22,22,597,0.9986
29629844,1769123802000,25,29,0,0,29,29,596,0.9992
29629845,1769123808000,29,25,0,0,25,25,596,0.9999
29629846,1769123814000,24,29,0,0,29,29,597,0.9987
29629847,1769123820000,29,24,0,0,24,24,597,0.9981
29629848,1769123826000,24,29,0,0,29,29,597,0.9984
29629849,1769123832000,31,24,0,0,24,24,597,0.9981
29629850,1769123838000,23,31,0,0,31,31,596,0.9988
29629851,1769123844000,28,23,0,0,23,23,597,0.9986
29629852,1769123850000,23,28,0,0,28,28,597,0.9989
29629853,1769123856000,31,23,0,0,23,23,597,0.9983
29629854,1769123862000,23,31,0,0,31,31,597,0.9979
29629855,1769123868000,30,23,0,0,23,23,596,0.9996
29629856,1769123874000,22,30,0,0,30,30,597,0.9985
29629857,1769123880000,28,22,0,0,22,22,597,0.999
29629858,1769123886000,23,28,0,0,28,28,596,0.9986
29629859,1769123892000,25,23,0,0,23,23,597,0.9989
29629860,1769123898000,25,25,0,0,25,25,597,0.9986
29629861,1769123904000,27,25,0,0,25,25,597,0.9987
29629862,1769123910000,26,27,0,0,27,27,597,0.9987
29629863,1769123916000,26,26,0,0,26,26,597,0.9988
29629864,1769123922000,30,26,0,0,26,26,596,0.9998
29629865,1769123928000,24,30,0,0,30,30,597,0.9988
29629866,1769123934000,28,24,0,0,24,24,597,0.9986
29629867,1769123940000,24,28,0,0,28,28,597,0.9987
29629868,1769123946000,26,24,0,0,24,24,597,0.9985
29629869,1769123952000,25,26,0,0,26,26,597,0.9985
29629870,1769123958000,28,25,0,0,25,25,597,0.9986
29629871,1769123964000,24,28,0,0,28,28,597,0.9982
29629872,1769123970000,29,24,0,0,24,24,597,0.9985
29629873,1769123976000,25,29,0,0,29,29,597,0.9988
29629874,1769123982000,28,25,0,0,25,25,597,0.9987
29629875,1769123988000,25,28,0,0,28,28,597,0.9986
29629876,1769123994000,27,25,0,0,25,25,597,0.9984
29629877,1769124000000,24,27,0,0,27,27,597,0.9985
29629878,1769124006000,27,24,0,0,24,24,597,0.9986
29629879,1769124012000,22,27,0,0,27,27,596,0.9998
29629880,1769124018000,25,22,0,0,22,22,596,0.9996
29629881,1769124024000,25,25,0,0,25,25,597,0.9986
29629882,1769124030000,28,25,0,0,25,25,596,0.9996
29629883,1769124036000,25,28,0,0,28,28,595,0.9998
29629884,1769124042000,29,25,0,0,25,25,597,0.9984
29629885,1769124048000,26,29,0,0,29,29,597,0.9986
29629886,1769124054000,29,26,0,0,26,26,596,0.9988
29629887,1769124060000,25,29,0,0,29,29,597,0.9987
29629888,1769124066000,29,25,0,0,25,25,597,0.9985
29629889,1769124072000,25,29,0,0,29,29,597,0.9983
29629890,1769124078000,29,25,0,0,25,25,596,0.9999
29629891,1769124084000,26,29,0,0,29,29,596,0.9999
29629892,1769124090000,28,26,0,0,26,26,596,0.9997
29629893,1769124096000,24,28,0,0,28,28,596,0.9984
29629894,1769124102000,29,24,0,0,24,24,596,0.9998
29629895,1769124108000,24,29,0,0,29,29,596,0.9999
29629896,1769124114000,28,24,0,0,24,24,597,0.9987
29629897,1769124120000,24,28,0,0,28,28,597,0.9984
29629898,1769124126000,26,24,0,0,24,24,596,0.9998
29629899,1769124132000,22,26,0,0,26,26,597,0.9985
29629900,1769124138000,26,22,0,0,22,22,597,0.9987
29629901,1769124144000,24,26,0,0,26,26,596,1
29629902,1769124150000,27,24,0,0,24,24,596,0.9994
29629903,1769124156000,24,27,0,0,27,27,596,0.9997
29629904,1769124162000,28,24,0,0,24,24,597,0.9983
29629905,1769124168000,24,28,0,0,28,28,597,0.9983
29629906,1769124174000,29,24,0,0,24,24,597,0.9969
29629907,1769124180000,22,29,0,0,29,29,596,0.9997
29629908,1769124186000,28,22,0,0,22,22,597,0.9983
29629909,1769124192000,24,28,0,0,28,28,596,0.9997
29629910,1769124198000,27,24,0,0,24,24,597,0.9987
29629911,1769124204000,24,27,0,0,27,27,597,0.9991
29629912,1769124210000,26,24,0,0,24,24,597,0.999
29629913,1769124216000,22,26,0,0,26,26,596,0.9983
29629914,1769124222000,26,22,0,0,22,22,597,0.9988
29629915,1769124228000,22,26,0,0,26,26,596,1
29629916,1769124234000,27,22,0,0,22,22,597,0.9984
29629917,1769124240000,25,27,0,0,27,27,597,0.9986
29629918,1769124246000,28,25,0,0,25,25,596,0.9994
29629919,1769124252000,24,28,0,0,28,28,597,0.9985
29629920,1769124258000,27,24,0,0,24,24,596,0.9999
29629921,1769124264000,24,27,0,0,27,27,596,0.9997
29629922,1769124270000,28,24,0,0,24,24,596,0.9998
29629923,1769124276000,24,28,0,0,28,28,596,0.9998
29629924,1769124282000,30,24,0,0,24,24,597,0.9986
29629925,1769124288000,24,30,0,0,30,30,597,0.9988
29629926,1769124294000,27,24,0,0,24,24,597,0.9986
29629927,1769124300000,24,27,0,0,27,27,595,0.9999
29629928,1769124306000,28,24,0,0,24,24,597,0.998
29629929,1769124312000,25,28,0,0,28,28,596,0.9994
29629930,1769124318000,28,25,0,0,25,25,597,0.9987
29629931,1769124324000,23,28,0,0,28,28,597,0.9986
29629932,1769124330000,30,23,0,0,23,23,597,0.9987
29629933,1769124336000,23,30,0,0,30,30,597,0.9988
29629934,1769124342000,28,23,0,0,23,23,597,0.9983
29629935,1769124348000,22,28,0,0,28,28,597,0.9988
29629936,1769124354000,26,22,0,0,22,22,596,0.9981
29629937,1769124360000,24,26,0,0,26,26,596,0.9995
29629938,1769124366000,29,24,0,0,24,24,596,0.9998
29629939,1769124372000,22,29,0,0,29,29,597,0.9987
29629940,1769124378000,24,22,0,0,22,22,597,0.9985
29629941,1769124384000,25,24,0,0,24,24,597,0.9976
29629942,1769124390000,28,25,0,0,25,25,597,0.9984
29629943,1769124396000,26,28,0,0,28,28,597,0.9987
29629944,1769124402000,28,26,0,0,26,26,597,0.9986
29629945,1769124408000,26,28,0,0,28,28,597,0.9986
29629946,1769124414000,28,26,0,0,26,26,597,0.9977
29629947,1769124420000,24,28,0,0,28,28,597,0.9986
29629948,1769124426000,30,24,0,0,24,24,597,0.9987
29629949,1769124432000,23,30,0,0,30,30,597,0.9988
29629950,1769124438000,28,23,0,0,23,23,596,0.9988
29629951,1769124444000,22,28,0,0,28,28,597,0.9989
29629952,1769124450000,26,22,0,0,22,22,597,0.9989
29629953,1769124456000,25,26,0,0,26,26,597,0.9983
29629954,1769124462000,30,25,0,0,25,25,597,0.9988
29629955,1769124468000,24,30,0,0,30,30,596,0.9998
29629956,1769124474000,27,24,0,0,24,24,597,0.9985
29629957,1769124480000,23,27,0,0,27,27,597,0.9988
29629958,1769124486000,27,23,0,0,23,23,597,0.9987
29629959,1769124492000,21,27,0,0,27,27,596,0.9998
29629960,1769124498000,27,21,0,0,21,21,597,0.9986
29629961,1769124504000,25,27,0,0,27,27,596,0.9998
29629962,1769124510000,28,25,0,0,25,25,596,0.9984
29629963,1769124516000,21,28,0,0,28,28,597,0.9988
29629964,1769124522000,28,21,0,0,21,21,597,0.9986
29629965,1769124528000,22,28,0,0,28,28,597,0.9983
29629966,1769124534000,30,22,0,0,22,22,597,0.9988
29629967,1769124540000,23,30,0,0,30,30,597,0.9985
29629968,1769124546000,31,23,0,0,23,23,597,0.9986
29629969,1769124552000,23,31,0,0,31,31,597,0.9984
29629970,1769124558000,28,23,0,0,23,23,597,0.9985
29629971,1769124564000,23,28,0,0,28,28,597,0.9986
29629972,1769124570000,30,23,0,0,23,23,597,0.9985
29629973,1769124576000,23,30,0,0,30,30,596,0.9998
29629974,1769124582000,27,23,0,0,23,23,597,0.9989
29629975,1769124588000,24,27,0,0,27,27,597,0.9988
29629976,1769124594000,28,24,0,0,24,24,597,0.9986
29629977,1769124600000,23,28,0,0,28,28,597,0.9786
29629978,1769124606000,27,23,0,0,23,23,597,0.9948
29629979,1769124612000,21,27,0,0,27,27,597,0.9983
29629980,1769124618000,29,21,0,0,21,21,597,0.9985
29629981,1769124624000,23,29,0,0,29,29,596,0.9997
29629982,1769124630000,28,23,0,0,23,23,596,0.9996
29629983,1769124636000,22,28,0,0,28,28,592,0.9997
29629984,1769124642000,31,22,0,0,22,22,596,0.9997
29629985,1769124648000,19,31,0,0,31,31,597,0.9971
29629986,1769124654000,29,19,0,0,19,19,596,0.9968
29629987,1769124660000,22,29,0,0,29,29,597,0.9988
29629988,1769124666000,27,22,0,0,22,22,597,0.9987
29629989,1769124672000,21,27,0,0,27,27,596,0.9998
29629990,1769124678000,28,21,0,0,21,21,597,0.9983
29629991,1769124684000,21,28,0,0,28,28,596,0.9999
29629992,1769124690000,30,21,0,0,21,21,597,0.9985
29629993,1769124696000,22,30,0,0,30,30,595,0.9984
29629994,1769124702000,30,22,0,0,22,22,597,0.9981
29629995,1769124708000,22,30,0,0,30,30,597,0.9985
29629996,1769124714000,32,22,0,0,22,22,596,0.9989
29629997,1769124720000,24,32,0,0,32,32,596,0.9995
29629998,1769124726000,31,24,0,0,24,24,596,0.9999
29629999,1769124732000,23,31,0,0,31,31,597,0.9989
29630000,1769124738000,30,23,0,0,23,23,596,0.9999
29630001,1769124744000,22,30,0,0,30,30,597,0.9991
29630002,1769124750000,0,22,0,0,22,22,596,0.9998
29630003,1769124756000,21,0,0,0,0,0,453,0
29630004,1769124762000,26,21,0,0,21,21,586,0.9851
29630005,1769124768000,23,26,0,0,26,26,595,0.994
29630006,1769124774000,29,23,0,0,23,23,595,0.9972
29630007,1769124780000,24,29,0,0,29,29,583,0.9979
29630008,1769124786000,28,24,0,0,24,24,589,0.9989
29630009,1769124792000,26,28,0,0,28,28,591,0.9963
29630010,1769124798000,26,26,0,0,26,26,593,0.999
29630011,1769124804000,24,26,0,0,26,26,594,0.9981
29630012,1769124810000,26,24,0,0,24,24,595,0.9982
29630013,1769124816000,25,26,0,0,26,26,595,0.9977
29630014,1769124822000,28,25,0,0,25,25,596,0.9971
29630015,1769124828000,25,28,0,0,28,28,595,0.9988
29630016,1769124834000,26,25,0,0,25,25,595,0.9983
29630017,1769124840000,25,26,0,0,26,26,592,0.9978
29630018,1769124846000,24,25,0,0,25,25,595,0.9976
29630019,1769124852000,24,24,0,0,24,24,596,0.9977
29630020,1769124858000,24,24,0,0,24,24,596,0.9992
29630021,1769124864000,26,24,0,0,24,24,596,0.9987
29630022,1769124870000,23,26,0,0,26,26,595,0.9976
29630023,1769124876000,28,23,0,0,23,23,596,0.9982
29630024,1769124882000,27,28,0,0,28,28,596,0.9983
29630025,1769124888000,26,27,0,0,27,27,596,0.9976
29630026,1769124894000,25,26,0,0,26,26,596,0.9978
29630027,1769124900000,25,25,0,0,25,25,596,0.9979
29630028,1769124906000,27,25,0,0,25,25,597,0.9981
29630029,1769124912000,26,27,0,0,27,27,597,0.9985
29630030,1769124918000,25,26,0,0,26,26,596,0.9986
29630031,1769124924000,24,25,0,0,25,25,597,0.9981
29630032,1769124930000,26,24,0,0,24,24,597,0.9989
29630033,1769124936000,23,26,0,0,26,26,597,0.9973
29630034,1769124942000,27,23,0,0,23,23,597,0.9988
29630035,1769124948000,24,27,0,0,27,27,597,0.9975
29630036,1769124954000,28,24,0,0,24,24,597,0.9969
29630037,1769124960000,25,28,0,0,28,28,596,0.9984
29630038,1769124966000,28,25,0,0,25,25,597,0.9981
29630039,1769124972000,24,28,0,0,28,28,597,0.9958
29630040,1769124978000,27,24,0,0,24,24,597,0.9975
29630041,1769124984000,25,27,0,0,27,27,596,0.9992
29630042,1769124990000,28,25,0,0,25,25,596,0.9991
29630043,1769124996000,26,28,0,0,28,28,597,0.9984
29630044,1769125002000,28,26,0,0,26,26,596,0.9992
29630045,1769125008000,24,28,0,0,28,28,596,0.9984
29630046,1769125014000,28,24,0,0,24,24,596,0.9993
29630047,1769125020000,25,28,0,0,28,28,596,0.9994
29630048,1769125026000,25,25,0,0,25,25,597,0.9982
29630049,1769125032000,25,25,0,0,25,25,596,0.9991
29630050,1769125038000,26,25,0,0,25,25,596,0.9989
29630051,1769125044000,25,26,0,0,26,26,596,0.9996
29630052,1769125050000,28,25,0,0,25,25,597,0.9966
29630053,1769125056000,25,28,0,0,28,28,597,0.9971
29630054,1769125062000,25,25,0,0,25,25,596,0.9995
29630055,1769125068000,26,25,0,0,25,25,596,0.9981
29630056,1769125074000,27,26,0,0,26,26,597,0.9985
29630057,1769125080000,26,27,0,0,27,27,596,0.9996
29630058,1769125086000,26,26,0,0,26,26,597,0.9982
29630059,1769125092000,27,26,0,0,26,26,597,0.997
29630060,1769125098000,25,27,0,0,27,27,597,0.9981
29630061,1769125104000,25,25,0,0,25,25,597,0.9988
29630062,1769125110000,27,25,0,0,25,25,597,0.9986
29630063,1769125116000,27,27,0,0,27,27,597,0.9982
29630064,1769125122000,28,27,0,0,27,27,597,0.9982
29630065,1769125128000,26,28,0,0,28,28,597,0.9968
29630066,1769125134000,25,26,0,0,26,26,597,0.9974
29630067,1769125140000,25,25,0,0,25,25,597,0.9972
29630068,1769125146000,25,25,0,0,25,25,596,0.9987
29630069,1769125152000,24,25,0,0,25,25,596,0.9991
29630070,1769125158000,27,24,0,0,24,24,597,0.9969
29630071,1769125164000,26,27,0,0,27,27,596,0.9988
29630072,1769125170000,27,26,0,0,26,26,596,0.999
29630073,1769125176000,25,27,0,0,27,27,596,0.9992
29630074,1769125182000,29,25,0,0,25,25,596,0.9993
29630075,1769125188000,24,29,0,0,29,29,597,0.9981
29630076,1769125194000,28,24,0,0,24,24,597,0.998
29630077,1769125200000,28,28,0,0,28,28,597,0.9976
29630078,1769125206000,25,28,0,0,28,28,597,0.9976
29630079,1769125212000,30,25,0,0,25,25,596,0.9995
29630080,1769125218000,24,30,0,0,30,30,596,0.9998
29630081,1769125224000,30,24,0,0,24,24,597,0.9979
29630082,1769125230000,21,30,0,0,30,30,597,0.9977
29630083,1769125236000,33,21,0,0,21,21,596,0.9996
29630084,1769125242000,22,33,0,0,33,33,597,0.9984
29630085,1769125248000,34,22,0,0,22,22,596,0.9994
29630086,1769125254000,22,34,0,0,34,34,597,0.9984
29630087,1769125260000,31,22,0,0,22,22,596,0.9998
29630088,1769125266000,24,31,0,0,31,31,596,0.9995
29630089,1769125272000,28,24,0,0,24,24,596,0.9995
29630090,1769125278000,22,28,0,0,28,28,596,0.9994
29630091,1769125284000,30,22,0,0,22,22,597,0.9979
29630092,1769125290000,23,30,0,0,30,30,597,0.9983
29630093,1769125296000,30,23,0,0,23,23,597,0.9983
29630094,1769125302000,23,30,0,0,30,30,597,0.998
29630095,1769125308000,30,23,0,0,23,23,596,0.9995
29630096,1769125314000,23,30,0,0,30,30,596,0.9998
29630097,1769125320000,30,23,0,0,23,23,597,0.9985
29630098,1769125326000,22,30,0,0,30,30,597,0.9978
29630099,1769125332000,30,22,0,0,22,22,597,0.9989
29630100,1769125338000,22,30,0,0,30,30,597,0.9983
29630101,1769125344000,29,22,0,0,22,22,597,0.9983
29630102,1769125350000,23,29,0,0,29,29,597,0.9979
29630103,1769125356000,30,23,0,0,23,23,597,0.9985
29630104,1769125362000,24,30,0,0,30,30,596,0.9998
29630105,1769125368000,31,24,0,0,24,24,597,0.9962
29630106,1769125374000,24,31,0,0,31,31,597,0.9962
29630107,1769125380000,30,24,0,0,24,24,597,0.9981
29630108,1769125386000,24,30,0,0,30,30,597,0.9978
29630109,1769125392000,28,24,0,0,24,24,597,0.9982
29630110,1769125398000,24,28,0,0,28,28,596,0.9982
29630111,1769125404000,31,24,0,0,24,24,597,0.9988
29630112,1769125410000,23,31,0,0,31,31,597,0.9986
29630113,1769125416000,29,23,0,0,23,23,596,0.9996
29630114,1769125422000,24,29,0,0,29,29,597,0.999
29630115,1769125428000,30,24,0,0,24,24,597,0.9985
29630116,1769125434000,21,30,0,0,30,30,597,0.9979
29630117,1769125440000,28,21,0,0,21,21,597,0.9984
29630118,1769125446000,22,28,0,0,28,28,597,0.9983
29630119,1769125452000,27,22,0,0,22,22,597,0.9984
29630120,1769125458000,24,27,0,0,27,27,597,0.9987
29630121,1769125464000,29,24,0,0,24,24,597,0.9983
29630122,1769125470000,24,29,0,0,29,29,597,0.9987
29630123,1769125476000,29,24,0,0,24,24,597,0.9985
29630124,1769125482000,22,29,0,0,29,29,597,0.9986
29630125,1769125488000,30,22,0,0,22,22,597,0.9985
29630126,1769125494000,20,30,0,0,30,30,596,0.9988
29630127,1769125500000,31,20,0,0,20,20,597,0.9987
29630128,1769125506000,20,31,0,0,31,31,597,0.9988
29630129,1769125512000,29,20,0,0,20,20,597,0.9979
29630130,1769125518000,21,29,0,0,29,29,597,0.9975
29630131,1769125524000,30,21,0,0,21,21,597,0.9987
29630132,1769125530000,19,30,0,0,30,30,597,0.9989
29630133,1769125536000,30,19,0,0,19,19,597,0.9989
29630134,1769125542000,20,30,0,0,30,30,597,0.9988
29630135,1769125548000,30,20,0,0,20,20,596,0.9982
29630136,1769125554000,21,30,0,0,30,30,597,0.9984
29630137,1769125560000,32,21,0,0,21,21,597,0.9989
29630138,1769125566000,20,32,0,0,32,32,597,0.9968
29630139,1769125572000,31,20,0,0,20,20,597,0.9978
29630140,1769125578000,21,31,0,0,31,31,597,0.9988
29630141,1769125584000,32,21,0,0,21,21,597,0.9984
29630142,1769125590000,21,32,0,0,32,32,597,0.9982
29630143,1769125596000,28,21,0,0,21,21,597,0.9982
29630144,1769125602000,22,28,0,0,28,28,597,0.9987
29630145,1769125608000,29,22,0,0,22,22,597,0.9985
29630146,1769125614000,20,29,0,0,29,29,597,0.9989
29630147,1769125620000,31,20,0,0,20,20,596,0.9997
29630148,1769125626000,21,31,0,0,31,31,596,0.9997
29630149,1769125632000,31,21,0,0,21,21,596,0.9996
29630150,1769125638000,21,31,0,0,31,31,597,0.9985
29630151,1769125644000,30,21,0,0,21,21,597,0.9982
29630152,1769125650000,21,30,0,0,30,30,597,0.9985
29630153,1769125656000,33,21,0,0,21,21,596,1
29630154,1769125662000,22,33,0,0,33,33,594,0.9982
29630155,1769125668000,29,22,0,0,22,22,596,0.9992
29630156,1769125674000,22,29,0,0,29,29,596,0.9998
29630157,1769125680000,30,22,0,0,22,22,597,0.9986
29630158,1769125686000,23,30,0,0,30,30,597,0.9981
29630159,1769125692000,30,23,0,0,23,23,597,0.9962
29630160,1769125698000,22,30,0,0,30,30,596,0.9993
29630161,1769125704000,28,22,0,0,22,22,595,0.9996
29630162,1769125710000,22,28,0,0,28,28,596,0.9997
29630163,1769125716000,31,22,0,0,22,22,597,0.9986
29630164,1769125722000,23,31,0,0,31,31,597,0.9985
29630165,1769125728000,33,23,0,0,23,23,597,0.9988
29630166,1769125734000,22,33,0,0,33,33,597,0.9983
29630167,1769125740000,31,22,0,0,22,22,597,0.9986
29630168,1769125746000,22,31,0,0,31,31,596,0.9998
29630169,1769125752000,28,22,0,0,22,22,596,0.9998
29630170,1769125758000,21,28,0,0,28,28,597,0.9985
29630171,1769125764000,28,21,0,0,21,21,597,0.999
29630172,1769125770000,22,28,0,0,28,28,596,0.9997
29630173,1769125776000,29,22,0,0,22,22,596,0.9988
29630174,1769125782000,20,29,0,0,29,29,596,0.9995
29630175,1769125788000,27,20,0,0,20,20,597,0.9968
29630176,1769125794000,20,27,0,0,27,27,597,0.9973
29630177,1769125800000,23,20,0,0,20,20,596,0.9991
29630178,1769125806000,18,23,0,0,23,23,597,0.9987
29630179,1769125812000,23,18,0,0,18,18,597,0.9977
29630180,1769125818000,18,23,0,0,23,23,596,0.9994
29630181,1769125824000,27,18,0,0,18,18,597,0.9972
29630182,1769125830000,20,27,0,0,27,27,597,0.9981
29630183,1769125836000,29,20,0,0,20,20,596,0.9993
29630184,1769125842000,16,29,0,0,29,29,596,0.9994
29630185,1769125848000,26,16,0,0,16,16,597,0.9986
29630186,1769125854000,20,26,0,0,26,26,596,0.999
29630187,1769125860000,32,20,0,0,20,20,596,0.9993
29630188,1769125866000,18,32,0,0,32,32,596,0.9997
29630189,1769125872000,28,18,0,0,18,18,594,0.9993
29630190,1769125878000,18,28,0,0,28,28,596,0.9997
29630191,1769125884000,31,18,0,0,18,18,597,0.9985
29630192,1769125890000,19,31,0,0,31,31,597,0.9984
29630193,1769125896000,30,19,0,0,19,19,596,0.9997
29630194,1769125902000,19,30,0,0,30,30,597,0.9983
29630195,1769125908000,29,19,0,0,19,19,596,0.9994
29630196,1769125914000,22,29,0,0,29,29,597,0.9979
29630197,1769125920000,32,22,0,0,22,22,596,0.9995
29630198,1769125926000,21,32,0,0,32,32,596,0.9997
29630199,1769125932000,31,21,0,0,21,21,597,0.9981
29630200,1769125938000,21,31,0,0,31,31,596,0.9991
29630201,1769125944000,32,21,0,0,21,21,597,0.9975
29630202,1769125950000,20,32,0,0,32,32,594,0.9998
29630203,1769125956000,32,20,0,0,20,20,597,0.9983
29630204,1769125962000,21,32,0,0,32,32,595,0.9984
29630205,1769125968000,33,21,0,0,21,21,597,0.9981
29630206,1769125974000,21,33,0,0,33,33,597,0.9982
29630207,1769125980000,33,21,0,0,21,21,597,0.9983
29630208,1769125986000,19,33,0,0,33,33,597,0.9985
29630209,1769125992000,32,19,0,0,19,19,597,0.9979
29630210,1769125998000,20,32,0,0,32,32,597,0.9986
29630211,1769126004000,33,20,0,0,20,20,596,0.9982
29630212,1769126010000,18,33,0,0,33,33,597,0.9986
29630213,1769126016000,32,18,0,0,18,18,596,0.9998
29630214,1769126022000,21,32,0,0,32,32,597,0.9982
29630215,1769126028000,30,21,0,0,21,21,597,0.998
29630216,1769126034000,22,30,0,0,30,30,597,0.9978
29630217,1769126040000,30,22,0,0,22,22,597,0.9986
29630218,1769126046000,19,30,0,0,30,30,597,0.9985
29630219,1769126052000,30,19,0,0,19,19,597,0.9989
29630220,1769126058000,21,30,0,0,30,30,597,0.9984
29630221,1769126064000,31,21,0,0,21,21,597,0.9984
29630222,1769126070000,21,31,0,0,31,31,597,0.9986
29630223,1769126076000,31,21,0,0,21,21,597,0.9981
29630224,1769126082000,20,31,0,0,31,31,596,0.9998
29630225,1769126088000,30,20,0,0,20,20,596,0.9988
29630226,1769126094000,20,30,0,0,30,30,596,0.9994
29630227,1769126100000,31,20,0,0,20,20,597,0.9986
29630228,1769126106000,20,31,0,0,31,31,597,0.9987
29630229,1769126112000,29,20,0,0,20,20,597,0.9982
29630230,1769126118000,21,29,0,0,29,29,597,0.998
29630231,1769126124000,31,21,0,0,21,21,597,0.9982
29630232,1769126130000,20,31,0,0,31,31,597,0.9981
29630233,1769126136000,30,20,0,0,20,20,597,0.9983
29630234,1769126142000,19,30,0,0,30,30,597,0.9984
29630235,1769126148000,28,19,0,0,19,19,597,0.9981
29630236,1769126154000,20,28,0,0,28,28,597,0.9981
29630237,1769126160000,30,20,0,0,20,20,597,0.9973
29630238,1769126166000,18,30,0,0,30,30,597,0.998
29630239,1769126172000,30,18,0,0,18,18,597,0.9977
29630240,1769126178000,16,30,0,0,30,30,597,0.9983
29630241,1769126184000,26,16,0,0,16,16,596,0.9983
29630242,1769126190000,15,26,0,0,26,26,597,0.9985
29630243,1769126196000,29,15,0,0,15,15,597,0.9984
29630244,1769126202000,21,29,0,0,29,29,597,0.9981
29630245,1769126208000,31,21,0,0,21,21,596,0.9993
29630246,1769126214000,22,31,0,0,31,31,596,0.9994
29630247,1769126220000,34,22,0,0,22,22,595,0.9984
29630248,1769126226000,21,34,0,0,34,34,596,0.9997
29630249,1769126232000,32,21,0,0,21,21,597,0.9984
29630250,1769126238000,21,32,0,0,32,32,597,0.9981
29630251,1769126244000,29,21,0,0,21,21,596,0.9985
29630252,1769126250000,19,29,0,0,29,29,596,0.9985
29630253,1769126256000,32,19,0,0,19,19,595,0.9981
29630254,1769126262000,22,32,0,0,32,32,596,0.998
29630255,1769126268000,32,22,0,0,22,22,596,0.9982
29630256,1769126274000,22,32,0,0,32,32,597,0.9984
29630257,1769126280000,32,22,0,0,22,22,597,0.9984
29630258,1769126286000,21,32,0,0,32,32,597,0.9986
29630259,1769126292000,32,21,0,0,21,21,597,0.9981
29630260,1769126298000,21,32,0,0,32,32,597,0.9984
29630261,1769126304000,33,21,0,0,21,21,597,0.9983
29630262,1769126310000,21,33,0,0,33,33,597,0.9986
29630263,1769126316000,33,21,0,0,21,21,597,0.9986
29630264,1769126322000,18,33,0,0,33,33,597,0.9983
29630265,1769126328000,30,18,0,0,18,18,597,0.9986
29630266,1769126334000,20,30,0,0,30,30,597,0.9985
29630267,1769126340000,33,20,0,0,20,20,597,0.9987
29630268,1769126346000,18,33,0,0,33,33,597,0.9988
29630269,1769126352000,25,18,0,0,18,18,597,0.9978
29630270,1769126358000,19,25,0,0,25,25,597,0.9988
29630271,1769126364000,32,19,0,0,19,19,597,0.9969
29630272,1769126370000,19,32,0,0,32,32,597,0.9987
29630273,1769126376000,30,19,0,0,19,19,597,0.9986
29630274,1769126382000,20,30,0,0,30,30,592,0.9984
29630275,1769126388000,31,20,0,0,20,20,597,0.9983
29630276,1769126394000,22,31,0,0,31,31,597,0.9981
29630277,1769126400000,32,22,0,0,22,22,597,0.9984
29630278,1769126406000,22,32,0,0,32,32,597,0.9973
29630279,1769126412000,31,22,0,0,22,22,597,0.9977
29630280,1769126418000,21,31,0,0,31,31,596,0.9983
29630281,1769126424000,30,21,0,0,21,21,597,0.9986
29630282,1769126430000,20,30,0,0,30,30,596,0.9995
29630283,1769126436000,33,20,0,0,20,20,597,0.9986
29630284,1769126442000,20,33,0,0,33,33,597,0.9984
29630285,1769126448000,32,20,0,0,20,20,597,0.9988
29630286,1769126454000,20,32,0,0,32,32,596,0.9989
29630287,1769126460000,32,20,0,0,20,20,597,0.9992
29630288,1769126466000,18,32,0,0,32,32,596,0.9997
29630289,1769126472000,30,18,0,0,18,18,596,0.9996
29630290,1769126478000,17,30,0,0,30,30,597,0.9984
29630291,1769126484000,30,17,0,0,17,17,597,0.9989
29630292,1769126490000,20,30,0,0,30,30,596,0.9983
29630293,1769126496000,32,20,0,0,20,20,597,0.9971
29630294,1769126502000,21,32,0,0,32,32,597,0.9987
29630295,1769126508000,34,21,0,0,21,21,597,0.9986
29630296,1769126514000,20,34,0,0,34,34,597,0.9977
29630297,1769126520000,29,20,0,0,20,20,597,0.9987
29630298,1769126526000,18,29,0,0,29,29,596,0.9998
29630299,1769126532000,32,18,0,0,18,18,596,0.997
29630300,1769126538000,20,32,0,0,32,32,597,0.9979
29630301,1769126544000,33,20,0,0,20,20,596,0.9997
29630302,1769126550000,20,33,0,0,33,33,596,0.9984
29630303,1769126556000,33,20,0,0,20,20,596,0.9992
29630304,1769126562000,18,33,0,0,33,33,596,0.9997
29630305,1769126568000,30,18,0,0,18,18,595,0.9984
29630306,1769126574000,21,30,0,0,30,30,596,0.9998
29630307,1769126580000,32,21,0,0,21,21,597,0.9982
29630308,1769126586000,21,32,0,0,32,32,596,0.9987
29630309,1769126592000,30,21,0,0,21,21,597,0.9984
29630310,1769126598000,19,30,0,0,30,30,597,0.9987
29630311,1769126604000,31,19,0,0,19,19,597,0.9984
29630312,1769126610000,22,31,0,0,31,31,596,0.9978
29630313,1769126616000,32,22,0,0,22,22,596,0.9998
29630314,1769126622000,18,32,0,0,32,32,596,0.9998
29630315,1769126628000,31,18,0,0,18,18,597,0.9983
29630316,1769126634000,21,31,0,0,31,31,597,0.9988
29630317,1769126640000,31,21,0,0,21,21,597,0.9978
29630318,1769126646000,19,31,0,0,31,31,597,0.9975
29630319,1769126652000,29,19,0,0,19,19,597,0.9972
29630320,1769126658000,20,29,0,0,29,29,596,0.9997
29630321,1769126664000,29,20,0,0,20,20,596,0.9997
29630322,1769126670000,20,29,0,0,29,29,597,0.9988
29630323,1769126676000,30,20,0,0,20,20,597,0.9987
29630324,1769126682000,21,30,0,0,30,30,597,0.9981
29630325,1769126688000,32,21,0,0,21,21,597,0.9983
29630326,1769126694000,22,32,0,0,32,32,597,0.9985
29630327,1769126700000,30,22,0,0,22,22,597,0.9986
29630328,1769126706000,22,30,0,0,30,30,597,0.9983
29630329,1769126712000,28,22,0,0,22,22,597,0.9989
29630330,1769126718000,21,28,0,0,28,28,596,0.9985
29630331,1769126724000,31,21,0,0,21,21,597,0.9991
29630332,1769126730000,22,31,0,0,31,31,597,0.9986
29630333,1769126736000,33,22,0,0,22,22,597,0.9989
29630334,1769126742000,22,33,0,0,33,33,597,0.9989
29630335,1769126748000,32,22,0,0,22,22,597,0.9986
29630336,1769126754000,22,32,0,0,32,32,597,0.9986
29630337,1769126760000,33,22,0,0,22,22,597,0.9987
29630338,1769126766000,21,33,0,0,33,33,597,0.9986
29630339,1769126772000,30,21,0,0,21,21,597,0.9985
29630340,1769126778000,23,30,0,0,30,30,597,0.9984
29630341,1769126784000,30,23,0,0,23,23,597,0.9987
29630342,1769126790000,23,30,0,0,30,30,597,0.9986
29630343,1769126796000,32,23,0,0,23,23,597,0.9976
29630344,1769126802000,24,32,0,0,32,32,597,0.9986
29630345,1769126808000,31,24,0,0,24,24,597,0.9983
29630346,1769126814000,23,31,0,0,31,31,597,0.9983
29630347,1769126820000,31,23,0,0,23,23,596,0.9986
29630348,1769126826000,22,31,0,0,31,31,597,0.9984
29630349,1769126832000,30,22,0,0,22,22,597,0.9987
29630350,1769126838000,24,30,0,0,30,30,597,0.9987
29630351,1769126844000,32,24,0,0,24,24,597,0.9982
29630352,1769126850000,22,32,0,0,32,32,597,0.9987
29630353,1769126856000,29,22,0,0,22,22,597,0.9976
29630354,1769126862000,23,29,0,0,29,29,597,0.9983
29630355,1769126868000,31,23,0,0,23,23,597,0.9987
29630356,1769126874000,23,31,0,0,31,31,597,0.9986
29630357,1769126880000,28,23,0,0,23,23,597,0.9981
29630358,1769126886000,24,28,0,0,28,28,597,0.9987
29630359,1769126892000,29,24,0,0,24,24,597,0.9987
29630360,1769126898000,24,29,0,0,29,29,597,0.9982
29630361,1769126904000,28,24,0,0,24,24,597,0.9987
29630362,1769126910000,23,28,0,0,28,28,597,0.9989
29630363,1769126916000,27,23,0,0,23,23,597,0.9988
29630364,1769126922000,21,27,0,0,27,27,597,0.9987
29630365,1769126928000,27,21,0,0,21,21,597,0.9986
29630366,1769126934000,24,27,0,0,27,27,597,0.9987
29630367,1769126940000,32,24,0,0,24,24,597,0.9983
29630368,1769126946000,22,32,0,0,32,32,597,0.9983
29630369,1769126952000,29,22,0,0,22,22,597,0.9985
29630370,1769126958000,22,29,0,0,29,29,597,0.9989
29630371,1769126964000,30,22,0,0,22,22,597,0.9973
29630372,1769126970000,22,30,0,0,30,30,597,0.9986
29630373,1769126976000,29,22,0,0,22,22,597,0.9984
29630374,1769126982000,22,29,0,0,29,29,597,0.9984
29630375,1769126988000,28,22,0,0,22,22,597,0.9985
29630376,1769126994000,23,28,0,0,28,28,596,0.9989
29630377,1769127000000,29,23,0,0,23,23,597,0.9983
29630378,1769127006000,23,29,0,0,29,29,596,0.9999
29630379,1769127012000,28,23,0,0,23,23,596,0.9996
29630380,1769127018000,24,28,0,0,28,28,596,1
29630381,1769127024000,30,24,0,0,24,24,595,0.9985
29630382,1769127030000,22,30,0,0,30,30,597,0.9984
29630383,1769127036000,26,22,0,0,22,22,597,0.9985
29630384,1769127042000,24,26,0,0,26,26,596,0.9983
29630385,1769127048000,28,24,0,0,24,24,596,0.9992
29630386,1769127054000,25,28,0,0,28,28,597,0.9982
29630387,1769127060000,30,25,0,0,25,25,596,0.9999
29630388,1769127066000,24,30,0,0,30,30,597,0.9976
29630389,1769127072000,27,24,0,0,24,24,596,0.9976
29630390,1769127078000,25,27,0,0,27,27,595,0.9996
29630391,1769127084000,30,25,0,0,25,25,597,0.9981
29630392,1769127090000,24,30,0,0,30,30,596,0.9997
29630393,1769127096000,29,24,0,0,24,24,597,0.9986
29630394,1769127102000,23,29,0,0,29,29,597,0.9981
29630395,1769127108000,27,23,0,0,23,23,597,0.9976
29630396,1769127114000,22,27,0,0,27,27,596,0.9994
29630397,1769127120000,27,22,0,0,22,22,597,0.9988
29630398,1769127126000,20,27,0,0,27,27,597,0.9986
29630399,1769127132000,27,20,0,0,20,20,596,0.9992
29630400,1769127138000,21,27,0,0,27,27,597,0.9986
29630401,1769127144000,25,21,0,0,21,21,597,0.9989
29630402,1769127150000,22,25,0,0,25,25,597,0.9986
29630403,1769127156000,26,22,0,0,22,22,597,0.9986
29630404,1769127162000,24,26,0,0,26,26,597,0.9982
29630405,1769127168000,28,24,0,0,24,24,597,0.9979
29630406,1769127174000,26,28,0,0,28,28,597,0.9988
29630407,1769127180000,26,26,0,0,26,26,597,0.9983
29630408,1769127186000,26,26,0,0,26,26,597,0.9982
29630409,1769127192000,25,26,0,0,26,26,597,0.9985
29630410,1769127198000,22,25,0,0,25,25,597,0.9987
29630411,1769127204000,27,22,0,0,22,22,597,0.9983
29630412,1769127210000,23,27,0,0,27,27,597,0.9983
29630413,1769127216000,29,23,0,0,23,23,597,0.9977
29630414,1769127222000,23,29,0,0,29,29,597,0.9983
29630415,1769127228000,30,23,0,0,23,23,597,0.9983
29630416,1769127234000,20,30,0,0,30,30,597,0.9985
29630417,1769127240000,27,20,0,0,20,20,597,0.9988
29630418,1769127246000,22,27,0,0,27,27,597,0.9981
29630419,1769127252000,25,22,0,0,22,22,597,0.9982
29630420,1769127258000,20,25,0,0,25,25,596,0.9983
29630421,1769127264000,25,20,0,0,20,20,597,0.9985
29630422,1769127270000,23,25,0,0,25,25,597,0.9987
29630423,1769127276000,29,23,0,0,23,23,596,0.9996
29630424,1769127282000,22,29,0,0,29,29,597,0.9987
29630425,1769127288000,28,22,0,0,22,22,597,0.9984
29630426,1769127294000,24,28,0,0,28,28,597,0.999
29630427,1769127300000,29,24,0,0,24,24,597,0.9985
29630428,1769127306000,23,29,0,0,29,29,597,0.9976
29630429,1769127312000,26,23,0,0,23,23,597,0.9985
29630430,1769127318000,22,26,0,0,26,26,597,0.9989
29630431,1769127324000,27,22,0,0,22,22,597,0.9986
29630432,1769127330000,22,27,0,0,27,27,597,0.9989
29630433,1769127336000,27,22,0,0,22,22,597,0.9991
29630434,1769127342000,23,27,0,0,27,27,597,0.9981
29630435,1769127348000,27,23,0,0,23,23,597,0.9981
29630436,1769127354000,21,27,0,0,27,27,597,0.9945
29630437,1769127360000,29,21,0,0,21,21,597,0.9952
29630438,1769127366000,21,29,0,0,29,29,597,0.9971
29630439,1769127372000,25,21,0,0,21,21,597,0.997
29630440,1769127378000,21,25,0,0,25,25,597,0.9983
29630441,1769127384000,22,21,0,0,21,21,597,0.9984
29630442,1769127390000,24,22,0,0,22,22,596,0.9995
29630443,1769127396000,26,24,0,0,24,24,597,0.9988
29630444,1769127402000,24,26,0,0,26,26,597,0.9983
29630445,1769127408000,28,24,0,0,24,24,597,0.996
29630446,1769127414000,23,28,0,0,28,28,597,0.998
29630447,1769127420000,30,23,0,0,23,23,594,0.9991
29630448,1769127426000,24,30,0,0,30,30,597,0.9985
29630449,1769127432000,27,24,0,0,24,24,597,0.9989
29630450,1769127438000,23,27,0,0,27,27,597,0.9986
29630451,1769127444000,28,23,0,0,23,23,597,0.9985
29630452,1769127450000,22,28,0,0,28,28,597,0.9986
29630453,1769127456000,31,22,0,0,22,22,597,0.9986
29630454,1769127462000,23,31,0,0,31,31,597,0.9987
29630455,1769127468000,27,23,0,0,23,23,596,0.9993
29630456,1769127474000,21,27,0,0,27,27,597,0.9984
29630457,1769127480000,27,21,0,0,21,21,597,0.9986
29630458,1769127486000,21,27,0,0,27,27,597,0.9969
29630459,1769127492000,28,21,0,0,21,21,596,0.998
29630460,1769127498000,23,28,0,0,28,28,597,0.998
29630461,1769127504000,27,23,0,0,23,23,597,0.9988
29630462,1769127510000,23,27,0,0,27,27,596,0.9988
29630463,1769127516000,28,23,0,0,23,23,596,0.9995
29630464,1769127522000,24,28,0,0,28,28,596,0.9993
29630465,1769127528000,28,24,0,0,24,24,597,0.9987
29630466,1769127534000,21,28,0,0,28,28,596,0.9996
29630467,1769127540000,26,21,0,0,21,21,597,0.9988
29630468,1769127546000,23,26,0,0,26,26,595,0.9983
29630469,1769127552000,27,23,0,0,23,23,597,0.998
29630470,1769127558000,22,27,0,0,27,27,596,0.9998
29630471,1769127564000,29,22,0,0,22,22,596,0.9973
29630472,1769127570000,24,29,0,0,29,29,596,0.9998
29630473,1769127576000,30,24,0,0,24,24,597,0.9984
29630474,1769127582000,24,30,0,0,30,30,597,0.9987
29630475,1769127588000,29,24,0,0,24,24,596,0.9991
29630476,1769127594000,23,29,0,0,29,29,596,0.9995
29630477,1769127600000,26,23,0,0,23,23,597,0.9988
29630478,1769127606000,21,26,0,0,26,26,597,0.9986
29630479,1769127612000,27,21,0,0,21,21,596,0.999
29630480,1769127618000,23,27,0,0,27,27,597,0.9984
29630481,1769127624000,29,23,0,0,23,23,597,0.998
29630482,1769127630000,24,29,0,0,29,29,597,0.9984
29630483,1769127636000,30,24,0,0,24,24,597,0.9985
29630484,1769127642000,22,30,0,0,30,30,597,0.9984
29630485,1769127648000,28,22,0,0,22,22,596,0.9998
29630486,1769127654000,24,28,0,0,28,28,596,0.9995
29630487,1769127660000,30,24,0,0,24,24,597,0.998
29630488,1769127666000,24,30,0,0,30,30,597,0.9982
29630489,1769127672000,28,24,0,0,24,24,596,0.9976
29630490,1769127678000,27,28,0,0,28,28,596,0.9998
29630491,1769127684000,24,27,0,0,27,27,597,0.998
29630492,1769127690000,28,24,0,0,24,24,597,0.9983
29630493,1769127696000,24,28,0,0,28,28,596,0.9998
29630494,1769127702000,27,24,0,0,24,24,597,0.9983
29630495,1769127708000,25,27,0,0,27,27,597,0.9976
29630496,1769127714000,24,25,0,0,25,25,596,0.9995
29630497,1769127720000,25,24,0,0,24,24,596,0.999
29630498,1769127726000,28,25,0,0,25,25,596,0.9995
29630499,1769127732000,24,28,0,0,28,28,597,0.9983
29630500,1769127738000,27,24,0,0,24,24,597,0.9985
29630501,1769127744000,26,27,0,0,27,27,597,0.9982
29630502,1769127750000,27,26,0,0,26,26,597,0.9979
29630503,1769127756000,24,27,0,0,27,27,597,0.9981
29630504,1769127762000,26,24,0,0,24,24,597,0.9985
29630505,1769127768000,23,26,0,0,26,26,597,0.9976
29630506,1769127774000,26,23,0,0,23,23,596,0.9991
29630507,1769127780000,24,26,0,0,26,26,597,0.9985
29630508,1769127786000,27,24,0,0,24,24,596,0.9997
29630509,1769127792000,26,27,0,0,27,27,597,0.9983
29630510,1769127798000,28,26,0,0,26,26,597,0.9981
29630511,1769127804000,23,28,0,0,28,28,597,0.9984
29630512,1769127810000,28,23,0,0,23,23,597,0.9988
29630513,1769127816000,25,28,0,0,28,28,597,0.9984
29630514,1769127822000,25,25,0,0,25,25,597,0.9981
29630515,1769127828000,23,25,0,0,25,25,597,0.9971
29630516,1769127834000,27,23,0,0,23,23,596,0.9983
29630517,1769127840000,25,27,0,0,27,27,597,0.9986
29630518,1769127846000,26,25,0,0,25,25,597,0.9983
29630519,1769127852000,24,26,0,0,26,26,597,0.9989
29630520,1769127858000,25,24,0,0,24,24,597,0.9988
29630521,1769127864000,24,25,0,0,25,25,597,0.9987
29630522,1769127870000,27,24,0,0,24,24,597,0.9987
29630523,1769127876000,24,27,0,0,27,27,597,0.9986
29630524,1769127882000,28,24,0,0,24,24,597,0.9956
29630525,1769127888000,25,28,0,0,28,28,596,0.9981
29630526,1769127894000,27,25,0,0,25,25,597,0.9985
29630527,1769127900000,25,27,0,0,27,27,596,0.9996
29630528,1769127906000,28,25,0,0,25,25,597,0.9983
29630529,1769127912000,24,28,0,0,28,28,597,0.9984
29630530,1769127918000,29,24,0,0,24,24,597,0.9985
29630531,1769127924000,24,29,0,0,29,29,597,0.9986
29630532,1769127930000,26,24,0,0,24,24,597,0.9987
29630533,1769127936000,25,26,0,0,26,26,597,0.9985
29630534,1769127942000,26,25,0,0,25,25,596,0.9985
29630535,1769127948000,24,26,0,0,26,26,597,0.9979
29630536,1769127954000,27,24,0,0,24,24,597,0.9985
29630537,1769127960000,22,27,0,0,27,27,597,0.9985
29630538,1769127966000,26,22,0,0,22,22,597,0.9988
29630539,1769127972000,24,26,0,0,26,26,597,0.9981
29630540,1769127978000,27,24,0,0,24,24,596,0.9997
29630541,1769127984000,24,27,0,0,27,27,597,0.9984
29630542,1769127990000,29,24,0,0,24,24,597,0.9986
29630543,1769127996000,23,29,0,0,29,29,597,0.9983
29630544,1769128002000,25,23,0,0,23,23,597,0.9983
29630545,1769128008000,23,25,0,0,25,25,597,0.9985
29630546,1769128014000,27,23,0,0,23,23,597,0.9985
29630547,1769128020000,21,27,0,0,27,27,597,0.9988
29630548,1769128026000,25,21,0,0,21,21,597,0.9988
29630549,1769128032000,21,25,0,0,25,25,597,0.9985
29630550,1769128038000,23,21,0,0,21,21,597,0.9979
29630551,1769128044000,21,23,0,0,23,23,597,0.9988
29630552,1769128050000,26,21,0,0,21,21,597,0.9983
29630553,1769128056000,24,26,0,0,26,26,597,0.9983
29630554,1769128062000,27,24,0,0,24,24,597,0.9986
29630555,1769128068000,26,27,0,0,27,27,597,0.9986
29630556,1769128074000,27,26,0,0,26,26,597,0.9988
29630557,1769128080000,23,27,0,0,27,27,597,0.9988
29630558,1769128086000,26,23,0,0,23,23,597,0.9987
29630559,1769128092000,23,26,0,0,26,26,597,0.9985
29630560,1769128098000,24,23,0,0,23,23,597,0.9989
29630561,1769128104000,24,24,0,0,24,24,597,0.9987
29630562,1769128110000,25,24,0,0,24,24,597,0.9985
29630563,1769128116000,23,25,0,0,25,25,596,0.9991
29630564,1769128122000,24,23,0,0,23,23,596,0.9996
29630565,1769128128000,23,24,0,0,24,24,596,0.9994
29630566,1769128134000,27,23,0,0,23,23,597,0.9983
29630567,1769128140000,21,27,0,0,27,27,596,0.9975
29630568,1769128146000,23,21,0,0,21,21,597,0.9983
29630569,1769128152000,22,23,0,0,23,23,597,0.9985
29630570,1769128158000,24,22,0,0,22,22,596,0.9998
29630571,1769128164000,24,24,0,0,24,24,596,0.9997
29630572,1769128170000,24,24,0,0,24,24,596,0.9998
29630573,1769128176000,22,24,0,0,24,24,597,0.9983
29630574,1769128182000,24,22,0,0,22,22,595,0.9987
29630575,1769128188000,23,24,0,0,24,24,597,0.9976
29630576,1769128194000,25,23,0,0,23,23,597,0.9976
29630577,1769128200000,21,25,0,0,25,25,597,0.9983
29630578,1769128206000,23,21,0,0,21,21,596,0.9993
29630579,1769128212000,20,23,0,0,23,23,597,0.9977
29630580,1769128218000,22,20,0,0,20,20,596,0.9996
29630581,1769128224000,24,22,0,0,22,22,596,0.9998
29630582,1769128230000,27,24,0,0,24,24,597,0.9985
29630583,1769128236000,21,27,0,0,27,27,596,0.998
29630584,1769128242000,27,21,0,0,21,21,596,0.993
29630585,1769128248000,25,27,0,0,27,27,596,0.9817
29630586,1769128254000,29,25,0,0,25,25,594,0.9848
29630587,1769128260000,26,29,0,0,29,29,595,0.9881
29630588,1769128266000,29,26,0,0,26,26,596,0.9866
29630589,1769128272000,24,29,0,0,29,29,596,0.9928
29630590,1769128278000,31,24,0,0,24,24,597,0.9909
29630591,1769128284000,23,31,0,0,31,31,596,0.9938
29630592,1769128290000,29,23,0,0,23,23,596,0.9928
29630593,1769128296000,24,29,0,0,29,29,596,0.9945
29630594,1769128302000,28,24,0,0,24,24,596,0.9943
29630595,1769128308000,24,28,0,0,28,28,596,0.9895
29630596,1769128314000,27,24,0,0,24,24,596,0.993
29630597,1769128320000,20,27,0,0,27,27,596,0.9947
29630598,1769128326000,24,20,0,0,20,20,596,0.9934
29630599,1769128332000,22,24,0,0,24,24,596,0.9955
29630600,1769128338000,26,22,0,0,22,22,596,0.9965
29630601,1769128344000,26,26,0,0,26,26,596,0.9972
29630602,1769128350000,30,26,0,0,26,26,596,0.997
29630603,1769128356000,25,30,0,0,30,30,596,0.9973
29630604,1769128362000,27,25,0,0,25,25,596,0.9962
29630605,1769128368000,23,27,0,0,27,27,596,0.996
29630606,1769128374000,28,23,0,0,23,23,596,0.9954
29630607,1769128380000,25,28,0,0,28,28,596,0.9965
29630608,1769128386000,28,25,0,0,25,25,596,0.9962
29630609,1769128392000,24,28,0,0,28,28,596,0.9978
29630610,1769128398000,27,24,0,0,24,24,596,0.9983
29630611,1769128404000,25,27,0,0,27,27,596,0.9982
29630612,1769128410000,30,25,0,0,25,25,596,0.9985
29630613,1769128416000,21,30,0,0,30,30,596,0.9989
29630614,1769128422000,24,21,0,0,21,21,596,0.9995
29630615,1769128428000,22,24,0,0,24,24,596,0.9998
29630616,1769128434000,26,22,0,0,22,22,596,0.9998
29630617,1769128440000,23,26,0,0,26,26,596,0.9998
29630618,1769128446000,27,23,0,0,23,23,596,0.9991
29630619,1769128452000,22,27,0,0,27,27,596,0.9994
29630620,1769128458000,26,22,0,0,22,22,596,0.9998
29630621,1769128464000,25,26,0,0,26,26,596,0.9999
29630622,1769128470000,25,25,0,0,25,25,596,0.9991
29630623,1769128476000,22,25,0,0,25,25,596,0.9997
29630624,1769128482000,27,22,0,0,22,22,596,0.9993
29630625,1769128488000,24,27,0,0,27,27,596,0.9994
29630626,1769128494000,27,24,0,0,24,24,596,0.9994
29630627,1769128500000,26,27,0,0,27,27,596,0.9986
29630628,1769128506000,28,26,0,0,26,26,597,0.9979
29630629,1769128512000,26,28,0,0,28,28,597,0.9984
29630630,1769128518000,29,26,0,0,26,26,597,0.997
29630631,1769128524000,25,29,0,0,29,29,597,0.995
29630632,1769128530000,27,25,0,0,25,25,597,0.997
29630633,1769128536000,23,27,0,0,27,27,597,0.998
29630634,1769128542000,22,23,0,0,23,23,597,0.9983
29630635,1769128548000,23,22,0,0,22,22,596,0.9982
29630636,1769128554000,24,23,0,0,23,23,596,0.9981
29630637,1769128560000,23,24,0,0,24,24,597,0.9981
29630638,1769128566000,26,23,0,0,23,23,597,0.9983
29630639,1769128572000,22,26,0,0,26,26,597,0.9983
29630640,1769128578000,25,22,0,0,22,22,597,0.9981
29630641,1769128584000,23,25,0,0,25,25,597,0.9987
29630642,1769128590000,26,23,0,0,23,23,597,0.9985
29630643,1769128596000,23,26,0,0,26,26,597,0.9983
29630644,1769128602000,26,23,0,0,23,23,597,0.9989
29630645,1769128608000,22,26,0,0,26,26,597,0.9978
29630646,1769128614000,25,22,0,0,22,22,597,0.9984
29630647,1769128620000,24,25,0,0,25,25,597,0.9984
29630648,1769128626000,23,24,0,0,24,24,597,0.9986
29630649,1769128632000,23,23,0,0,23,23,597,0.9986
29630650,1769128638000,26,23,0,0,23,23,597,0.9986
29630651,1769128644000,24,26,0,0,26,26,596,0.9993
29630652,1769128650000,24,24,0,0,24,24,597,0.9981
29630653,1769128656000,22,24,0,0,24,24,597,0.9985
29630654,1769128662000,25,22,0,0,22,22,597,0.9981
29630655,1769128668000,26,25,0,0,25,25,596,0.9987
29630656,1769128674000,27,26,0,0,26,26,597,0.9981
29630657,1769128680000,23,27,0,0,27,27,597,0.998
29630658,1769128686000,25,23,0,0,23,23,596,0.9995
29630659,1769128692000,24,25,0,0,25,25,596,0.9994
29630660,1769128698000,27,24,0,0,24,24,596,0.9996
29630661,1769128704000,25,27,0,0,27,27,597,0.998
29630662,1769128710000,27,25,0,0,25,25,596,0.9999
29630663,1769128716000,25,27,0,0,27,27,596,0.9996
29630664,1769128722000,26,25,0,0,25,25,597,0.9987
29630665,1769128728000,26,26,0,0,26,26,596,0.9996
29630666,1769128734000,26,26,0,0,26,26,597,0.9985
29630667,1769128740000,25,26,0,0,26,26,597,0.9981
29630668,1769128746000,27,25,0,0,25,25,597,0.9983
29630669,1769128752000,23,27,0,0,27,27,597,0.9982
29630670,1769128758000,0,23,0,0,23,23,597,0.9983
29630671,1769128764000,30,0,0,0,0,0,595,0
29630672,1769128770000,21,30,0,0,30,30,596,0.9999
29630673,1769128776000,30,21,0,0,21,21,596,0.9998
29630674,1769128782000,25,30,0,0,30,30,596,0.9998
29630675,1769128788000,29,25,0,0,25,25,596,0.9997
29630676,1769128794000,22,29,0,0,29,29,596,0.9998
29630677,1769128800000,30,22,0,0,22,22,596,0.9997
29630678,1769128806000,25,30,0,0,30,30,596,0.9995
29630679,1769128812000,30,25,0,0,25,25,596,0.9983
29630680,1769128818000,24,30,0,0,30,30,596,0.9997
29630681,1769128824000,29,24,0,0,24,24,594,0.9998
29630682,1769128830000,25,29,0,0,29,29,596,0.9999
29630683,1769128836000,28,25,0,0,25,25,596,0.9996
29630684,1769128842000,23,28,0,0,28,28,596,0.9995
29630685,1769128848000,29,23,0,0,23,23,596,0.9994
29630686,1769128854000,24,29,0,0,29,29,596,0.9991
29630687,1769128860000,30,24,0,0,24,24,596,0.9997
29630688,1769128866000,20,30,0,0,30,30,596,0.9997
29630689,1769128872000,28,20,0,0,20,20,596,0.9997
29630690,1769128878000,24,28,0,0,28,28,596,0.9995
29630691,1769128884000,30,24,0,0,24,24,596,1
29630692,1769128890000,24,30,0,0,30,30,596,0.999
29630693,1769128896000,28,24,0,0,24,24,596,0.9999
29630694,1769128902000,21,28,0,0,28,28,596,0.9996
29630695,1769128908000,29,21,0,0,21,21,596,0.9995
29630696,1769128914000,23,29,0,0,29,29,596,0.999
29630697,1769128920000,29,23,0,0,23,23,595,0.999
29630698,1769128926000,21,29,0,0,29,29,596,0.9995
29630699,1769128932000,28,21,0,0,21,21,596,0.9997
29630700,1769128938000,23,28,0,0,28,28,596,0.9996
29630701,1769128944000,30,23,0,0,23,23,596,0.9988
29630702,1769128950000,25,30,0,0,30,30,596,0.9988
29630703,1769128956000,29,25,0,0,25,25,596,0.9997
29630704,1769128962000,22,29,0,0,29,29,596,0.9998
29630705,1769128968000,30,22,0,0,22,22,596,0.9998
29630706,1769128974000,23,30,0,0,30,30,596,0.9996
29630707,1769128980000,27,23,0,0,23,23,594,0.9996
29630708,1769128986000,22,27,0,0,27,27,596,0.9999
29630709,1769128992000,28,22,0,0,22,22,596,0.9998
29630710,1769128998000,24,28,0,0,28,28,596,0.9998
29630711,1769129004000,27,24,0,0,24,24,596,0.9999
29630712,1769129010000,23,27,0,0,27,27,596,0.9997
29630713,1769129016000,28,23,0,0,23,23,596,0.9996
29630714,1769129022000,26,28,0,0,28,28,596,0.9999
29630715,1769129028000,24,26,0,0,26,26,595,0.9999
29630716,1769129034000,22,24,0,0,24,24,596,0.9999
29630717,1769129040000,26,22,0,0,22,22,596,0.9998
29630718,1769129046000,25,26,0,0,26,26,596,0.9995
29630719,1769129052000,27,25,0,0,25,25,596,0.9996
29630720,1769129058000,25,27,0,0,27,27,597,0.998
29630721,1769129064000,26,25,0,0,25,25,597,0.9987
29630722,1769129070000,23,26,0,0,26,26,597,0.9984
29630723,1769129076000,28,23,0,0,23,23,597,0.9983
29630724,1769129082000,26,28,0,0,28,28,597,0.9984
29630725,1769129088000,26,26,0,0,26,26,596,0.9999
29630726,1769129094000,27,26,0,0,26,26,596,0.9999
29630727,1769129100000,27,27,0,0,27,27,597,0.9985
29630728,1769129106000,25,27,0,0,27,27,597,0.999
29630729,1769129112000,27,25,0,0,25,25,597,0.9987
29630730,1769129118000,24,27,0,0,27,27,597,0.9985
29630731,1769129124000,26,24,0,0,24,24,597,0.9989
29630732,1769129130000,25,26,0,0,26,26,597,0.9992
29630733,1769129136000,26,25,0,0,25,25,597,0.9989
29630734,1769129142000,27,26,0,0,26,26,597,0.9985
29630735,1769129148000,28,27,0,0,27,27,597,0.9983
29630736,1769129154000,24,28,0,0,28,28,597,0.9986
29630737,1769129160000,28,24,0,0,24,24,597,0.9989
29630738,1769129166000,25,28,0,0,28,28,597,0.9981
29630739,1769129172000,28,25,0,0,25,25,597,0.9984
29630740,1769129178000,25,28,0,0,28,28,596,0.9996
29630741,1769129184000,28,25,0,0,25,25,597,0.9989
29630742,1769129190000,25,28,0,0,28,28,597,0.9985
29630743,1769129196000,26,25,0,0,25,25,597,0.9981
29630744,1769129202000,24,26,0,0,26,26,597,0.9987
29630745,1769129208000,22,24,0,0,24,24,597,0.9985
29630746,1769129214000,25,22,0,0,22,22,596,0.9999
29630747,1769129220000,25,25,0,0,25,25,596,0.9998
29630748,1769129226000,26,25,0,0,25,25,596,0.9974
29630749,1769129232000,25,26,0,0,26,26,597,0.9939
29630750,1769129238000,25,25,0,0,25,25,594,0.9976
29630751,1769129244000,25,25,0,0,25,25,597,0.9987
29630752,1769129250000,26,25,0,0,25,25,597,0.9986
29630753,1769129256000,27,26,0,0,26,26,597,0.9986
29630754,1769129262000,26,27,0,0,27,27,597,0.9978
29630755,1769129268000,23,26,0,0,26,26,597,0.9983
29630756,1769129274000,27,23,0,0,23,23,597,0.9985
29630757,1769129280000,26,27,0,0,27,27,596,0.9994
29630758,1769129286000,25,26,0,0,26,26,597,0.9983
29630759,1769129292000,25,25,0,0,25,25,597,0.9983
29630760,1769129298000,27,25,0,0,25,25,597,0.9981
29630761,1769129304000,26,27,0,0,27,27,597,0.9983
29630762,1769129310000,27,26,0,0,26,26,597,0.9984
29630763,1769129316000,24,27,0,0,27,27,597,0.9983
29630764,1769129322000,26,24,0,0,24,24,597,0.9985
29630765,1769129328000,25,26,0,0,26,26,597,0.9986
29630766,1769129334000,25,25,0,0,25,25,596,0.9976
29630767,1769129340000,26,25,0,0,25,25,597,0.9985
29630768,1769129346000,25,26,0,0,26,26,597,0.9985
29630769,1769129352000,27,25,0,0,25,25,597,0.9985
29630770,1769129358000,26,27,0,0,27,27,597,0.9986
29630771,1769129364000,25,26,0,0,26,26,595,0.9984
29630772,1769129370000,25,25,0,0,25,25,594,0.9985
29630773,1769129376000,25,25,0,0,25,25,597,0.9985
29630774,1769129382000,22,25,0,0,25,25,596,0.9984
29630775,1769129388000,26,22,0,0,22,22,597,0.9979
29630776,1769129394000,26,26,0,0,26,26,597,0.9978
29630777,1769129400000,28,26,0,0,26,26,597,0.9987
29630778,1769129406000,22,28,0,0,28,28,597,0.9986
29630779,1769129412000,27,22,0,0,22,22,597,0.9975
29630780,1769129418000,23,27,0,0,27,27,597,0.9984
29630781,1769129424000,29,23,0,0,23,23,597,0.9983
29630782,1769129430000,22,29,0,0,29,29,597,0.9966
29630783,1769129436000,29,22,0,0,22,22,595,0.9986
29630784,1769129442000,23,29,0,0,29,29,597,0.9982
29630785,1769129448000,32,23,0,0,23,23,597,0.9979
29630786,1769129454000,22,32,0,0,32,32,597,0.9982
29630787,1769129460000,32,22,0,0,22,22,597,0.9982
29630788,1769129466000,21,32,0,0,32,32,596,0.9992
29630789,1769129472000,32,21,0,0,21,21,596,0.9998
29630790,1769129478000,21,32,0,0,32,32,596,0.9999
29630791,1769129484000,32,21,0,0,21,21,596,0.9999
29630792,1769129490000,20,32,0,0,32,32,596,0.9998
29630793,1769129496000,30,20,0,0,20,20,596,0.9999
29630794,1769129502000,21,30,0,0,30,30,596,0.9998
29630795,1769129508000,31,21,0,0,21,21,596,0.9997
29630796,1769129514000,21,31,0,0,31,31,596,0.9998
29630797,1769129520000,31,21,0,0,21,21,596,0.9998
29630798,1769129526000,23,31,0,0,31,31,597,0.9986
29630799,1769129532000,29,23,0,0,23,23,597,0.9984
29630800,1769129538000,21,29,0,0,29,29,597,0.9988
29630801,1769129544000,29,21,0,0,21,21,596,0.9999
29630802,1769129550000,23,29,0,0,29,29,595,0.9997
29630803,1769129556000,29,23,0,0,23,23,596,1
29630804,1769129562000,22,29,0,0,29,29,597,0.9987
29630805,1769129568000,30,22,0,0,22,22,597,0.9976
29630806,1769129574000,23,30,0,0,30,30,597,0.997
29630807,1769129580000,28,23,0,0,23,23,595,0.9996
29630808,1769129586000,19,28,0,0,28,28,597,0.9974
29630809,1769129592000,29,19,0,0,19,19,597,0.9986
29630810,1769129598000,22,29,0,0,29,29,597,0.9985
29630811,1769129604000,30,22,0,0,22,22,597,0.9986
29630812,1769129610000,21,30,0,0,30,30,596,0.9999
29630813,1769129616000,31,21,0,0,21,21,596,0.9984
29630814,1769129622000,21,31,0,0,31,31,597,0.9968
29630815,1769129628000,31,21,0,0,21,21,597,0.9987
29630816,1769129634000,21,31,0,0,31,31,596,0.9998
29630817,1769129640000,30,21,0,0,21,21,597,0.9988
29630818,1769129646000,22,30,0,0,30,30,597,0.9987
29630819,1769129652000,30,22,0,0,22,22,597,0.999
29630820,1769129658000,21,30,0,0,30,30,597,0.9987
29630821,1769129664000,31,21,0,0,21,21,597,0.9987
29630822,1769129670000,22,31,0,0,31,31,597,0.9986
29630823,1769129676000,31,22,0,0,22,22,597,0.999
29630824,1769129682000,20,31,0,0,31,31,597,0.9979
29630825,1769129688000,29,20,0,0,20,20,596,0.9996
29630826,1769129694000,22,29,0,0,29,29,596,1
29630827,1769129700000,27,22,0,0,22,22,596,0.9998
29630828,1769129706000,19,27,0,0,27,27,597,0.9982
29630829,1769129712000,30,19,0,0,19,19,596,0.9985
29630830,1769129718000,22,30,0,0,30,30,597,0.9987
29630831,1769129724000,29,22,0,0,22,22,597,0.9984
29630832,1769129730000,19,29,0,0,29,29,597,0.9987
29630833,1769129736000,28,19,0,0,19,19,597,0.9985
29630834,1769129742000,22,28,0,0,28,28,596,0.9999
29630835,1769129748000,31,22,0,0,22,22,597,0.9986
29630836,1769129754000,19,31,0,0,31,31,597,0.9986
29630837,1769129760000,29,19,0,0,19,19,597,0.9984
29630838,1769129766000,22,29,0,0,29,29,597,0.998
29630839,1769129772000,28,22,0,0,22,22,597,0.9982
29630840,1769129778000,22,28,0,0,28,28,597,0.9986
29630841,1769129784000,32,22,0,0,22,22,596,0.9997
29630842,1769129790000,21,32,0,0,32,32,597,0.9984
29630843,1769129796000,31,21,0,0,21,21,597,0.9986
29630844,1769129802000,22,31,0,0,31,31,597,0.9988
29630845,1769129808000,31,22,0,0,22,22,597,0.9965
29630846,1769129814000,21,31,0,0,31,31,597,0.9988
29630847,1769129820000,29,21,0,0,21,21,597,0.9986
29630848,1769129826000,22,29,0,0,29,29,597,0.9988
29630849,1769129832000,27,22,0,0,22,22,597,0.9988
29630850,1769129838000,20,27,0,0,27,27,597,0.9989
29630851,1769129844000,28,20,0,0,20,20,597,0.9988
29630852,1769129850000,23,28,0,0,28,28,597,0.999
29630853,1769129856000,30,23,0,0,23,23,597,0.9988
29630854,1769129862000,24,30,0,0,30,30,597,0.9986
29630855,1769129868000,30,24,0,0,24,24,596,0.9983
29630856,1769129874000,21,30,0,0,30,30,597,0.9988
29630857,1769129880000,30,21,0,0,21,21,597,0.9988
29630858,1769129886000,20,30,0,0,30,30,597,0.9987
29630859,1769129892000,28,20,0,0,20,20,596,0.9986
29630860,1769129898000,20,28,0,0,28,28,597,0.9989
29630861,1769129904000,28,20,0,0,20,20,597,0.9984
29630862,1769129910000,19,28,0,0,28,28,597,0.9983
29630863,1769129916000,30,19,0,0,19,19,597,0.9987
29630864,1769129922000,23,30,0,0,30,30,597,0.9985
29630865,1769129928000,28,23,0,0,23,23,597,0.9986
29630866,1769129934000,25,28,0,0,28,28,597,0.9981
29630867,1769129940000,26,25,0,0,25,25,597,0.9983
29630868,1769129946000,25,26,0,0,26,26,597,0.9981
29630869,1769129952000,28,25,0,0,25,25,597,0.9983
29630870,1769129958000,21,28,0,0,28,28,596,0.9998
29630871,1769129964000,29,21,0,0,21,21,596,0.9998
29630872,1769129970000,20,29,0,0,29,29,596,0.9996
29630873,1769129976000,28,20,0,0,20,20,596,0.9994
29630874,1769129982000,22,28,0,0,28,28,597,0.9986
29630875,1769129988000,31,22,0,0,22,22,597,0.9978
29630876,1769129994000,20,31,0,0,31,31,597,0.9986
29630877,1769130000000,31,20,0,0,20,20,596,0.9998
29630878,1769130006000,21,31,0,0,31,31,596,0.9997
29630879,1769130012000,31,21,0,0,21,21,596,1
29630880,1769130018000,22,31,0,0,31,31,597,0.9985
29630881,1769130024000,31,22,0,0,22,22,597,0.9977
29630882,1769130030000,22,31,0,0,31,31,595,0.9998
29630883,1769130036000,31,22,0,0,22,22,596,0.9998
29630884,1769130042000,22,31,0,0,31,31,596,0.9998
29630885,1769130048000,29,22,0,0,22,22,596,0.9998
29630886,1769130054000,22,29,0,0,29,29,596,0.9989
29630887,1769130060000,31,22,0,0,22,22,596,0.9998
29630888,1769130066000,22,31,0,0,31,31,596,0.9998
29630889,1769130072000,30,22,0,0,22,22,596,0.9998
29630890,1769130078000,22,30,0,0,30,30,596,0.9999
29630891,1769130084000,29,22,0,0,22,22,596,0.9998
29630892,1769130090000,22,29,0,0,29,29,596,0.9997
29630893,1769130096000,31,22,0,0,22,22,596,0.9991
29630894,1769130102000,22,31,0,0,31,31,596,0.9996
29630895,1769130108000,29,22,0,0,22,22,596,0.9998
29630896,1769130114000,19,29,0,0,29,29,596,0.9997
29630897,1769130120000,28,19,0,0,19,19,596,0.9996
29630898,1769130126000,22,28,0,0,28,28,596,0.9997
29630899,1769130132000,29,22,0,0,22,22,596,0.9995
29630900,1769130138000,23,29,0,0,29,29,596,0.9997
29630901,1769130144000,33,23,0,0,23,23,596,1
29630902,1769130150000,22,33,0,0,33,33,596,0.9998
29630903,1769130156000,27,22,0,0,22,22,596,0.9995
29630904,1769130162000,20,27,0,0,27,27,596,1
29630905,1769130168000,31,20,0,0,20,20,595,0.9998
29630906,1769130174000,21,31,0,0,31,31,596,1
29630907,1769130180000,29,21,0,0,21,21,596,0.9995
29630908,1769130186000,21,29,0,0,29,29,596,0.9991
29630909,1769130192000,30,21,0,0,21,21,596,0.9998
29630910,1769130198000,21,30,0,0,30,30,596,0.9998
29630911,1769130204000,30,21,0,0,21,21,596,1
29630912,1769130210000,20,30,0,0,30,30,596,1
29630913,1769130216000,29,20,0,0,20,20,596,0.9997
29630914,1769130222000,20,29,0,0,29,29,596,0.9999
29630915,1769130228000,30,20,0,0,20,20,596,0.9997
29630916,1769130234000,21,30,0,0,30,30,596,0.9997
29630917,1769130240000,30,21,0,0,21,21,596,1
29630918,1769130246000,18,30,0,0,30,30,596,0.9997
29630919,1769130252000,28,18,0,0,18,18,597,0.9991
29630920,1769130258000,23,28,0,0,28,28,597,0.9988
29630921,1769130264000,31,23,0,0,23,23,597,0.9979
29630922,1769130270000,19,31,0,0,31,31,597,0.9985
29630923,1769130276000,29,19,0,0,19,19,597,0.9984
29630924,1769130282000,19,29,0,0,29,29,597,0.999
29630925,1769130288000,29,19,0,0,19,19,597,0.9988
29630926,1769130294000,17,29,0,0,29,29,596,0.9997
29630927,1769130300000,26,17,0,0,17,17,597,0.9978
29630928,1769130306000,20,26,0,0,26,26,597,0.9989
29630929,1769130312000,28,20,0,0,20,20,597,0.9988
29630930,1769130318000,18,28,0,0,28,28,597,0.9989
29630931,1769130324000,29,18,0,0,18,18,597,0.9989
29630932,1769130330000,19,29,0,0,29,29,597,0.9987
29630933,1769130336000,32,19,0,0,19,19,597,0.9987
29630934,1769130342000,22,32,0,0,32,32,597,0.9984
29630935,1769130348000,29,22,0,0,22,22,597,0.999
29630936,1769130354000,19,29,0,0,29,29,597,0.9986
29630937,1769130360000,30,19,0,0,19,19,596,0.9991
29630938,1769130366000,19,30,0,0,30,30,597,0.9979
29630939,1769130372000,27,19,0,0,19,19,597,0.9985
29630940,1769130378000,22,27,0,0,27,27,596,0.9986
29630941,1769130384000,30,22,0,0,22,22,597,0.9989
29630942,1769130390000,19,30,0,0,30,30,597,0.9982
29630943,1769130396000,29,19,0,0,19,19,597,0.9987
29630944,1769130402000,21,29,0,0,29,29,597,0.9979
29630945,1769130408000,30,21,0,0,21,21,597,0.9986
29630946,1769130414000,22,30,0,0,30,30,597,0.9988
29630947,1769130420000,33,22,0,0,22,22,597,0.9986
29630948,1769130426000,21,33,0,0,33,33,596,0.9995
29630949,1769130432000,32,21,0,0,21,21,597,0.9982
29630950,1769130438000,22,32,0,0,32,32,596,0.9992
29630951,1769130444000,30,22,0,0,22,22,596,0.999
29630952,1769130450000,22,30,0,0,30,30,597,0.9985
29630953,1769130456000,31,22,0,0,22,22,597,0.9984
29630954,1769130462000,19,31,0,0,31,31,595,0.9998
29630955,1769130468000,31,19,0,0,19,19,597,0.9987
29630956,1769130474000,20,31,0,0,31,31,597,0.9985
29630957,1769130480000,29,20,0,0,20,20,597,0.9987
29630958,1769130486000,20,29,0,0,29,29,597,0.9916
29630959,1769130492000,26,20,0,0,20,20,597,0.9932
29630960,1769130498000,19,26,0,0,26,26,597,0.9941
29630961,1769130504000,29,19,0,0,19,19,596,0.9934
29630962,1769130510000,21,29,0,0,29,29,596,0.9968
29630963,1769130516000,28,21,0,0,21,21,597,0.9942
29630964,1769130522000,22,28,0,0,28,28,597,0.9949
29630965,1769130528000,30,22,0,0,22,22,597,0.9915
29630966,1769130534000,21,30,0,0,30,30,597,0.9917
29630967,1769130540000,28,21,0,0,21,21,597,0.9943
29630968,1769130546000,24,28,0,0,28,28,596,0.9953
29630969,1769130552000,29,24,0,0,24,24,597,0.9924
29630970,1769130558000,21,29,0,0,29,29,597,0.9959
29630971,1769130564000,31,21,0,0,21,21,597,0.9966
29630972,1769130570000,23,31,0,0,31,31,597,0.9959
29630973,1769130576000,30,23,0,0,23,23,597,0.996
29630974,1769130582000,24,30,0,0,30,30,597,0.9949
29630975,1769130588000,28,24,0,0,24,24,597,0.9909
29630976,1769130594000,21,28,0,0,28,28,596,0.9976
29630977,1769130600000,31,21,0,0,21,21,597,0.9964
29630978,1769130606000,21,31,0,0,31,31,597,0.9968
29630979,1769130612000,27,21,0,0,21,21,597,0.9956
29630980,1769130618000,23,27,0,0,27,27,596,0.9986
29630981,1769130624000,28,23,0,0,23,23,597,0.9975
29630982,1769130630000,20,28,0,0,28,28,597,0.9966
29630983,1769130636000,30,20,0,0,20,20,597,0.9963
29630984,1769130642000,21,30,0,0,30,30,597,0.9934
29630985,1769130648000,32,21,0,0,21,21,597,0.995
29630986,1769130654000,21,32,0,0,32,32,597,0.9963
29630987,1769130660000,30,21,0,0,21,21,596,0.9982
29630988,1769130666000,20,30,0,0,30,30,597,0.9985
29630989,1769130672000,33,20,0,0,20,20,596,0.9999
29630990,1769130678000,19,33,0,0,33,33,596,0.9995
29630991,1769130684000,31,19,0,0,19,19,596,0.9996
29630992,1769130690000,22,31,0,0,31,31,596,0.9998
29630993,1769130696000,29,22,0,0,22,22,596,0.9999
29630994,1769130702000,18,29,0,0,29,29,596,0.9998
29630995,1769130708000,29,18,0,0,18,18,596,0.9997
29630996,1769130714000,19,29,0,0,29,29,596,0.9998
29630997,1769130720000,29,19,0,0,19,19,597,0.999
29630998,1769130726000,22,29,0,0,29,29,596,0.9986
29630999,1769130732000,30,22,0,0,22,22,597,0.999
29631000,1769130738000,23,30,0,0,30,30,597,0.9987
29631001,1769130744000,33,23,0,0,23,23,597,0.9983
29631002,1769130750000,22,33,0,0,33,33,597,0.9986
29631003,1769130756000,32,22,0,0,22,22,597,0.9989
29631004,1769130762000,23,32,0,0,32,32,597,0.9986
29631005,1769130768000,28,23,0,0,23,23,597,0.9984
29631006,1769130774000,20,28,0,0,28,28,597,0.9985
29631007,1769130780000,27,20,0,0,20,20,597,0.9979
29631008,1769130786000,21,27,0,0,27,27,597,0.9985
29631009,1769130792000,29,21,0,0,21,21,597,0.9986
29631010,1769130798000,22,29,0,0,29,29,597,0.999
29631011,1769130804000,32,22,0,0,22,22,597,0.9986
29631012,1769130810000,21,32,0,0,32,32,597,0.9988
29631013,1769130816000,29,21,0,0,21,21,597,0.999
29631014,1769130822000,21,29,0,0,29,29,597,0.9983
29631015,1769130828000,31,21,0,0,21,21,597,0.9987
29631016,1769130834000,20,31,0,0,31,31,597,0.9986
29631017,1769130840000,30,20,0,0,20,20,597,0.9987
29631018,1769130846000,19,30,0,0,30,30,597,0.9988
29631019,1769130852000,31,19,0,0,19,19,597,0.9987
29631020,1769130858000,21,31,0,0,31,31,596,0.9986
29631021,1769130864000,31,21,0,0,21,21,597,0.9985
29631022,1769130870000,21,31,0,0,31,31,597,0.9986
29631023,1769130876000,29,21,0,0,21,21,597,0.9982
29631024,1769130882000,20,29,0,0,29,29,597,0.9985
29631025,1769130888000,31,20,0,0,20,20,597,0.9977
29631026,1769130894000,22,31,0,0,31,31,597,0.9984
29631027,1769130900000,30,22,0,0,22,22,597,0.9985
29631028,1769130906000,20,30,0,0,30,30,597,0.9986
29631029,1769130912000,32,20,0,0,20,20,597,0.9986
29631030,1769130918000,19,32,0,0,32,32,597,0.9982
29631031,1769130924000,32,19,0,0,19,19,597,0.9988
29631032,1769130930000,21,32,0,0,32,32,597,0.9983
29631033,1769130936000,30,21,0,0,21,21,596,0.9987
29631034,1769130942000,21,30,0,0,30,30,597,0.9978
29631035,1769130948000,29,21,0,0,21,21,597,0.9983
29631036,1769130954000,19,29,0,0,29,29,597,0.9984
29631037,1769130960000,29,19,0,0,19,19,597,0.9981
29631038,1769130966000,19,29,0,0,29,29,596,0.9994
29631039,1769130972000,28,19,0,0,19,19,596,0.9998
29631040,1769130978000,21,28,0,0,28,28,597,0.998
29631041,1769130984000,33,21,0,0,21,21,597,0.9982
29631042,1769130990000,20,33,0,0,33,33,597,0.9987
29631043,1769130996000,31,20,0,0,20,20,596,0.9997
29631044,1769131002000,19,31,0,0,31,31,597,0.9984
29631045,1769131008000,32,19,0,0,19,19,597,0.9983
29631046,1769131014000,18,32,0,0,32,32,597,0.9986
29631047,1769131020000,29,18,0,0,18,18,597,0.9976
29631048,1769131026000,19,29,0,0,29,29,597,0.9975
29631049,1769131032000,30,19,0,0,19,19,597,0.9983
29631050,1769131038000,18,30,0,0,30,30,597,0.9984
29631051,1769131044000,29,18,0,0,18,18,597,0.9984
29631052,1769131050000,21,29,0,0,29,29,597,0.9982
29631053,1769131056000,28,21,0,0,21,21,597,0.9985
29631054,1769131062000,22,28,0,0,28,28,597,0.9985
29631055,1769131068000,31,22,0,0,22,22,597,0.9989
29631056,1769131074000,21,31,0,0,31,31,597,0.9989
29631057,1769131080000,28,21,0,0,21,21,597,0.9989
29631058,1769131086000,22,28,0,0,28,28,597,0.9989
29631059,1769131092000,28,22,0,0,22,22,596,0.9989
29631060,1769131098000,23,28,0,0,28,28,597,0.9986
29631061,1769131104000,28,23,0,0,23,23,597,0.9988
29631062,1769131110000,22,28,0,0,28,28,596,0.9989
29631063,1769131116000,31,22,0,0,22,22,597,0.9986
29631064,1769131122000,21,31,0,0,31,31,597,0.9985
29631065,1769131128000,29,21,0,0,21,21,597,0.9986
29631066,1769131134000,22,29,0,0,29,29,597,0.9985
29631067,1769131140000,29,22,0,0,22,22,597,0.9982
29631068,1769131146000,21,29,0,0,29,29,596,0.9984
29631069,1769131152000,29,21,0,0,21,21,595,0.9998
29631070,1769131158000,20,29,0,0,29,29,596,0.9997
29631071,1769131164000,29,20,0,0,20,20,596,0.9987
29631072,1769131170000,19,29,0,0,29,29,596,0.9999
29631073,1769131176000,28,19,0,0,19,19,596,0.9999
29631074,1769131182000,21,28,0,0,28,28,596,0.9998
29631075,1769131188000,29,21,0,0,21,21,596,1
29631076,1769131194000,18,29,0,0,29,29,596,0.9997
29631077,1769131200000,29,18,0,0,18,18,595,0.9997
29631078,1769131206000,19,29,0,0,29,29,596,0.9998
29631079,1769131212000,28,19,0,0,19,19,596,0.9996
29631080,1769131218000,19,28,0,0,28,28,596,0.9998
29631081,1769131224000,30,19,0,0,19,19,596,0.9986
29631082,1769131230000,21,30,0,0,30,30,596,0.9997
29631083,1769131236000,32,21,0,0,21,21,596,1
29631084,1769131242000,22,32,0,0,32,32,596,0.9999
29631085,1769131248000,30,22,0,0,22,22,596,0.9996
29631086,1769131254000,21,30,0,0,30,30,596,0.9994
29631087,1769131260000,28,21,0,0,21,21,596,0.9997
29631088,1769131266000,21,28,0,0,28,28,596,0.9998
29631089,1769131272000,28,21,0,0,21,21,597,0.9987
29631090,1769131278000,20,28,0,0,28,28,596,0.9999
29631091,1769131284000,32,20,0,0,20,20,596,0.9999
29631092,1769131290000,19,32,0,0,32,32,597,0.9985
29631093,1769131296000,27,19,0,0,19,19,597,0.9984
29631094,1769131302000,20,27,0,0,27,27,596,1
29631095,1769131308000,25,20,0,0,20,20,597,0.9987
29631096,1769131314000,19,25,0,0,25,25,596,0.9998
29631097,1769131320000,26,19,0,0,19,19,597,0.9989
29631098,1769131326000,19,26,0,0,26,26,597,0.9987
29631099,1769131332000,28,19,0,0,19,19,596,0.9991
29631100,1769131338000,18,28,0,0,28,28,597,0.9985
29631101,1769131344000,27,18,0,0,18,18,597,0.9987
29631102,1769131350000,21,27,0,0,27,27,597,0.9978
29631103,1769131356000,28,21,0,0,21,21,596,0.9998
29631104,1769131362000,21,28,0,0,28,28,596,0.9999
29631105,1769131368000,26,21,0,0,21,21,597,0.9986
29631106,1769131374000,20,26,0,0,26,26,597,0.9988
29631107,1769131380000,21,20,0,0,20,20,596,0.9996
29631108,1769131386000,21,21,0,0,21,21,596,0.9998
29631109,1769131392000,22,21,0,0,21,21,596,0.9998
29631110,1769131398000,23,22,0,0,22,22,596,0.9998
29631111,1769131404000,21,23,0,0,23,23,596,0.9999
29631112,1769131410000,22,21,0,0,21,21,596,0.9999
29631113,1769131416000,25,22,0,0,22,22,596,0.9986
29631114,1769131422000,25,25,0,0,25,25,597,0.9981
29631115,1769131428000,24,25,0,0,25,25,597,0.9989
29631116,1769131434000,26,24,0,0,24,24,597,0.9987
29631117,1769131440000,26,26,0,0,26,26,597,0.999
29631118,1769131446000,26,26,0,0,26,26,597,0.9986
29631119,1769131452000,25,26,0,0,26,26,597,0.9988
29631120,1769131458000,30,25,0,0,25,25,597,0.9984
29631121,1769131464000,24,30,0,0,30,30,597,0.9971
29631122,1769131470000,28,24,0,0,24,24,597,0.9987
29631123,1769131476000,27,28,0,0,28,28,597,0.9987
29631124,1769131482000,25,27,0,0,27,27,597,0.9988
29631125,1769131488000,27,25,0,0,25,25,597,0.9974
29631126,1769131494000,25,27,0,0,27,27,597,0.9984
29631127,1769131500000,24,25,0,0,25,25,597,0.9987
29631128,1769131506000,24,24,0,0,24,24,597,0.9982
29631129,1769131512000,24,24,0,0,24,24,596,0.9997
29631130,1769131518000,26,24,0,0,24,24,597,0.9989
29631131,1769131524000,23,26,0,0,26,26,597,0.9986
29631132,1769131530000,27,23,0,0,23,23,597,0.999
29631133,1769131536000,24,27,0,0,27,27,597,0.9987
29631134,1769131542000,27,24,0,0,24,24,597,0.9985
29631135,1769131548000,21,27,0,0,27,27,597,0.9989
29631136,1769131554000,23,21,0,0,21,21,597,0.9987
29631137,1769131560000,24,23,0,0,23,23,597,0.9988
29631138,1769131566000,24,24,0,0,24,24,597,0.9985
29631139,1769131572000,27,24,0,0,24,24,597,0.999
29631140,1769131578000,25,27,0,0,27,27,597,0.9988
29631141,1769131584000,23,25,0,0,25,25,597,0.9977
29631142,1769131590000,25,23,0,0,23,23,597,0.9983
29631143,1769131596000,25,25,0,0,25,25,597,0.9989
29631144,1769131602000,26,25,0,0,25,25,597,0.9986
29631145,1769131608000,27,26,0,0,26,26,597,0.9988
29631146,1769131614000,28,27,0,0,27,27,597,0.9958
29631147,1769131620000,25,28,0,0,28,28,596,0.9943
29631148,1769131626000,29,25,0,0,25,25,597,0.9983
29631149,1769131632000,24,29,0,0,29,29,597,0.9988
29631150,1769131638000,29,24,0,0,24,24,597,0.999
29631151,1769131644000,24,29,0,0,29,29,597,0.9986
29631152,1769131650000,28,24,0,0,24,24,597,0.9987
29631153,1769131656000,27,28,0,0,28,28,596,1
29631154,1769131662000,27,27,0,0,27,27,596,0.9996
29631155,1769131668000,25,27,0,0,27,27,596,0.9999
29631156,1769131674000,25,25,0,0,25,25,596,0.9988
29631157,1769131680000,28,25,0,0,25,25,597,0.9982
29631158,1769131686000,25,28,0,0,28,28,597,0.9986
29631159,1769131692000,25,25,0,0,25,25,596,0.9993
29631160,1769131698000,26,25,0,0,25,25,597,0.9986
29631161,1769131704000,27,26,0,0,26,26,597,0.9989
29631162,1769131710000,26,27,0,0,27,27,597,0.9988
29631163,1769131716000,27,26,0,0,26,26,597,0.9988
29631164,1769131722000,1,27,0,0,27,27,597,0.9986
29631165,1769131728000,34,1,0,0,1,1,597,0.9983
29631166,1769131734000,19,34,0,0,34,34,597,0.9984
29631167,1769131740000,31,19,0,0,19,19,597,0.9974
29631168,1769131746000,23,31,0,0,31,31,597,0.9976
29631169,1769131752000,28,23,0,0,23,23,596,0.9996
29631170,1769131758000,26,28,0,0,28,28,596,0.9996
29631171,1769131764000,27,26,0,0,26,26,597,0.9981
29631172,1769131770000,22,27,0,0,27,27,597,0.9987
29631173,1769131776000,25,22,0,0,22,22,597,0.9982
29631174,1769131782000,23,25,0,0,25,25,596,0.9995
29631175,1769131788000,27,23,0,0,23,23,597,0.9985
29631176,1769131794000,24,27,0,0,27,27,597,0.9985
29631177,1769131800000,27,24,0,0,24,24,597,0.9985
29631178,1769131806000,22,27,0,0,27,27,596,0.9999
29631179,1769131812000,27,22,0,0,22,22,597,0.9986
29631180,1769131818000,25,27,0,0,27,27,597,0.9984
29631181,1769131824000,28,25,0,0,25,25,597,0.9986
29631182,1769131830000,25,28,0,0,28,28,597,0.9986
29631183,1769131836000,28,25,0,0,25,25,597,0.9989
29631184,1769131842000,21,28,0,0,28,28,597,0.9987
29631185,1769131848000,29,21,0,0,21,21,597,0.9989
29631186,1769131854000,23,29,0,0,29,29,596,0.9999
29631187,1769131860000,28,23,0,0,23,23,597,0.9984
29631188,1769131866000,24,28,0,0,28,28,597,0.9984
29631189,1769131872000,25,24,0,0,24,24,596,1
29631190,1769131878000,23,25,0,0,25,25,596,0.9999
29631191,1769131884000,25,23,0,0,23,23,597,0.9987
29631192,1769131890000,25,25,0,0,25,25,597,0.9989
29631193,1769131896000,28,25,0,0,25,25,597,0.9982
29631194,1769131902000,23,28,0,0,28,28,597,0.9989
29631195,1769131908000,28,23,0,0,23,23,597,0.9986
29631196,1769131914000,21,28,0,0,28,28,597,0.999
29631197,1769131920000,23,21,0,0,21,21,597,0.999
29631198,1769131926000,22,23,0,0,23,23,597,0.9965
29631199,1769131932000,25,22,0,0,22,22,597,0.9987
29631200,1769131938000,24,25,0,0,25,25,596,0.9999
29631201,1769131944000,25,24,0,0,24,24,597,0.999
29631202,1769131950000,23,25,0,0,25,25,597,0.9987
29631203,1769131956000,27,23,0,0,23,23,597,0.9983
29631204,1769131962000,24,27,0,0,27,27,587,0.9988
29631205,1769131968000,29,24,0,0,24,24,597,0.9985
29631206,1769131974000,25,29,0,0,29,29,597,0.9987
29631207,1769131980000,27,25,0,0,25,25,593,1
29631208,1769131986000,24,27,0,0,27,27,597,0.9989
29631209,1769131992000,24,24,0,0,24,24,597,0.9983
29631210,1769131998000,26,24,0,0,24,24,597,0.9982
29631211,1769132004000,26,26,0,0,26,26,597,0.999
29631212,1769132010000,22,26,0,0,26,26,597,0.999
29631213,1769132016000,26,22,0,0,22,22,597,0.9989
29631214,1769132022000,23,26,0,0,26,26,597,0.9989
29631215,1769132028000,24,23,0,0,23,23,597,0.9988
29631216,1769132034000,21,24,0,0,24,24,597,0.9987
29631217,1769132040000,24,21,0,0,21,21,597,0.9987
29631218,1769132046000,24,24,0,0,24,24,597,0.9894
29631219,1769132052000,25,24,0,0,24,24,597,0.9985
29631220,1769132058000,27,25,0,0,25,25,597,0.9991
29631221,1769132064000,24,27,0,0,27,27,596,0.9999
29631222,1769132070000,27,24,0,0,24,24,597,0.999
29631223,1769132076000,26,27,0,0,27,27,597,0.9991
29631224,1769132082000,26,26,0,0,26,26,597,0.999
29631225,1769132088000,25,26,0,0,26,26,597,0.9988
29631226,1769132094000,23,25,0,0,25,25,597,0.999
29631227,1769132100000,25,23,0,0,23,23,596,0.999
29631228,1769132106000,25,25,0,0,25,25,597,0.9988
29631229,1769132112000,26,25,0,0,25,25,597,0.9988
29631230,1769132118000,23,26,0,0,26,26,597,0.9989
29631231,1769132124000,28,23,0,0,23,23,597,0.9988
29631232,1769132130000,21,28,0,0,28,28,597,0.9983
29631233,1769132136000,28,21,0,0,21,21,597,0.9987
29631234,1769132142000,26,28,0,0,28,28,597,0.9991
29631235,1769132148000,27,26,0,0,26,26,597,0.9987
29631236,1769132154000,24,27,0,0,27,27,597,0.9986
29631237,1769132160000,28,24,0,0,24,24,596,0.9999
29631238,1769132166000,25,28,0,0,28,28,596,0.9997
29631239,1769132172000,29,25,0,0,25,25,597,0.9964
29631240,1769132178000,26,29,0,0,29,29,597,0.9988
29631241,1769132184000,28,26,0,0,26,26,597,0.9985
29631242,1769132190000,25,28,0,0,28,28,596,0.9988
29631243,1769132196000,30,25,0,0,25,25,597,0.9987
29631244,1769132202000,23,30,0,0,30,30,597,0.9991
29631245,1769132208000,30,23,0,0,23,23,597,0.9988
29631246,1769132214000,25,30,0,0,30,30,597,0.9985
29631247,1769132220000,28,25,0,0,25,25,597,0.9985
29631248,1769132226000,23,28,0,0,28,28,597,0.9987
29631249,1769132232000,28,23,0,0,23,23,597,0.9966
29631250,1769132238000,24,28,0,0,28,28,596,0.9988
29631251,1769132244000,28,24,0,0,24,24,596,0.9988
29631252,1769132250000,24,28,0,0,28,28,597,0.9983
29631253,1769132256000,29,24,0,0,24,24,596,0.9995
29631254,1769132262000,25,29,0,0,29,29,596,0.9994
29631255,1769132268000,29,25,0,0,25,25,596,0.9999
29631256,1769132274000,21,29,0,0,29,29,596,0.9997
29631257,1769132280000,27,21,0,0,21,21,596,0.9998
29631258,1769132286000,23,27,0,0,27,27,597,0.9988
29631259,1769132292000,29,23,0,0,23,23,597,0.9992
29631260,1769132298000,25,29,0,0,29,29,596,0.9998
29631261,1769132304000,26,25,0,0,25,25,597,0.9987
29631262,1769132310000,24,26,0,0,26,26,596,0.9999
29631263,1769132316000,29,24,0,0,24,24,597,0.9989
29631264,1769132322000,25,29,0,0,29,29,597,0.9988
29631265,1769132328000,27,25,0,0,25,25,597,0.9989
29631266,1769132334000,25,27,0,0,27,27,597,0.9989
29631267,1769132340000,28,25,0,0,25,25,597,0.9988
29631268,1769132346000,25,28,0,0,28,28,597,0.9988
29631269,1769132352000,27,25,0,0,25,25,597,0.9985
29631270,1769132358000,26,27,0,0,27,27,596,0.9998
29631271,1769132364000,27,26,0,0,26,26,596,1
29631272,1769132370000,24,27,0,0,27,27,597,0.9983
29631273,1769132376000,27,24,0,0,24,24,597,0.999
29631274,1769132382000,23,27,0,0,27,27,596,1
29631275,1769132388000,25,23,0,0,23,23,597,0.9985
29631276,1769132394000,25,25,0,0,25,25,597,0.9973
29631277,1769132400000,27,25,0,0,25,25,597,0.9984
29631278,1769132406000,24,27,0,0,27,27,597,0.9966
29631279,1769132412000,29,24,0,0,24,24,597,0.9978
29631280,1769132418000,25,29,0,0,29,29,597,0.9985
29631281,1769132424000,27,25,0,0,25,25,597,0.9985
29631282,1769132430000,27,27,0,0,27,27,597,0.9975
29631283,1769132436000,28,27,0,0,27,27,596,0.9983
29631284,1769132442000,26,28,0,0,28,28,597,0.9985
29631285,1769132448000,27,26,0,0,26,26,596,0.9983
29631286,1769132454000,22,27,0,0,27,27,597,0.9968
29631287,1769132460000,31,22,0,0,22,22,597,0.9981
29631288,1769132466000,19,31,0,0,31,31,597,0.9981
29631289,1769132472000,34,19,0,0,19,19,596,0.9998
29631290,1769132478000,21,34,0,0,34,34,597,0.9986
29631291,1769132484000,32,21,0,0,21,21,597,0.9985
29631292,1769132490000,22,32,0,0,32,32,596,0.9998
29631293,1769132496000,29,22,0,0,22,22,596,0.9998
29631294,1769132502000,19,29,0,0,29,29,597,0.9987
29631295,1769132508000,30,19,0,0,19,19,596,0.9992
29631296,1769132514000,20,30,0,0,30,30,596,0.9997
29631297,1769132520000,31,20,0,0,20,20,596,0.9996
29631298,1769132526000,22,31,0,0,31,31,596,0.9998
29631299,1769132532000,33,22,0,0,22,22,596,0.9998
29631300,1769132538000,21,33,0,0,33,33,596,0.9999
29631301,1769132544000,33,21,0,0,21,21,597,0.9987
29631302,1769132550000,18,33,0,0,33,33,597,0.9983
29631303,1769132556000,31,18,0,0,18,18,596,0.9997
29631304,1769132562000,22,31,0,0,31,31,596,0.9998
29631305,1769132568000,33,22,0,0,22,22,597,0.9989
29631306,1769132574000,21,33,0,0,33,33,596,0.9998
29631307,1769132580000,34,21,0,0,21,21,597,0.9989
29631308,1769132586000,19,34,0,0,34,34,596,0.9998
29631309,1769132592000,32,19,0,0,19,19,596,0.9992
29631310,1769132598000,21,32,0,0,32,32,597,0.9975
29631311,1769132604000,32,21,0,0,21,21,597,0.9968
29631312,1769132610000,20,32,0,0,32,32,596,0.9986
29631313,1769132616000,32,20,0,0,20,20,596,0.9995
29631314,1769132622000,21,32,0,0,32,32,597,0.9969
29631315,1769132628000,31,21,0,0,21,21,597,0.9965
29631316,1769132634000,20,31,0,0,31,31,597,0.9979
29631317,1769132640000,33,20,0,0,20,20,597,0.9984
29631318,1769132646000,21,33,0,0,33,33,597,0.9987
29631319,1769132652000,33,21,0,0,21,21,597,0.9904
29631320,1769132658000,19,33,0,0,33,33,597,0.9928
29631321,1769132664000,33,19,0,0,19,19,597,0.9969
29631322,1769132670000,20,33,0,0,33,33,596,0.9974
29631323,1769132676000,34,20,0,0,20,20,597,0.9976
29631324,1769132682000,17,34,0,0,34,34,597,0.9979
29631325,1769132688000,32,17,0,0,17,17,596,0.998
29631326,1769132694000,19,32,0,0,32,32,597,0.9988
29631327,1769132700000,30,19,0,0,19,19,597,0.9989
29631328,1769132706000,15,30,0,0,30,30,597,0.9989
29631329,1769132712000,32,15,0,0,15,15,596,0.9993
29631330,1769132718000,18,32,0,0,32,32,597,0.999
29631331,1769132724000,32,18,0,0,18,18,597,0.9991
29631332,1769132730000,17,32,0,0,32,32,597,0.9975
29631333,1769132736000,34,17,0,0,17,17,597,0.9992
29631334,1769132742000,17,34,0,0,34,34,597,0.9984
29631335,1769132748000,32,17,0,0,17,17,597,0.9982
29631336,1769132754000,18,32,0,0,32,32,597,0.9986
29631337,1769132760000,35,18,0,0,18,18,597,0.9987
29631338,1769132766000,18,35,0,0,35,35,596,0.9981
29631339,1769132772000,35,18,0,0,18,18,597,0.9957
29631340,1769132778000,19,35,0,0,35,35,597,0.9942
29631341,1769132784000,35,19,0,0,19,19,597,0.9981
29631342,1769132790000,21,35,0,0,35,35,596,0.9977
29631343,1769132796000,31,21,0,0,21,21,597,0.9942
29631344,1769132802000,20,31,0,0,31,31,597,0.9942
29631345,1769132808000,32,20,0,0,20,20,597,0.9961
29631346,1769132814000,22,32,0,0,32,32,597,0.9968
29631347,1769132820000,31,22,0,0,22,22,596,0.9983
29631348,1769132826000,24,31,0,0,31,31,597,0.9986
29631349,1769132832000,29,24,0,0,24,24,597,0.9877
29631350,1769132838000,20,29,0,0,29,29,597,0.9923
29631351,1769132844000,28,20,0,0,20,20,597,0.9963
29631352,1769132850000,21,28,0,0,28,28,597,0.9948
29631353,1769132856000,28,21,0,0,21,21,596,0.9981
29631354,1769132862000,23,28,0,0,28,28,596,0.995
29631355,1769132868000,30,23,0,0,23,23,596,0.9915
29631356,1769132874000,21,30,0,0,30,30,597,0.9974
29631357,1769132880000,31,21,0,0,21,21,597,0.9972
29631358,1769132886000,26,31,0,0,31,31,597,0.9985
29631359,1769132892000,29,26,0,0,26,26,597,0.9985
29631360,1769132898000,25,29,0,0,29,29,597,0.9985
29631361,1769132904000,28,25,0,0,25,25,597,0.9959
29631362,1769132910000,24,28,0,0,28,28,597,0.998
29631363,1769132916000,29,24,0,0,24,24,597,0.9987
29631364,1769132922000,22,29,0,0,29,29,597,0.9988
29631365,1769132928000,27,22,0,0,22,22,597,0.9982
29631366,1769132934000,25,27,0,0,27,27,596,0.9996
29631367,1769132940000,27,25,0,0,25,25,597,0.9991
29631368,1769132946000,25,27,0,0,27,27,597,0.9983
29631369,1769132952000,28,25,0,0,25,25,596,0.9999
29631370,1769132958000,24,28,0,0,28,28,597,0.999
29631371,1769132964000,27,24,0,0,24,24,597,0.9991
29631372,1769132970000,23,27,0,0,27,27,597,0.9991
29631373,1769132976000,25,23,0,0,23,23,597,0.999
29631374,1769132982000,20,25,0,0,25,25,597,0.9984
29631375,1769132988000,29,20,0,0,20,20,597,0.9983
29631376,1769132994000,22,29,0,0,29,29,597,0.9987
29631377,1769133000000,28,22,0,0,22,22,596,0.9996
29631378,1769133006000,20,28,0,0,28,28,597,0.9986
29631379,1769133012000,27,20,0,0,20,20,597,0.9988
29631380,1769133018000,23,27,0,0,27,27,597,0.9989
29631381,1769133024000,27,23,0,0,23,23,597,0.9988
29631382,1769133030000,27,27,0,0,27,27,597,0.999
29631383,1769133036000,26,27,0,0,27,27,596,0.9986
29631384,1769133042000,22,26,0,0,26,26,597,0.9988
29631385,1769133048000,24,22,0,0,22,22,597,0.9989
29631386,1769133054000,24,24,0,0,24,24,597,0.9989
29631387,1769133060000,25,24,0,0,24,24,597,0.9983
29631388,1769133066000,25,25,0,0,25,25,596,0.9995
29631389,1769133072000,22,25,0,0,25,25,597,0.9987
29631390,1769133078000,26,22,0,0,22,22,597,0.9982
29631391,1769133084000,25,26,0,0,26,26,597,0.9986
29631392,1769133090000,25,25,0,0,25,25,597,0.9982
29631393,1769133096000,25,25,0,0,25,25,597,0.9987
29631394,1769133102000,26,25,0,0,25,25,597,0.9986
29631395,1769133108000,24,26,0,0,26,26,597,0.9988
29631396,1769133114000,25,24,0,0,24,24,596,0.9998
29631397,1769133120000,26,25,0,0,25,25,597,0.9991
29631398,1769133126000,28,26,0,0,26,26,597,0.9963
29631399,1769133132000,25,28,0,0,28,28,597,0.9957
29631400,1769133138000,26,25,0,0,25,25,597,0.9974
29631401,1769133144000,26,26,0,0,26,26,597,0.9987
29631402,1769133150000,29,26,0,0,26,26,597,0.9986
29631403,1769133156000,27,29,0,0,29,29,597,0.9986
29631404,1769133162000,26,27,0,0,27,27,597,0.9984
29631405,1769133168000,25,26,0,0,26,26,597,0.9986
29631406,1769133174000,29,25,0,0,25,25,597,0.9988
29631407,1769133180000,25,29,0,0,29,29,597,0.9986
29631408,1769133186000,25,25,0,0,25,25,597,0.9988
29631409,1769133192000,24,25,0,0,25,25,597,0.9983
29631410,1769133198000,26,24,0,0,24,24,597,0.9987
29631411,1769133204000,27,26,0,0,26,26,597,0.9984
29631412,1769133210000,28,27,0,0,27,27,597,0.998
29631413,1769133216000,22,28,0,0,28,28,597,0.9983
29631414,1769133222000,28,22,0,0,22,22,596,0.9997
29631415,1769133228000,25,28,0,0,28,28,596,0.9999
29631416,1769133234000,30,25,0,0,25,25,597,0.9983
29631417,1769133240000,28,30,0,0,30,30,597,0.9979
29631418,1769133246000,26,28,0,0,28,28,597,0.9983
29631419,1769133252000,28,26,0,0,26,26,597,0.9976
29631420,1769133258000,23,28,0,0,28,28,597,0.9987
29631421,1769133264000,28,23,0,0,23,23,597,0.9986
29631422,1769133270000,23,28,0,0,28,28,597,0.9989
29631423,1769133276000,30,23,0,0,23,23,597,0.9989
29631424,1769133282000,22,30,0,0,30,30,597,0.9973
29631425,1769133288000,30,22,0,0,22,22,597,0.9982
29631426,1769133294000,22,30,0,0,30,30,597,0.9985
29631427,1769133300000,28,22,0,0,22,22,597,0.9988
29631428,1769133306000,20,28,0,0,28,28,597,0.9981
29631429,1769133312000,31,20,0,0,20,20,597,0.998
29631430,1769133318000,21,31,0,0,31,31,597,0.9979
29631431,1769133324000,28,21,0,0,21,21,597,0.9931
29631432,1769133330000,20,28,0,0,28,28,596,0.9988
29631433,1769133336000,29,20,0,0,20,20,597,0.9985
29631434,1769133342000,20,29,0,0,29,29,596,0.9987
29631435,1769133348000,30,20,0,0,20,20,596,0.9992
29631436,1769133354000,21,30,0,0,30,30,597,0.9988
29631437,1769133360000,32,21,0,0,21,21,597,0.9986
29631438,1769133366000,18,32,0,0,32,32,597,0.9983
29631439,1769133372000,29,18,0,0,18,18,597,0.9991
29631440,1769133378000,19,29,0,0,29,29,597,0.999
29631441,1769133384000,36,19,0,0,19,19,597,0.9984
29631442,1769133390000,19,36,0,0,36,36,597,0.9987
29631443,1769133396000,32,19,0,0,19,19,592,0.9988
29631444,1769133402000,20,32,0,0,32,32,597,0.9987
29631445,1769133408000,32,20,0,0,20,20,597,0.9987
29631446,1769133414000,20,32,0,0,32,32,596,0.9996
29631447,1769133420000,34,20,0,0,20,20,597,0.9985
29631448,1769133426000,19,34,0,0,34,34,597,0.9987
29631449,1769133432000,31,19,0,0,19,19,597,0.9987
29631450,1769133438000,17,31,0,0,31,31,597,0.9979
29631451,1769133444000,34,17,0,0,17,17,597,0.9983
29631452,1769133450000,19,34,0,0,34,34,597,0.998
29631453,1769133456000,33,19,0,0,19,19,597,0.9982
29631454,1769133462000,20,33,0,0,33,33,597,0.998
29631455,1769133468000,34,20,0,0,20,20,597,0.9983
29631456,1769133474000,21,34,0,0,34,34,597,0.9987
29631457,1769133480000,33,21,0,0,21,21,597,0.9989
29631458,1769133486000,21,33,0,0,33,33,597,0.9985
29631459,1769133492000,34,21,0,0,21,21,597,0.9982
29631460,1769133498000,19,34,0,0,34,34,597,0.9988
29631461,1769133504000,33,19,0,0,19,19,595,0.9989
29631462,1769133510000,21,33,0,0,33,33,596,0.9993
29631463,1769133516000,32,21,0,0,21,21,596,0.9999
29631464,1769133522000,19,32,0,0,32,32,597,0.9987
29631465,1769133528000,31,19,0,0,19,19,597,0.9982
29631466,1769133534000,20,31,0,0,31,31,597,0.9982
29631467,1769133540000,33,20,0,0,20,20,597,0.9982
29631468,1769133546000,18,33,0,0,33,33,597,0.9986
29631469,1769133552000,29,18,0,0,18,18,596,0.9997
29631470,1769133558000,19,29,0,0,29,29,596,0.9999
29631471,1769133564000,34,19,0,0,19,19,596,0.9983
29631472,1769133570000,19,34,0,0,34,34,596,0.9993
29631473,1769133576000,31,19,0,0,19,19,596,0.9992
29631474,1769133582000,19,31,0,0,31,31,596,0.9994
29631475,1769133588000,29,19,0,0,19,19,596,0.9994
29631476,1769133594000,20,29,0,0,29,29,596,0.9995
29631477,1769133600000,34,20,0,0,20,20,596,0.9998
29631478,1769133606000,20,34,0,0,34,34,596,0.9991
29631479,1769133612000,34,20,0,0,20,20,596,0.9999
29631480,1769133618000,20,34,0,0,34,34,596,0.9998
29631481,1769133624000,31,20,0,0,20,20,596,0.9999
29631482,1769133630000,20,31,0,0,31,31,596,0.9994
29631483,1769133636000,32,20,0,0,20,20,596,0.9997
29631484,1769133642000,20,32,0,0,32,32,596,0.9998
29631485,1769133648000,35,20,0,0,20,20,596,0.9997
29631486,1769133654000,19,35,0,0,35,35,596,0.9991
29631487,1769133660000,33,19,0,0,19,19,596,0.9998
29631488,1769133666000,19,33,0,0,33,33,596,0.9997
29631489,1769133672000,33,19,0,0,19,19,597,0.9988
29631490,1769133678000,19,33,0,0,33,33,596,0.9997
29631491,1769133684000,32,19,0,0,19,19,597,0.9989
29631492,1769133690000,19,32,0,0,32,32,597,0.9974
29631493,1769133696000,31,19,0,0,19,19,597,0.9989
29631494,1769133702000,21,31,0,0,31,31,596,0.9994
29631495,1769133708000,32,21,0,0,21,21,596,0.9996
29631496,1769133714000,21,32,0,0,32,32,596,0.9995
29631497,1769133720000,32,21,0,0,21,21,596,0.9999
29631498,1769133726000,16,32,0,0,32,32,596,0.9996
29631499,1769133732000,31,16,0,0,16,16,596,1
29631500,1769133738000,18,31,0,0,31,31,596,0.9998
29631501,1769133744000,34,18,0,0,18,18,597,0.9993
29631502,1769133750000,20,34,0,0,34,34,596,0.9996
29631503,1769133756000,33,20,0,0,20,20,595,0.9997
29631504,1769133762000,18,33,0,0,33,33,596,0.9997
29631505,1769133768000,32,18,0,0,18,18,596,0.9999
29631506,1769133774000,18,32,0,0,32,32,596,0.9989
29631507,1769133780000,33,18,0,0,18,18,596,1
29631508,1769133786000,17,33,0,0,33,33,596,0.9996
29631509,1769133792000,32,17,0,0,17,17,594,1
29631510,1769133798000,19,32,0,0,32,32,597,0.9992
29631511,1769133804000,32,19,0,0,19,19,597,0.9994
29631512,1769133810000,16,32,0,0,32,32,597,0.9996
29631513,1769133816000,32,16,0,0,16,16,597,0.9995
29631514,1769133822000,16,32,0,0,32,32,597,0.9993
29631515,1769133828000,30,16,0,0,16,16,597,0.9988
29631516,1769133834000,18,30,0,0,30,30,596,0.9994
29631517,1769133840000,32,18,0,0,18,18,597,0.9993
29631518,1769133846000,17,32,0,0,32,32,597,0.999
29631519,1769133852000,30,17,0,0,17,17,597,0.9992
29631520,1769133858000,18,30,0,0,30,30,597,0.9992
29631521,1769133864000,35,18,0,0,18,18,597,0.999
29631522,1769133870000,17,35,0,0,35,35,597,0.9996
29631523,1769133876000,27,17,0,0,17,17,597,0.9995
29631524,1769133882000,17,27,0,0,27,27,597,0.9996
29631525,1769133888000,32,17,0,0,17,17,596,0.9997
29631526,1769133894000,21,32,0,0,32,32,597,0.9995
29631527,1769133900000,34,21,0,0,21,21,597,0.9996
29631528,1769133906000,21,34,0,0,34,34,597,0.9998
29631529,1769133912000,32,21,0,0,21,21,597,0.9999
29631530,1769133918000,21,32,0,0,32,32,597,0.9997
29631531,1769133924000,31,21,0,0,21,21,597,0.9995
29631532,1769133930000,19,31,0,0,31,31,594,0.9995
29631533,1769133936000,33,19,0,0,19,19,597,0.9996
29631534,1769133942000,22,33,0,0,33,33,597,0.9991
29631535,1769133948000,31,22,0,0,22,22,597,0.999
29631536,1769133954000,26,31,0,0,31,31,597,0.9991
29631537,1769133960000,29,26,0,0,26,26,597,0.9986
29631538,1769133966000,25,29,0,0,29,29,597,0.9994
29631539,1769133972000,27,25,0,0,25,25,597,0.9992
29631540,1769133978000,25,27,0,0,27,27,597,0.9994
29631541,1769133984000,28,25,0,0,25,25,597,0.9995
29631542,1769133990000,27,28,0,0,28,28,597,0.9997
29631543,1769133996000,28,27,0,0,27,27,597,0.9996
29631544,1769134002000,27,28,0,0,28,28,597,0.999
29631545,1769134008000,26,27,0,0,27,27,597,0.9986
29631546,1769134014000,25,26,0,0,26,26,597,0.9993
29631547,1769134020000,28,25,0,0,25,25,597,0.9993
29631548,1769134026000,25,28,0,0,28,28,597,0.9996
29631549,1769134032000,27,25,0,0,25,25,597,0.9992
29631550,1769134038000,24,27,0,0,27,27,597,0.999
29631551,1769134044000,28,24,0,0,24,24,597,0.9994
29631552,1769134050000,26,28,0,0,28,28,597,0.9994
29631553,1769134056000,27,26,0,0,26,26,597,0.999
29631554,1769134062000,24,27,0,0,27,27,597,0.9994
29631555,1769134068000,28,24,0,0,24,24,597,0.9998
29631556,1769134074000,24,28,0,0,28,28,597,0.9993
29631557,1769134080000,30,24,0,0,24,24,597,0.9995
29631558,1769134086000,25,30,0,0,30,30,597,0.9996
29631559,1769134092000,30,25,0,0,25,25,597,0.9983
29631560,1769134098000,24,30,0,0,30,30,597,0.9989
29631561,1769134104000,28,24,0,0,24,24,597,0.9997
29631562,1769134110000,25,28,0,0,28,28,597,0.9996
29631563,1769134116000,27,25,0,0,25,25,597,0.9995
29631564,1769134122000,25,27,0,0,27,27,597,0.9995
29631565,1769134128000,25,25,0,0,25,25,597,0.9987
29631566,1769134134000,26,25,0,0,25,25,597,0.9994
29631567,1769134140000,27,26,0,0,26,26,597,0.9995
29631568,1769134146000,25,27,0,0,27,27,597,0.9993
29631569,1769134152000,28,25,0,0,25,25,597,0.9994
29631570,1769134158000,24,28,0,0,28,28,597,0.9984
29631571,1769134164000,27,24,0,0,24,24,597,0.9996
29631572,1769134170000,24,27,0,0,27,27,597,0.9988
29631573,1769134176000,24,24,0,0,24,24,597,0.9989
29631574,1769134182000,25,24,0,0,24,24,596,0.9997
29631575,1769134188000,27,25,0,0,25,25,597,0.9995
29631576,1769134194000,23,27,0,0,27,27,597,0.9998
29631577,1769134200000,27,23,0,0,23,23,597,0.9998
29631578,1769134206000,23,27,0,0,27,27,597,0.9998
29631579,1769134212000,28,23,0,0,23,23,597,0.999
29631580,1769134218000,25,28,0,0,28,28,597,0.9989
29631581,1769134224000,25,25,0,0,25,25,597,0.9998
29631582,1769134230000,26,25,0,0,25,25,597,0.9982
29631583,1769134236000,27,26,0,0,26,26,597,0.9997
29631584,1769134242000,26,27,0,0,27,27,597,0.9999
29631585,1769134248000,25,26,0,0,26,26,597,0.9991
29631586,1769134254000,25,25,0,0,25,25,597,0.9993
29631587,1769134260000,26,25,0,0,25,25,597,0.9995
29631588,1769134266000,25,26,0,0,26,26,597,0.9999
29631589,1769134272000,25,25,0,0,25,25,597,0.9997
29631590,1769134278000,27,25,0,0,25,25,597,0.9998
29631591,1769134284000,26,27,0,0,27,27,597,0.9963
29631592,1769134290000,27,26,0,0,26,26,596,0.9991
29631593,1769134296000,23,27,0,0,27,27,597,0.9994
29631594,1769134302000,21,23,0,0,23,23,597,0.9997
29631595,1769134308000,22,21,0,0,21,21,597,0.9997
29631596,1769134314000,0,22,0,0,22,22,597,0.9998
29631597,1769134320000,35,0,0,0,0,0,597,0
29631598,1769134326000,18,35,0,0,35,35,597,0.9994
29631599,1769134332000,30,18,0,0,18,18,597,0.9997
29631600,1769134338000,19,30,0,0,30,30,597,0.9997
29631601,1769134344000,28,19,0,0,19,19,597,0.9991
29631602,1769134350000,22,28,0,0,28,28,597,0.9999
29631603,1769134356000,29,22,0,0,22,22,597,0.9995
29631604,1769134362000,23,29,0,0,29,29,597,0.9991
29631605,1769134368000,25,23,0,0,23,23,597,1
29631606,1769134374000,27,25,0,0,25,25,597,0.9987
29631607,1769134380000,24,27,0,0,27,27,597,0.9998
29631608,1769134386000,25,24,0,0,24,24,597,0.9998
29631609,1769134392000,25,25,0,0,25,25,596,0.9997
29631610,1769134398000,23,25,0,0,25,25,597,0.9991
29631611,1769134404000,25,23,0,0,23,23,597,0.9997
29631612,1769134410000,23,25,0,0,25,25,597,0.9993
29631613,1769134416000,25,23,0,0,23,23,597,1
29631614,1769134422000,22,25,0,0,25,25,597,0.9997
29631615,1769134428000,23,22,0,0,22,22,596,0.9995
29631616,1769134434000,25,23,0,0,23,23,597,0.9996
29631617,1769134440000,22,25,0,0,25,25,597,0.9996
29631618,1769134446000,22,22,0,0,22,22,597,0.9976
29631619,1769134452000,23,22,0,0,22,22,597,0.9984
29631620,1769134458000,25,23,0,0,23,23,597,0.9997
29631621,1769134464000,23,25,0,0,25,25,597,0.9991
29631622,1769134470000,27,23,0,0,23,23,597,0.9993
29631623,1769134476000,24,27,0,0,27,27,597,0.9991
29631624,1769134482000,24,24,0,0,24,24,597,0.9999
29631625,1769134488000,22,24,0,0,24,24,597,0.9999
29631626,1769134494000,26,22,0,0,22,22,597,1
29631627,1769134500000,23,26,0,0,26,26,597,0.9999
29631628,1769134506000,27,23,0,0,23,23,597,0.9998
29631629,1769134512000,24,27,0,0,27,27,597,0.9998
29631630,1769134518000,27,24,0,0,24,24,597,0.999
29631631,1769134524000,23,27,0,0,27,27,597,0.9993
29631632,1769134530000,26,23,0,0,23,23,597,0.9996
29631633,1769134536000,24,26,0,0,26,26,597,0.9997
29631634,1769134542000,24,24,0,0,24,24,597,0.9996
29631635,1769134548000,23,24,0,0,24,24,597,0.9994
29631636,1769134554000,24,23,0,0,23,23,597,0.9993
29631637,1769134560000,24,24,0,0,24,24,597,0.9994
29631638,1769134566000,24,24,0,0,24,24,597,0.9988
29631639,1769134572000,21,24,0,0,24,24,597,0.9992
29631640,1769134578000,27,21,0,0,21,21,597,0.9991
29631641,1769134584000,25,27,0,0,27,27,597,0.9998
29631642,1769134590000,24,25,0,0,25,25,597,0.9999
29631643,1769134596000,26,24,0,0,24,24,597,0.9995
29631644,1769134602000,27,26,0,0,26,26,597,0.9989
29631645,1769134608000,25,27,0,0,27,27,597,0.9991
29631646,1769134614000,29,25,0,0,25,25,597,0.9993
29631647,1769134620000,26,29,0,0,29,29,597,0.9991
29631648,1769134626000,27,26,0,0,26,26,597,0.999
29631649,1769134632000,24,27,0,0,27,27,597,0.9999
29631650,1769134638000,28,24,0,0,24,24,597,0.9992
29631651,1769134644000,23,28,0,0,28,28,597,1
29631652,1769134650000,26,23,0,0,23,23,594,0.9995
29631653,1769134656000,23,26,0,0,26,26,597,0.9999
29631654,1769134662000,26,23,0,0,23,23,597,0.9996
29631655,1769134668000,23,26,0,0,26,26,597,0.9999
29631656,1769134674000,27,23,0,0,23,23,597,0.9995
29631657,1769134680000,25,27,0,0,27,27,597,0.9996
29631658,1769134686000,28,25,0,0,25,25,597,0.9995
29631659,1769134692000,24,28,0,0,28,28,597,0.9985
29631660,1769134698000,28,24,0,0,24,24,597,0.9994
29631661,1769134704000,24,28,0,0,28,28,597,0.9986
29631662,1769134710000,27,24,0,0,24,24,597,0.9995
29631663,1769134716000,26,27,0,0,27,27,597,1
29631664,1769134722000,30,26,0,0,26,26,596,0.9992
29631665,1769134728000,20,30,0,0,30,30,597,0.9995
29631666,1769134734000,27,20,0,0,20,20,597,0.9992
29631667,1769134740000,20,27,0,0,27,27,596,0.9991
29631668,1769134746000,29,20,0,0,20,20,597,0.9991
29631669,1769134752000,22,29,0,0,29,29,597,0.9989
29631670,1769134758000,30,22,0,0,22,22,597,0.9989
29631671,1769134764000,22,30,0,0,30,30,597,0.9991
29631672,1769134770000,26,22,0,0,22,22,597,0.9993
29631673,1769134776000,21,26,0,0,26,26,597,0.9992
29631674,1769134782000,29,21,0,0,21,21,597,0.9997
29631675,1769134788000,23,29,0,0,29,29,597,0.9994
29631676,1769134794000,28,23,0,0,23,23,597,0.9993
29631677,1769134800000,23,28,0,0,28,28,597,0.9992
29631678,1769134806000,28,23,0,0,23,23,597,0.9996
29631679,1769134812000,24,28,0,0,28,28,597,0.9998
29631680,1769134818000,29,24,0,0,24,24,597,0.9989
29631681,1769134824000,23,29,0,0,29,29,597,0.9995
29631682,1769134830000,28,23,0,0,23,23,597,0.9983
29631683,1769134836000,22,28,0,0,28,28,597,0.9991
29631684,1769134842000,28,22,0,0,22,22,596,0.9998
29631685,1769134848000,21,28,0,0,28,28,597,0.9997
29631686,1769134854000,29,21,0,0,21,21,597,0.9997
29631687,1769134860000,25,29,0,0,29,29,597,0.9997
29631688,1769134866000,29,25,0,0,25,25,597,0.9993
29631689,1769134872000,24,29,0,0,29,29,597,0.9994
29631690,1769134878000,27,24,0,0,24,24,597,0.9999
29631691,1769134884000,23,27,0,0,27,27,597,0.9975
29631692,1769134890000,30,23,0,0,23,23,597,0.9996
29631693,1769134896000,24,30,0,0,30,30,597,0.9992
29631694,1769134902000,30,24,0,0,24,24,597,0.9986
29631695,1769134908000,27,30,0,0,30,30,597,0.9992
29631696,1769134914000,27,27,0,0,27,27,597,0.9989
29631697,1769134920000,27,27,0,0,27,27,597,0.9995
29631698,1769134926000,26,27,0,0,27,27,592,0.9996
29631699,1769134932000,28,26,0,0,26,26,597,0.9994
29631700,1769134938000,25,28,0,0,28,28,597,0.9991
29631701,1769134944000,27,25,0,0,25,25,597,0.9995
29631702,1769134950000,24,27,0,0,27,27,592,0.9992
29631703,1769134956000,29,24,0,0,24,24,597,0.9995
29631704,1769134962000,24,29,0,0,29,29,597,0.9991
29631705,1769134968000,27,24,0,0,24,24,595,0.998
29631706,1769134974000,23,27,0,0,27,27,597,0.9998
29631707,1769134980000,28,23,0,0,23,23,597,0.9992
29631708,1769134986000,24,28,0,0,28,28,597,0.9997
29631709,1769134992000,27,24,0,0,24,24,597,0.9997
29631710,1769134998000,21,27,0,0,27,27,597,1
29631711,1769135004000,28,21,0,0,21,21,597,0.9997
29631712,1769135010000,24,28,0,0,28,28,597,0.9993
29631713,1769135016000,26,24,0,0,24,24,597,0.9992
29631714,1769135022000,21,26,0,0,26,26,597,0.9999
29631715,1769135028000,29,21,0,0,21,21,597,0.9991
29631716,1769135034000,23,29,0,0,29,29,597,0.9995
29631717,1769135040000,26,23,0,0,23,23,596,0.9999
29631718,1769135046000,22,26,0,0,26,26,597,0.9988
29631719,1769135052000,28,22,0,0,22,22,597,0.9993
29631720,1769135058000,23,28,0,0,28,28,597,0.9998
29631721,1769135064000,25,23,0,0,23,23,596,0.9996
29631722,1769135070000,24,25,0,0,25,25,596,0.9997
29631723,1769135076000,27,24,0,0,24,24,597,0.9997
29631724,1769135082000,21,27,0,0,27,27,597,0.9994
29631725,1769135088000,29,21,0,0,21,21,597,0.999
29631726,1769135094000,22,29,0,0,29,29,597,0.9983
29631727,1769135100000,30,22,0,0,22,22,597,0.9976
29631728,1769135106000,22,30,0,0,30,30,597,0.9985
29631729,1769135112000,30,22,0,0,22,22,597,0.9995
29631730,1769135118000,21,30,0,0,30,30,597,0.9988
29631731,1769135124000,30,21,0,0,21,21,597,0.9994
29631732,1769135130000,21,30,0,0,30,30,597,0.9992
29631733,1769135136000,29,21,0,0,21,21,597,0.9996
29631734,1769135142000,22,29,0,0,29,29,597,0.9994
29631735,1769135148000,29,22,0,0,22,22,597,0.9996
29631736,1769135154000,20,29,0,0,29,29,595,0.9999
29631737,1769135160000,27,20,0,0,20,20,597,0.9997
29631738,1769135166000,22,27,0,0,27,27,597,0.9995
29631739,1769135172000,29,22,0,0,22,22,597,0.999
29631740,1769135178000,22,29,0,0,29,29,596,0.9995
29631741,1769135184000,28,22,0,0,22,22,597,0.999
29631742,1769135190000,20,28,0,0,28,28,596,0.9998
29631743,1769135196000,25,20,0,0,20,20,597,0.9996
29631744,1769135202000,21,25,0,0,25,25,597,0.9989
29631745,1769135208000,28,21,0,0,21,21,597,0.9977
29631746,1769135214000,21,28,0,0,28,28,596,0.9998
29631747,1769135220000,26,21,0,0,21,21,597,0.9995
29631748,1769135226000,20,26,0,0,26,26,596,0.9997
29631749,1769135232000,29,20,0,0,20,20,595,0.9995
29631750,1769135238000,20,29,0,0,29,29,596,0.9998
29631751,1769135244000,29,20,0,0,20,20,596,0.9995
29631752,1769135250000,21,29,0,0,29,29,596,0.9998
29631753,1769135256000,29,21,0,0,21,21,596,0.9998
29631754,1769135262000,23,29,0,0,29,29,596,0.9988
29631755,1769135268000,30,23,0,0,23,23,596,0.9999
29631756,1769135274000,22,30,0,0,30,30,597,0.9991
29631757,1769135280000,32,22,0,0,22,22,596,0.9998
29631758,1769135286000,24,32,0,0,32,32,596,0.9992
29631759,1769135292000,31,24,0,0,24,24,596,0.998
29631760,1769135298000,23,31,0,0,31,31,597,0.9997
29631761,1769135304000,28,23,0,0,23,23,597,0.9994
29631762,1769135310000,22,28,0,0,28,28,596,1
29631763,1769135316000,27,22,0,0,22,22,596,0.9998
29631764,1769135322000,19,27,0,0,27,27,597,0.9995
29631765,1769135328000,29,19,0,0,19,19,597,0.9993
29631766,1769135334000,20,29,0,0,29,29,597,0.9996
29631767,1769135340000,29,20,0,0,20,20,597,0.9997
29631768,1769135346000,21,29,0,0,29,29,597,0.999
29631769,1769135352000,29,21,0,0,21,21,597,0.9997
29631770,1769135358000,19,29,0,0,29,29,597,0.9983
29631771,1769135364000,28,19,0,0,19,19,597,0.9996
29631772,1769135370000,20,28,0,0,28,28,597,0.9998
29631773,1769135376000,28,20,0,0,20,20,597,0.9997
29631774,1769135382000,19,28,0,0,28,28,597,0.9993
29631775,1769135388000,29,19,0,0,19,19,597,0.9998
29631776,1769135394000,19,29,0,0,29,29,597,0.9998
29631777,1769135400000,32,19,0,0,19,19,597,0.9995
29631778,1769135406000,19,32,0,0,32,32,597,0.9998
29631779,1769135412000,29,19,0,0,19,19,597,0.9988
29631780,1769135418000,17,29,0,0,29,29,597,0.9999
29631781,1769135424000,31,17,0,0,17,17,597,0.9989
29631782,1769135430000,19,31,0,0,31,31,597,0.9984
29631783,1769135436000,32,19,0,0,19,19,597,0.999
29631784,1769135442000,20,32,0,0,32,32,597,0.9989
29631785,1769135448000,32,20,0,0,20,20,597,0.9997
29631786,1769135454000,20,32,0,0,32,32,597,0.9997
29631787,1769135460000,32,20,0,0,20,20,597,0.9991
29631788,1769135466000,20,32,0,0,32,32,597,0.9987
29631789,1769135472000,32,20,0,0,20,20,597,0.9998
29631790,1769135478000,18,32,0,0,32,32,597,0.9993
29631791,1769135484000,29,18,0,0,18,18,596,0.9997
29631792,1769135490000,21,29,0,0,29,29,597,0.9997
29631793,1769135496000,33,21,0,0,21,21,597,0.9999
29631794,1769135502000,21,33,0,0,33,33,597,0.9974
29631795,1769135508000,33,21,0,0,21,21,597,0.999
29631796,1769135514000,22,33,0,0,33,33,597,0.9984
29631797,1769135520000,32,22,0,0,22,22,597,0.9982
29631798,1769135526000,19,32,0,0,32,32,597,0.9979
29631799,1769135532000,29,19,0,0,19,19,597,0.9994
29631800,1769135538000,19,29,0,0,29,29,597,0.9992
29631801,1769135544000,32,19,0,0,19,19,597,0.9987
29631802,1769135550000,18,32,0,0,32,32,597,0.9988
29631803,1769135556000,30,18,0,0,18,18,597,0.9985
29631804,1769135562000,18,30,0,0,30,30,597,0.9993
29631805,1769135568000,35,18,0,0,18,18,597,0.999
29631806,1769135574000,18,35,0,0,35,35,597,0.9991
29631807,1769135580000,33,18,0,0,18,18,597,0.9989
29631808,1769135586000,18,33,0,0,33,33,597,0.9995
29631809,1769135592000,30,18,0,0,18,18,597,0.9995
29631810,1769135598000,16,30,0,0,30,30,597,0.9995
29631811,1769135604000,32,16,0,0,16,16,597,0.9986
29631812,1769135610000,19,32,0,0,32,32,597,0.9998
29631813,1769135616000,29,19,0,0,19,19,596,0.9996
29631814,1769135622000,18,29,0,0,29,29,597,0.9992
29631815,1769135628000,31,18,0,0,18,18,597,0.999
29631816,1769135634000,18,31,0,0,31,31,597,0.9998
29631817,1769135640000,33,18,0,0,18,18,597,0.9994
29631818,1769135646000,20,33,0,0,33,33,597,0.9993
29631819,1769135652000,31,20,0,0,20,20,597,0.9994
29631820,1769135658000,19,31,0,0,31,31,597,0.9995
29631821,1769135664000,30,19,0,0,19,19,597,0.9994
29631822,1769135670000,17,30,0,0,30,30,597,0.9992
29631823,1769135676000,32,17,0,0,17,17,597,0.9997
29631824,1769135682000,16,32,0,0,32,32,597,0.9988
29631825,1769135688000,30,16,0,0,16,16,597,0.999
29631826,1769135694000,20,30,0,0,30,30,597,0.9984
29631827,1769135700000,29,20,0,0,20,20,596,0.9982
29631828,1769135706000,19,29,0,0,29,29,597,0.9987
29631829,1769135712000,28,19,0,0,19,19,597,0.9991
29631830,1769135718000,21,28,0,0,28,28,597,0.9996
29631831,1769135724000,30,21,0,0,21,21,597,0.9994
29631832,1769135730000,21,30,0,0,30,30,597,0.9994
29631833,1769135736000,27,21,0,0,21,21,597,0.9992
29631834,1769135742000,18,27,0,0,27,27,597,0.9991
29631835,1769135748000,29,18,0,0,18,18,597,0.9978
29631836,1769135754000,19,29,0,0,29,29,597,0.9988
29631837,1769135760000,31,19,0,0,19,19,597,0.9988
29631838,1769135766000,19,31,0,0,31,31,597,0.9995
29631839,1769135772000,30,19,0,0,19,19,597,0.999
29631840,1769135778000,19,30,0,0,30,30,597,0.9994
29631841,1769135784000,30,19,0,0,19,19,597,0.9998
29631842,1769135790000,17,30,0,0,30,30,597,0.9993
29631843,1769135796000,28,17,0,0,17,17,597,0.9997
29631844,1769135802000,19,28,0,0,28,28,597,0.9996
29631845,1769135808000,29,19,0,0,19,19,597,0.9996
29631846,1769135814000,17,29,0,0,29,29,597,0.9993
29631847,1769135820000,31,17,0,0,17,17,597,0.9993
29631848,1769135826000,19,31,0,0,31,31,597,0.9997
29631849,1769135832000,27,19,0,0,19,19,597,0.9997
29631850,1769135838000,16,27,0,0,27,27,597,0.9993
29631851,1769135844000,28,16,0,0,16,16,597,0.9994
29631852,1769135850000,18,28,0,0,28,28,597,0.9989
29631853,1769135856000,29,18,0,0,18,18,597,0.9993
29631854,1769135862000,17,29,0,0,29,29,597,0.9989
29631855,1769135868000,32,17,0,0,17,17,597,0.9999
29631856,1769135874000,18,32,0,0,32,32,597,0.9997
29631857,1769135880000,31,18,0,0,18,18,597,0.9999
29631858,1769135886000,19,31,0,0,31,31,597,0.9995
29631859,1769135892000,33,19,0,0,19,19,597,0.9914
29631860,1769135898000,18,33,0,0,33,33,597,0.9997
29631861,1769135904000,31,18,0,0,18,18,597,0.9997
29631862,1769135910000,18,31,0,0,31,31,597,0.9994
29631863,1769135916000,30,18,0,0,18,18,597,0.9991
29631864,1769135922000,17,30,0,0,30,30,597,0.9996
29631865,1769135928000,32,17,0,0,17,17,597,0.9991
29631866,1769135934000,18,32,0,0,32,32,597,0.9996
29631867,1769135940000,32,18,0,0,18,18,597,0.9996
29631868,1769135946000,19,32,0,0,32,32,597,0.9982
29631869,1769135952000,32,19,0,0,19,19,597,0.9991
29631870,1769135958000,17,32,0,0,32,32,597,0.9991
29631871,1769135964000,32,17,0,0,17,17,597,0.998
29631872,1769135970000,15,32,0,0,32,32,597,0.9989
29631873,1769135976000,31,15,0,0,15,15,597,0.9992
29631874,1769135982000,20,31,0,0,31,31,597,0.9989
29631875,1769135988000,33,20,0,0,20,20,597,0.9996
29631876,1769135994000,19,33,0,0,33,33,597,0.9989
29631877,1769136000000,34,19,0,0,19,19,597,0.9989
29631878,1769136006000,19,34,0,0,34,34,597,0.9995
29631879,1769136012000,37,19,0,0,19,19,597,0.9992
29631880,1769136018000,19,37,0,0,37,37,597,0.9993
29631881,1769136024000,33,19,0,0,19,19,597,0.9992
29631882,1769136030000,20,33,0,0,33,33,597,0.9994
29631883,1769136036000,35,20,0,0,20,20,597,0.9984
29631884,1769136042000,19,35,0,0,35,35,597,0.9996
29631885,1769136048000,33,19,0,0,19,19,597,0.9992
29631886,1769136054000,17,33,0,0,33,33,597,0.9996
29631887,1769136060000,35,17,0,0,17,17,597,0.9994
29631888,1769136066000,19,35,0,0,35,35,596,0.9999
29631889,1769136072000,34,19,0,0,19,19,597,0.9994
29631890,1769136078000,18,34,0,0,34,34,597,0.9988
29631891,1769136084000,34,18,0,0,18,18,596,0.9993
29631892,1769136090000,18,34,0,0,34,34,597,0.9998
29631893,1769136096000,31,18,0,0,18,18,597,0.9997
29631894,1769136102000,18,31,0,0,31,31,597,0.9994
29631895,1769136108000,35,18,0,0,18,18,597,0.9993
29631896,1769136114000,18,35,0,0,35,35,597,0.9993
29631897,1769136120000,34,18,0,0,18,18,594,0.9991
29631898,1769136126000,19,34,0,0,34,34,596,0.9998
29631899,1769136132000,34,19,0,0,19,19,597,0.9996
29631900,1769136138000,19,34,0,0,34,34,597,0.9997
29631901,1769136144000,33,19,0,0,19,19,597,0.9981
29631902,1769136150000,19,33,0,0,33,33,597,0.9992
29631903,1769136156000,35,19,0,0,19,19,597,0.9996
29631904,1769136162000,19,35,0,0,35,35,597,0.9995
29631905,1769136168000,34,19,0,0,19,19,597,0.9997
29631906,1769136174000,18,34,0,0,34,34,597,0.9998
29631907,1769136180000,35,18,0,0,18,18,597,0.9997
29631908,1769136186000,19,35,0,0,35,35,595,0.9978
29631909,1769136192000,34,19,0,0,19,19,597,0.9999
29631910,1769136198000,18,34,0,0,34,34,597,0.9994
29631911,1769136204000,32,18,0,0,18,18,597,0.9991
29631912,1769136210000,18,32,0,0,32,32,597,1
29631913,1769136216000,33,18,0,0,18,18,595,0.9997
29631914,1769136222000,20,33,0,0,33,33,597,0.9993
29631915,1769136228000,35,20,0,0,20,20,597,0.9991
29631916,1769136234000,18,35,0,0,35,35,597,0.9996
29631917,1769136240000,34,18,0,0,18,18,597,0.9997
29631918,1769136246000,17,34,0,0,34,34,597,0.9997
29631919,1769136252000,34,17,0,0,17,17,597,0.9997
29631920,1769136258000,17,34,0,0,34,34,597,0.9997
29631921,1769136264000,32,17,0,0,17,17,597,0.9992
29631922,1769136270000,17,32,0,0,32,32,595,0.9991
29631923,1769136276000,31,17,0,0,17,17,597,0.9999
29631924,1769136282000,17,31,0,0,31,31,597,0.9997
29631925,1769136288000,35,17,0,0,17,17,597,0.9984
29631926,1769136294000,18,35,0,0,35,35,597,0.9988
29631927,1769136300000,33,18,0,0,18,18,597,0.9989
29631928,1769136306000,18,33,0,0,33,33,597,0.9971
29631929,1769136312000,33,18,0,0,18,18,597,0.9983
29631930,1769136318000,17,33,0,0,33,33,597,0.9986
29631931,1769136324000,34,17,0,0,17,17,597,0.9994
29631932,1769136330000,18,34,0,0,34,34,597,0.9992
29631933,1769136336000,35,18,0,0,18,18,597,0.9996
29631934,1769136342000,18,35,0,0,35,35,596,0.9992
29631935,1769136348000,34,18,0,0,18,18,596,0.9988
29631936,1769136354000,18,34,0,0,34,34,595,1
29631937,1769136360000,33,18,0,0,18,18,597,0.9999
29631938,1769136366000,17,33,0,0,33,33,596,0.9988
29631939,1769136372000,34,17,0,0,17,17,597,0.9992
29631940,1769136378000,20,34,0,0,34,34,597,0.9987
29631941,1769136384000,33,20,0,0,20,20,597,0.9992
29631942,1769136390000,19,33,0,0,33,33,597,0.9995
29631943,1769136396000,32,19,0,0,19,19,597,0.9991
29631944,1769136402000,17,32,0,0,32,32,597,0.9988
29631945,1769136408000,32,17,0,0,17,17,594,0.9988
29631946,1769136414000,19,32,0,0,32,32,597,0.9989
29631947,1769136420000,32,19,0,0,19,19,597,0.9994
29631948,1769136426000,18,32,0,0,32,32,597,0.9995
29631949,1769136432000,32,18,0,0,18,18,597,0.9995
29631950,1769136438000,18,32,0,0,32,32,597,0.9995
29631951,1769136444000,32,18,0,0,18,18,597,0.9989
29631952,1769136450000,18,32,0,0,32,32,597,0.9994
29631953,1769136456000,34,18,0,0,18,18,597,0.9997
29631954,1769136462000,17,34,0,0,34,34,597,0.9994
29631955,1769136468000,34,17,0,0,17,17,597,0.9993
29631956,1769136474000,17,34,0,0,34,34,597,0.9986
29631957,1769136480000,35,17,0,0,17,17,597,0.9999
29631958,1769136486000,18,35,0,0,35,35,596,0.9998
29631959,1769136492000,32,18,0,0,18,18,597,0.9998
29631960,1769136498000,17,32,0,0,32,32,597,0.9996
29631961,1769136504000,32,17,0,0,17,17,597,0.999
29631962,1769136510000,18,32,0,0,32,32,597,0.999
29631963,1769136516000,33,18,0,0,18,18,597,0.9998
29631964,1769136522000,18,33,0,0,33,33,597,0.9994
29631965,1769136528000,33,18,0,0,18,18,597,0.9989
29631966,1769136534000,18,33,0,0,33,33,597,0.9997
29631967,1769136540000,34,18,0,0,18,18,597,0.9989
29631968,1769136546000,18,34,0,0,34,34,597,0.9994
29631969,1769136552000,35,18,0,0,18,18,597,0.9995
29631970,1769136558000,18,35,0,0,35,35,597,0.9995
29631971,1769136564000,33,18,0,0,18,18,597,0.9991
29631972,1769136570000,17,33,0,0,33,33,597,0.9997
29631973,1769136576000,32,17,0,0,17,17,597,0.9991
29631974,1769136582000,18,32,0,0,32,32,597,0.9999
29631975,1769136588000,33,18,0,0,18,18,597,0.9998
29631976,1769136594000,17,33,0,0,33,33,597,0.9992
29631977,1769136600000,32,17,0,0,17,17,597,0.9992
29631978,1769136606000,19,32,0,0,32,32,597,0.9996
29631979,1769136612000,34,19,0,0,19,19,597,0.9997
29631980,1769136618000,18,34,0,0,34,34,597,0.9996
29631981,1769136624000,34,18,0,0,18,18,597,0.998
29631982,1769136630000,16,34,0,0,34,34,597,0.9997
29631983,1769136636000,32,16,0,0,16,16,597,0.9977
29631984,1769136642000,16,32,0,0,32,32,597,0.9997
29631985,1769136648000,36,16,0,0,16,16,597,0.9994
29631986,1769136654000,18,36,0,0,36,36,597,0.9997
29631987,1769136660000,34,18,0,0,18,18,597,0.9997
29631988,1769136666000,20,34,0,0,34,34,597,1
29631989,1769136672000,34,20,0,0,20,20,597,0.9992
29631990,1769136678000,19,34,0,0,34,34,597,0.9997
29631991,1769136684000,34,19,0,0,19,19,597,0.9996
29631992,1769136690000,19,34,0,0,34,34,596,1
29631993,1769136696000,33,19,0,0,19,19,595,0.9991
29631994,1769136702000,19,33,0,0,33,33,597,0.9994
29631995,1769136708000,33,19,0,0,19,19,597,0.9994
29631996,1769136714000,19,33,0,0,33,33,597,0.9998
29631997,1769136720000,33,19,0,0,19,19,597,0.9992
29631998,1769136726000,17,33,0,0,33,33,597,0.9996
29631999,1769136732000,34,17,0,0,17,17,596,0.9992
29632000,1769136738000,17,34,0,0,34,34,596,0.9983
29632001,1769136744000,34,17,0,0,17,17,597,0.9994
29632002,1769136750000,18,34,0,0,34,34,597,0.9997
29632003,1769136756000,34,18,0,0,18,18,597,0.9986
29632004,1769136762000,16,34,0,0,34,34,597,0.9999
29632005,1769136768000,34,16,0,0,16,16,597,0.9994
29632006,1769136774000,19,34,0,0,34,34,596,0.9997
29632007,1769136780000,34,19,0,0,19,19,597,0.9997
29632008,1769136786000,19,34,0,0,34,34,597,0.9996
29632009,1769136792000,34,19,0,0,19,19,597,0.999
29632010,1769136798000,16,34,0,0,34,34,597,0.9999
29632011,1769136804000,29,16,0,0,16,16,596,0.9999
29632012,1769136810000,19,29,0,0,29,29,597,0.9998
29632013,1769136816000,34,19,0,0,19,19,597,0.9996
29632014,1769136822000,19,34,0,0,34,34,597,1
29632015,1769136828000,35,19,0,0,19,19,597,0.9996
29632016,1769136834000,18,35,0,0,35,35,597,0.9997
29632017,1769136840000,34,18,0,0,18,18,595,0.9993
29632018,1769136846000,19,34,0,0,34,34,596,0.9996
29632019,1769136852000,34,19,0,0,19,19,597,0.9996
29632020,1769136858000,19,34,0,0,34,34,597,0.9995
29632021,1769136864000,36,19,0,0,19,19,597,0.9987
29632022,1769136870000,18,36,0,0,36,36,597,0.9983
29632023,1769136876000,33,18,0,0,18,18,597,0.9993
29632024,1769136882000,15,33,0,0,33,33,597,0.9995
29632025,1769136888000,32,15,0,0,15,15,597,0.9997
29632026,1769136894000,18,32,0,0,32,32,597,0.9993
29632027,1769136900000,33,18,0,0,18,18,597,0.9993
29632028,1769136906000,18,33,0,0,33,33,597,0.9996
29632029,1769136912000,34,18,0,0,18,18,597,0.9999
29632030,1769136918000,18,34,0,0,34,34,597,0.9994
29632031,1769136924000,32,18,0,0,18,18,597,0.9993
29632032,1769136930000,18,32,0,0,32,32,597,0.9995
29632033,1769136936000,30,18,0,0,18,18,597,0.9994
29632034,1769136942000,19,30,0,0,30,30,597,0.9998
29632035,1769136948000,35,19,0,0,19,19,597,0.9996
29632036,1769136954000,19,35,0,0,35,35,597,0.9981
29632037,1769136960000,36,19,0,0,19,19,597,0.9994
29632038,1769136966000,19,36,0,0,36,36,597,0.999
29632039,1769136972000,34,19,0,0,19,19,597,0.9998
29632040,1769136978000,17,34,0,0,34,34,597,0.9993
29632041,1769136984000,31,17,0,0,17,17,597,0.9993
29632042,1769136990000,18,31,0,0,31,31,597,0.9995
29632043,1769136996000,33,18,0,0,18,18,597,0.9996
29632044,1769137002000,15,33,0,0,33,33,597,0.9996
29632045,1769137008000,33,15,0,0,15,15,597,0.9988
29632046,1769137014000,19,33,0,0,33,33,596,0.9994
29632047,1769137020000,32,19,0,0,19,19,597,0.9997
29632048,1769137026000,18,32,0,0,32,32,597,0.9997
29632049,1769137032000,33,18,0,0,18,18,597,0.999
29632050,1769137038000,16,33,0,0,33,33,597,0.9995
29632051,1769137044000,31,16,0,0,16,16,597,0.9993
29632052,1769137050000,18,31,0,0,31,31,596,0.9989
29632053,1769137056000,33,18,0,0,18,18,597,0.9993
29632054,1769137062000,17,33,0,0,33,33,597,0.9988
29632055,1769137068000,32,17,0,0,17,17,597,0.9993
29632056,1769137074000,18,32,0,0,32,32,597,0.9996
29632057,1769137080000,36,18,0,0,18,18,597,1
29632058,1769137086000,16,36,0,0,36,36,597,0.999
29632059,1769137092000,35,16,0,0,16,16,597,0.9987
29632060,1769137098000,18,35,0,0,35,35,597,0.999
29632061,1769137104000,32,18,0,0,18,18,597,0.9988
29632062,1769137110000,16,32,0,0,32,32,597,0.9997
29632063,1769137116000,33,16,0,0,16,16,596,0.9997
29632064,1769137122000,18,33,0,0,33,33,597,0.9991
29632065,1769137128000,31,18,0,0,18,18,597,0.999
29632066,1769137134000,18,31,0,0,31,31,597,0.9992
29632067,1769137140000,32,18,0,0,18,18,597,0.9996
29632068,1769137146000,18,32,0,0,32,32,597,0.998
29632069,1769137152000,34,18,0,0,18,18,597,0.9992
29632070,1769137158000,16,34,0,0,34,34,597,0.9988
29632071,1769137164000,33,16,0,0,16,16,597,0.9993
29632072,1769137170000,16,33,0,0,33,33,597,0.9997
29632073,1769137176000,29,16,0,0,16,16,596,0.9994
29632074,1769137182000,18,29,0,0,29,29,597,0.999
29632075,1769137188000,36,18,0,0,18,18,597,0.9993
29632076,1769137194000,19,36,0,0,36,36,597,0.9989
29632077,1769137200000,37,19,0,0,19,19,597,0.9994
29632078,1769137206000,19,37,0,0,37,37,597,0.9988
29632079,1769137212000,32,19,0,0,19,19,597,0.9995
29632080,1769137218000,17,32,0,0,32,32,597,0.9993
29632081,1769137224000,32,17,0,0,17,17,597,0.999
29632082,1769137230000,20,32,0,0,32,32,597,0.9996
29632083,1769137236000,34,20,0,0,20,20,597,0.9987
29632084,1769137242000,16,34,0,0,34,34,597,0.9998
29632085,1769137248000,32,16,0,0,16,16,597,0.9994
29632086,1769137254000,16,32,0,0,32,32,597,0.9994
29632087,1769137260000,31,16,0,0,16,16,597,0.9998
29632088,1769137266000,18,31,0,0,31,31,597,0.9996
29632089,1769137272000,35,18,0,0,18,18,597,0.9995
29632090,1769137278000,18,35,0,0,35,35,597,0.9989
29632091,1769137284000,33,18,0,0,18,18,597,0.9994
29632092,1769137290000,17,33,0,0,33,33,596,0.9994
29632093,1769137296000,34,17,0,0,17,17,597,0.9988
29632094,1769137302000,20,34,0,0,34,34,597,0.9991
29632095,1769137308000,35,20,0,0,20,20,597,0.9993
29632096,1769137314000,18,35,0,0,35,35,597,0.9998
29632097,1769137320000,35,18,0,0,18,18,597,0.9996
29632098,1769137326000,19,35,0,0,35,35,597,0.9996
29632099,1769137332000,35,19,0,0,19,19,597,0.9995
29632100,1769137338000,19,35,0,0,35,35,597,0.9993
29632101,1769137344000,31,19,0,0,19,19,597,0.9996
29632102,1769137350000,18,31,0,0,31,31,596,0.9997
29632103,1769137356000,33,18,0,0,18,18,597,0.9997
29632104,1769137362000,18,33,0,0,33,33,596,0.9997
29632105,1769137368000,33,18,0,0,18,18,597,0.9977
29632106,1769137374000,18,33,0,0,33,33,597,0.9997
29632107,1769137380000,32,18,0,0,18,18,597,0.9985
29632108,1769137386000,17,32,0,0,32,32,597,0.9996
29632109,1769137392000,31,17,0,0,17,17,596,0.9994
29632110,1769137398000,18,31,0,0,31,31,597,0.9991
29632111,1769137404000,32,18,0,0,18,18,594,0.9997
29632112,1769137410000,17,32,0,0,32,32,597,0.9994
29632113,1769137416000,34,17,0,0,17,17,597,0.9983
29632114,1769137422000,18,34,0,0,34,34,597,0.9989
29632115,1769137428000,33,18,0,0,18,18,597,0.9993
29632116,1769137434000,18,33,0,0,33,33,597,0.9997
29632117,1769137440000,33,18,0,0,18,18,597,0.9992
29632118,1769137446000,17,33,0,0,33,33,597,0.9996
29632119,1769137452000,34,17,0,0,17,17,597,0.9997
29632120,1769137458000,17,34,0,0,34,34,597,0.9994
29632121,1769137464000,32,17,0,0,17,17,597,0.9994
29632122,1769137470000,15,32,0,0,32,32,597,0.9989
29632123,1769137476000,30,15,0,0,15,15,597,0.9997
29632124,1769137482000,18,30,0,0,30,30,597,0.9994
29632125,1769137488000,31,18,0,0,18,18,597,0.9993
29632126,1769137494000,15,31,0,0,31,31,597,0.9991
29632127,1769137500000,31,15,0,0,15,15,597,0.9993
29632128,1769137506000,16,31,0,0,31,31,597,0.9996
29632129,1769137512000,30,16,0,0,16,16,597,0.999
29632130,1769137518000,13,30,0,0,30,30,597,0.999
29632131,1769137524000,32,13,0,0,13,13,597,0.9983
29632132,1769137530000,17,32,0,0,32,32,597,0.9993
29632133,1769137536000,32,17,0,0,17,17,597,0.9987
29632134,1769137542000,18,32,0,0,32,32,597,0.9988
29632135,1769137548000,34,18,0,0,18,18,597,0.9995
29632136,1769137554000,17,34,0,0,34,34,596,0.9989
29632137,1769137560000,33,17,0,0,17,17,597,0.9985
29632138,1769137566000,16,33,0,0,33,33,597,0.9999
29632139,1769137572000,33,16,0,0,16,16,597,0.9997
29632140,1769137578000,19,33,0,0,33,33,597,0.9968
29632141,1769137584000,33,19,0,0,19,19,597,0.9996
29632142,1769137590000,19,33,0,0,33,33,597,0.9994
29632143,1769137596000,32,19,0,0,19,19,597,0.9995
29632144,1769137602000,18,32,0,0,32,32,596,0.9998
29632145,1769137608000,32,18,0,0,18,18,597,0.9991
29632146,1769137614000,18,32,0,0,32,32,597,0.9995
29632147,1769137620000,36,18,0,0,18,18,597,0.999
29632148,1769137626000,20,36,0,0,36,36,597,0.9995
29632149,1769137632000,35,20,0,0,20,20,597,0.9993
29632150,1769137638000,19,35,0,0,35,35,597,0.9994
29632151,1769137644000,32,19,0,0,19,19,597,0.9996
29632152,1769137650000,20,32,0,0,32,32,597,0.9992
29632153,1769137656000,29,20,0,0,20,20,597,0.9995
29632154,1769137662000,16,29,0,0,29,29,597,0.9992
29632155,1769137668000,32,16,0,0,16,16,597,0.9999
29632156,1769137674000,18,32,0,0,32,32,597,0.9988
29632157,1769137680000,34,18,0,0,18,18,597,0.9994
29632158,1769137686000,19,34,0,0,34,34,597,0.9998
29632159,1769137692000,34,19,0,0,19,19,597,0.9995
29632160,1769137698000,20,34,0,0,34,34,597,0.9992
29632161,1769137704000,33,20,0,0,20,20,597,0.9972
29632162,1769137710000,19,33,0,0,33,33,597,0.9983
29632163,1769137716000,30,19,0,0,19,19,597,0.9996
29632164,1769137722000,19,30,0,0,30,30,597,0.9992
29632165,1769137728000,33,19,0,0,19,19,597,0.999
29632166,1769137734000,18,33,0,0,33,33,597,0.9993
29632167,1769137740000,35,18,0,0,18,18,597,0.9996
29632168,1769137746000,19,35,0,0,35,35,597,0.9993
29632169,1769137752000,31,19,0,0,19,19,592,0.9993
29632170,1769137758000,19,31,0,0,31,31,597,0.9996
29632171,1769137764000,33,19,0,0,19,19,597,0.9996
29632172,1769137770000,20,33,0,0,33,33,597,0.9997
29632173,1769137776000,31,20,0,0,20,20,597,0.9997
29632174,1769137782000,20,31,0,0,31,31,597,0.9995
29632175,1769137788000,31,20,0,0,20,20,597,0.9995
29632176,1769137794000,19,31,0,0,31,31,597,0.9996
29632177,1769137800000,33,19,0,0,19,19,597,0.9992
29632178,1769137806000,19,33,0,0,33,33,597,0.9994
29632179,1769137812000,32,19,0,0,19,19,597,0.9994
29632180,1769137818000,18,32,0,0,32,32,597,0.9995
29632181,1769137824000,32,18,0,0,18,18,597,0.9997
29632182,1769137830000,18,32,0,0,32,32,597,0.9987
29632183,1769137836000,31,18,0,0,18,18,596,0.9994
29632184,1769137842000,17,31,0,0,31,31,597,0.9998
29632185,1769137848000,34,17,0,0,17,17,597,0.9994
29632186,1769137854000,18,34,0,0,34,34,597,0.9996
29632187,1769137860000,34,18,0,0,18,18,597,1
29632188,1769137866000,19,34,0,0,34,34,597,0.9996
29632189,1769137872000,34,19,0,0,19,19,597,0.9995
29632190,1769137878000,18,34,0,0,34,34,597,0.9996
29632191,1769137884000,33,18,0,0,18,18,597,0.9999
29632192,1769137890000,19,33,0,0,33,33,597,0.9997
29632193,1769137896000,32,19,0,0,19,19,597,0.9999
29632194,1769137902000,17,32,0,0,32,32,597,0.9996
29632195,1769137908000,33,17,0,0,17,17,597,0.9993
29632196,1769137914000,21,33,0,0,33,33,597,0.9995
29632197,1769137920000,28,21,0,0,21,21,597,0.9989
29632198,1769137926000,19,28,0,0,28,28,597,0.999
29632199,1769137932000,31,19,0,0,19,19,597,0.9989
29632200,1769137938000,22,31,0,0,31,31,597,0.9998
29632201,1769137944000,29,22,0,0,22,22,592,0.9999
29632202,1769137950000,21,29,0,0,29,29,597,0.9991
29632203,1769137956000,27,21,0,0,21,21,597,0.9995
29632204,1769137962000,26,27,0,0,27,27,597,0.9996
29632205,1769137968000,27,26,0,0,26,26,597,0.9994
29632206,1769137974000,24,27,0,0,27,27,597,0.9977
29632207,1769137980000,26,24,0,0,24,24,597,0.9997
29632208,1769137986000,24,26,0,0,26,26,597,0.9995
29632209,1769137992000,24,24,0,0,24,24,597,0.9993
29632210,1769137998000,22,24,0,0,24,24,597,0.9994
29632211,1769138004000,25,22,0,0,22,22,597,0.9995
29632212,1769138010000,24,25,0,0,25,25,597,0.9999
29632213,1769138016000,27,24,0,0,24,24,596,0.9996
29632214,1769138022000,27,27,0,0,27,27,597,0.9991
29632215,1769138028000,27,27,0,0,27,27,597,0.999
29632216,1769138034000,25,27,0,0,27,27,597,0.9986
29632217,1769138040000,26,25,0,0,25,25,597,0.9994
29632218,1769138046000,25,26,0,0,26,26,597,0.9994
29632219,1769138052000,28,25,0,0,25,25,597,0.9999
29632220,1769138058000,25,28,0,0,28,28,597,0.9998
29632221,1769138064000,28,25,0,0,25,25,597,0.9999
29632222,1769138070000,25,28,0,0,28,28,597,0.9989
29632223,1769138076000,25,25,0,0,25,25,597,0.9994
29632224,1769138082000,27,25,0,0,25,25,597,0.9993
29632225,1769138088000,26,27,0,0,27,27,597,0.9994
29632226,1769138094000,24,26,0,0,26,26,597,0.9983
29632227,1769138100000,28,24,0,0,24,24,597,0.999
29632228,1769138106000,26,28,0,0,28,28,597,0.9996
29632229,1769138112000,25,26,0,0,26,26,596,0.9996
29632230,1769138118000,24,25,0,0,25,25,597,0.9985
29632231,1769138124000,24,24,0,0,24,24,597,0.999
29632232,1769138130000,24,24,0,0,24,24,596,0.9992
29632233,1769138136000,26,24,0,0,24,24,597,0.9993
29632234,1769138142000,27,26,0,0,26,26,597,0.9984
29632235,1769138148000,25,27,0,0,27,27,597,0.9981
29632236,1769138154000,26,25,0,0,25,25,597,0.9994
29632237,1769138160000,23,26,0,0,26,26,597,0.9995
29632238,1769138166000,29,23,0,0,23,23,597,0.9994
29632239,1769138172000,24,29,0,0,29,29,597,0.9995
29632240,1769138178000,26,24,0,0,24,24,597,0.9997
29632241,1769138184000,22,26,0,0,26,26,597,0.9985
29632242,1769138190000,25,22,0,0,22,22,597,0.9998
29632243,1769138196000,23,25,0,0,25,25,597,0.9994
29632244,1769138202000,26,23,0,0,23,23,596,0.9994
29632245,1769138208000,22,26,0,0,26,26,596,0.9991
29632246,1769138214000,25,22,0,0,22,22,596,0.9985
29632247,1769138220000,24,25,0,0,25,25,596,0.9988
29632248,1769138226000,27,24,0,0,24,24,596,0.9992
29632249,1769138232000,25,27,0,0,27,27,596,0.9987
29632250,1769138238000,25,25,0,0,25,25,596,0.9996
29632251,1769138244000,25,25,0,0,25,25,596,0.999
29632252,1769138250000,23,25,0,0,25,25,596,0.999
29632253,1769138256000,26,23,0,0,23,23,596,0.9986
29632254,1769138262000,25,26,0,0,26,26,597,0.9988
29632255,1769138268000,26,25,0,0,25,25,597,0.9988
29632256,1769138274000,27,26,0,0,26,26,597,0.9988
29632257,1769138280000,26,27,0,0,27,27,597,0.9985
29632258,1769138286000,24,26,0,0,26,26,597,0.9996
29632259,1769138292000,24,24,0,0,24,24,596,0.9999
29632260,1769138298000,25,24,0,0,24,24,597,0.999
29632261,1769138304000,25,25,0,0,25,25,597,0.9995
29632262,1769138310000,27,25,0,0,25,25,597,0.9998
29632263,1769138316000,27,27,0,0,27,27,597,0.9988
29632264,1769138322000,26,27,0,0,27,27,597,0.9993
29632265,1769138328000,25,26,0,0,26,26,597,0.9995
29632266,1769138334000,25,25,0,0,25,25,596,0.9991
29632267,1769138340000,26,25,0,0,25,25,597,0.9995
29632268,1769138346000,28,26,0,0,26,26,597,0.9997
29632269,1769138352000,24,28,0,0,28,28,594,0.999
29632270,1769138358000,26,24,0,0,24,24,597,0.9989
29632271,1769138364000,24,26,0,0,26,26,597,0.9996
29632272,1769138370000,25,24,0,0,24,24,596,0.9995
29632273,1769138376000,25,25,0,0,25,25,597,0.9997
29632274,1769138382000,23,25,0,0,25,25,597,0.9993
29632275,1769138388000,24,23,0,0,23,23,597,0.9991
29632276,1769138394000,24,24,0,0,24,24,597,0.9991
29632277,1769138400000,24,24,0,0,24,24,597,0.9995
29632278,1769138406000,27,24,0,0,24,24,596,0.9991
29632279,1769138412000,24,27,0,0,27,27,597,1
29632280,1769138418000,25,24,0,0,24,24,597,0.9997
29632281,1769138424000,23,25,0,0,25,25,597,0.9998
29632282,1769138430000,24,23,0,0,23,23,597,0.9999
29632283,1769138436000,24,24,0,0,24,24,597,0.9997
29632284,1769138442000,29,24,0,0,24,24,597,0.9998
29632285,1769138448000,22,29,0,0,29,29,597,0.9997
29632286,1769138454000,29,22,0,0,22,22,597,0.9997
29632287,1769138460000,22,29,0,0,29,29,597,0.9998
29632288,1769138466000,28,22,0,0,22,22,597,0.9991
29632289,1769138472000,23,28,0,0,28,28,597,0.9998
29632290,1769138478000,25,23,0,0,23,23,597,0.9995
29632291,1769138484000,21,25,0,0,25,25,597,0.9994
29632292,1769138490000,28,21,0,0,21,21,597,0.9998
29632293,1769138496000,26,28,0,0,28,28,597,0.9994
29632294,1769138502000,26,26,0,0,26,26,597,0.9996
29632295,1769138508000,23,26,0,0,26,26,597,0.9996
29632296,1769138514000,25,23,0,0,23,23,596,0.9996
29632297,1769138520000,22,25,0,0,25,25,597,0.9997
29632298,1769138526000,28,22,0,0,22,22,597,0.9996
29632299,1769138532000,22,28,0,0,28,28,597,0.9998
29632300,1769138538000,25,22,0,0,22,22,597,0.9996
29632301,1769138544000,24,25,0,0,25,25,597,0.9999
29632302,1769138550000,25,24,0,0,24,24,597,0.9999
29632303,1769138556000,23,25,0,0,25,25,597,0.9991
29632304,1769138562000,20,23,0,0,23,23,594,0.999
29632305,1769138568000,22,20,0,0,20,20,597,0.9996
29632306,1769138574000,24,22,0,0,22,22,597,0.9998
29632307,1769138580000,23,24,0,0,24,24,597,0.9988
29632308,1769138586000,26,23,0,0,23,23,597,0.9988
29632309,1769138592000,22,26,0,0,26,26,597,0.9999
29632310,1769138598000,22,22,0,0,22,22,597,0.9997
29632311,1769138604000,20,22,0,0,22,22,597,0.999
29632312,1769138610000,20,20,0,0,20,20,597,0.999
29632313,1769138616000,23,20,0,0,20,20,597,0.9991
29632314,1769138622000,26,23,0,0,23,23,597,0.9984
29632315,1769138628000,24,26,0,0,26,26,597,0.9977
29632316,1769138634000,29,24,0,0,24,24,597,0.999
29632317,1769138640000,25,29,0,0,29,29,597,0.9992
29632318,1769138646000,26,25,0,0,25,25,596,0.9997
29632319,1769138652000,25,26,0,0,26,26,596,0.9997
29632320,1769138658000,28,25,0,0,25,25,597,0.9993
29632321,1769138664000,23,28,0,0,28,28,597,0.999
29632322,1769138670000,28,23,0,0,23,23,596,0.9999
29632323,1769138676000,23,28,0,0,28,28,597,0.9984
29632324,1769138682000,27,23,0,0,23,23,597,0.9995
29632325,1769138688000,23,27,0,0,27,27,596,0.9998
29632326,1769138694000,28,23,0,0,23,23,596,0.9997
29632327,1769138700000,24,28,0,0,28,28,597,0.9989
29632328,1769138706000,26,24,0,0,24,24,596,0.9996
29632329,1769138712000,21,26,0,0,26,26,597,0.9987
29632330,1769138718000,24,21,0,0,21,21,597,0.999
29632331,1769138724000,22,24,0,0,24,24,597,0.9994
29632332,1769138730000,26,22,0,0,22,22,597,0.998
29632333,1769138736000,26,26,0,0,26,26,597,0.9992
29632334,1769138742000,26,26,0,0,26,26,597,0.9982
29632335,1769138748000,21,26,0,0,26,26,597,0.9989
29632336,1769138754000,24,21,0,0,21,21,597,0.9986
29632337,1769138760000,26,24,0,0,24,24,597,0.9986
29632338,1769138766000,26,26,0,0,26,26,597,0.9988
29632339,1769138772000,26,26,0,0,26,26,597,0.999
29632340,1769138778000,25,26,0,0,26,26,597,0.9995
29632341,1769138784000,25,25,0,0,25,25,597,0.9987
29632342,1769138790000,25,25,0,0,25,25,597,0.9975
29632343,1769138796000,25,25,0,0,25,25,597,0.9976
29632344,1769138802000,27,25,0,0,25,25,597,0.9983
29632345,1769138808000,27,27,0,0,27,27,597,0.9991
29632346,1769138814000,27,27,0,0,27,27,597,0.9994
29632347,1769138820000,26,27,0,0,27,27,597,0.9993
29632348,1769138826000,25,26,0,0,26,26,597,0.9998
29632349,1769138832000,26,25,0,0,25,25,597,0.9991
29632350,1769138838000,26,26,0,0,26,26,597,0.9982
29632351,1769138844000,25,26,0,0,26,26,597,0.999
29632352,1769138850000,26,25,0,0,25,25,597,0.9991
29632353,1769138856000,26,26,0,0,26,26,597,0.9993
29632354,1769138862000,25,26,0,0,26,26,597,0.999
29632355,1769138868000,26,25,0,0,25,25,597,0.9992
29632356,1769138874000,28,26,0,0,26,26,597,0.9994
29632357,1769138880000,26,28,0,0,28,28,597,0.9991
29632358,1769138886000,28,26,0,0,26,26,597,0.9993
29632359,1769138892000,26,28,0,0,28,28,597,0.9992
29632360,1769138898000,26,26,0,0,26,26,597,0.9985
29632361,1769138904000,26,26,0,0,26,26,597,0.9994
29632362,1769138910000,29,26,0,0,26,26,597,0.9998
29632363,1769138916000,24,29,0,0,29,29,597,0.9992
29632364,1769138922000,25,24,0,0,24,24,597,0.9994
29632365,1769138928000,23,25,0,0,25,25,597,0.9985
29632366,1769138934000,29,23,0,0,23,23,597,0.9996
29632367,1769138940000,26,29,0,0,29,29,597,0.9994
29632368,1769138946000,27,26,0,0,26,26,597,0.9992
29632369,1769138952000,24,27,0,0,27,27,597,0.9984
29632370,1769138958000,25,24,0,0,24,24,597,0.9991
29632371,1769138964000,24,25,0,0,25,25,597,0.9995
29632372,1769138970000,26,24,0,0,24,24,597,0.9993
29632373,1769138976000,25,26,0,0,26,26,597,0.9988
29632374,1769138982000,26,25,0,0,25,25,597,0.9992
29632375,1769138988000,25,26,0,0,26,26,597,0.9985
29632376,1769138994000,27,25,0,0,25,25,597,0.999
29632377,1769139000000,25,27,0,0,27,27,597,0.9993
29632378,1769139006000,27,25,0,0,25,25,597,0.9995
29632379,1769139012000,24,27,0,0,27,27,597,0.9994
29632380,1769139018000,26,24,0,0,24,24,597,0.9994
29632381,1769139024000,23,26,0,0,26,26,597,0.9998
29632382,1769139030000,25,23,0,0,23,23,597,0.9996
29632383,1769139036000,22,25,0,0,25,25,597,0.999
29632384,1769139042000,25,22,0,0,22,22,597,0.999
29632385,1769139048000,23,25,0,0,25,25,597,0.9991
29632386,1769139054000,25,23,0,0,23,23,597,0.9996
29632387,1769139060000,22,25,0,0,25,25,597,0.9993
29632388,1769139066000,25,22,0,0,22,22,597,0.9996
29632389,1769139072000,21,25,0,0,25,25,597,0.9987
29632390,1769139078000,25,21,0,0,21,21,597,0.999
29632391,1769139084000,24,25,0,0,25,25,597,0.9994
29632392,1769139090000,0,24,0,0,24,24,597,0.9996
29632393,1769139096000,30,0,0,0,0,0,595,0
29632394,1769139102000,19,30,0,0,30,30,591,0.9962
29632395,1769139108000,31,19,0,0,19,19,596,0.9982
29632396,1769139114000,22,31,0,0,31,31,597,0.9967
29632397,1769139120000,32,22,0,0,22,22,589,0.998
29632398,1769139126000,23,32,0,0,32,32,591,0.9974
29632399,1769139132000,30,23,0,0,23,23,593,0.9985
29632400,1769139138000,22,30,0,0,30,30,593,0.9967
29632401,1769139144000,28,22,0,0,22,22,593,0.9976
29632402,1769139150000,25,28,0,0,28,28,594,0.9963
29632403,1769139156000,28,25,0,0,25,25,595,0.9982
29632404,1769139162000,24,28,0,0,28,28,595,0.998
29632405,1769139168000,29,24,0,0,24,24,597,0.9934
29632406,1769139174000,22,29,0,0,29,29,597,0.9979
29632407,1769139180000,30,22,0,0,22,22,597,0.9973
29632408,1769139186000,23,30,0,0,30,30,597,0.9979
29632409,1769139192000,30,23,0,0,23,23,597,0.9976
29632410,1769139198000,22,30,0,0,30,30,597,0.9988
29632411,1769139204000,29,22,0,0,22,22,597,0.9987
29632412,1769139210000,25,29,0,0,29,29,597,0.9984
29632413,1769139216000,27,25,0,0,25,25,597,0.9981
29632414,1769139222000,22,27,0,0,27,27,597,0.9986
29632415,1769139228000,27,22,0,0,22,22,597,0.9977
29632416,1769139234000,24,27,0,0,27,27,597,0.9984
29632417,1769139240000,30,24,0,0,24,24,597,0.9992
29632418,1769139246000,24,30,0,0,30,30,597,0.9984
29632419,1769139252000,29,24,0,0,24,24,597,0.9985
29632420,1769139258000,23,29,0,0,29,29,597,0.9986
29632421,1769139264000,27,23,0,0,23,23,596,0.9987
29632422,1769139270000,24,27,0,0,27,27,595,0.999
29632423,1769139276000,29,24,0,0,24,24,597,0.9983
29632424,1769139282000,25,29,0,0,29,29,597,0.9942
29632425,1769139288000,29,25,0,0,25,25,595,0.9971
29632426,1769139294000,26,29,0,0,29,29,597,0.9975
29632427,1769139300000,28,26,0,0,26,26,597,0.9965
29632428,1769139306000,22,28,0,0,28,28,597,0.9992
29632429,1769139312000,26,22,0,0,22,22,597,0.9973
29632430,1769139318000,22,26,0,0,26,26,597,0.9992
29632431,1769139324000,29,22,0,0,22,22,597,0.9987
29632432,1769139330000,24,29,0,0,29,29,597,0.9989
29632433,1769139336000,30,24,0,0,24,24,597,0.9991
29632434,1769139342000,25,30,0,0,30,30,597,0.9984
29632435,1769139348000,30,25,0,0,25,25,597,0.9979
29632436,1769139354000,23,30,0,0,30,30,597,0.9985
29632437,1769139360000,28,23,0,0,23,23,596,0.9988
29632438,1769139366000,25,28,0,0,28,28,596,0.9998
29632439,1769139372000,26,25,0,0,25,25,596,0.9995
29632440,1769139378000,23,26,0,0,26,26,596,0.9994
29632441,1769139384000,27,23,0,0,23,23,596,0.9993
29632442,1769139390000,25,27,0,0,27,27,596,0.9997
29632443,1769139396000,28,25,0,0,25,25,596,0.9993
29632444,1769139402000,22,28,0,0,28,28,596,0.9996
29632445,1769139408000,24,22,0,0,22,22,596,0.9987
29632446,1769139414000,23,24,0,0,24,24,596,0.9987
29632447,1769139420000,26,23,0,0,23,23,597,0.9979
29632448,1769139426000,23,26,0,0,26,26,597,0.9982
29632449,1769139432000,27,23,0,0,23,23,595,0.9979
29632450,1769139438000,21,27,0,0,27,27,597,0.9944
29632451,1769139444000,27,21,0,0,21,21,597,0.9985
29632452,1769139450000,25,27,0,0,27,27,595,0.9973
29632453,1769139456000,28,25,0,0,25,25,597,0.9964
29632454,1769139462000,24,28,0,0,28,28,597,0.9985
29632455,1769139468000,28,24,0,0,24,24,597,0.9972
29632456,1769139474000,24,28,0,0,28,28,597,0.9978
29632457,1769139480000,28,24,0,0,24,24,596,0.9995
29632458,1769139486000,23,28,0,0,28,28,597,0.9992
29632459,1769139492000,27,23,0,0,23,23,597,0.9989
29632460,1769139498000,22,27,0,0,27,27,597,0.9982
29632461,1769139504000,27,22,0,0,22,22,597,0.9973
29632462,1769139510000,23,27,0,0,27,27,597,0.9972
29632463,1769139516000,28,23,0,0,23,23,596,0.9986
29632464,1769139522000,19,28,0,0,28,28,597,0.9992
29632465,1769139528000,26,19,0,0,19,19,597,0.9985
29632466,1769139534000,24,26,0,0,26,26,597,0.9984
29632467,1769139540000,27,24,0,0,24,24,597,0.9975
29632468,1769139546000,25,27,0,0,27,27,597,0.9988
29632469,1769139552000,25,25,0,0,25,25,597,0.9985
29632470,1769139558000,24,25,0,0,25,25,597,0.9994
29632471,1769139564000,24,24,0,0,24,24,597,0.999
29632472,1769139570000,24,24,0,0,24,24,597,0.9987
29632473,1769139576000,25,24,0,0,24,24,597,0.9988
29632474,1769139582000,27,25,0,0,25,25,597,0.9988
29632475,1769139588000,26,27,0,0,27,27,597,0.9981
29632476,1769139594000,27,26,0,0,26,26,597,0.9977
29632477,1769139600000,26,27,0,0,27,27,597,0.9986
29632478,1769139606000,25,26,0,0,26,26,597,0.999
29632479,1769139612000,24,25,0,0,25,25,597,0.9955
29632480,1769139618000,24,24,0,0,24,24,597,0.9977
29632481,1769139624000,24,24,0,0,24,24,596,0.9984
29632482,1769139630000,27,24,0,0,24,24,597,0.9987
29632483,1769139636000,26,27,0,0,27,27,597,0.9986
29632484,1769139642000,25,26,0,0,26,26,597,0.9985
29632485,1769139648000,26,25,0,0,25,25,597,0.9966
29632486,1769139654000,26,26,0,0,26,26,597,0.9983
29632487,1769139660000,23,26,0,0,26,26,597,0.9976
29632488,1769139666000,27,23,0,0,23,23,597,0.9983
29632489,1769139672000,25,27,0,0,27,27,597,0.9988
29632490,1769139678000,25,25,0,0,25,25,597,0.9982
29632491,1769139684000,25,25,0,0,25,25,597,0.9984
29632492,1769139690000,29,25,0,0,25,25,597,0.9977
29632493,1769139696000,27,29,0,0,29,29,597,0.9986
29632494,1769139702000,25,27,0,0,27,27,596,0.9983
29632495,1769139708000,26,25,0,0,25,25,597,0.9978
29632496,1769139714000,26,26,0,0,26,26,597,0.9984
29632497,1769139720000,25,26,0,0,26,26,597,0.9986
29632498,1769139726000,26,25,0,0,25,25,597,0.9992
29632499,1769139732000,26,26,0,0,26,26,597,0.9981
29632500,1769139738000,30,26,0,0,26,26,597,0.9967
29632501,1769139744000,22,30,0,0,30,30,597,0.9994
29632502,1769139750000,27,22,0,0,22,22,597,0.9986
29632503,1769139756000,24,27,0,0,27,27,597,0.9989
29632504,1769139762000,26,24,0,0,24,24,594,0.9975
29632505,1769139768000,23,26,0,0,26,26,597,0.9966
29632506,1769139774000,29,23,0,0,23,23,597,0.9992
29632507,1769139780000,24,29,0,0,29,29,597,0.9991
29632508,1769139786000,29,24,0,0,24,24,597,0.999
29632509,1769139792000,23,29,0,0,29,29,597,0.9992
29632510,1769139798000,27,23,0,0,23,23,597,0.9991
29632511,1769139804000,25,27,0,0,27,27,597,0.9983
29632512,1769139810000,27,25,0,0,25,25,597,0.9974
29632513,1769139816000,25,27,0,0,27,27,597,0.9983
29632514,1769139822000,26,25,0,0,25,25,597,0.9989
29632515,1769139828000,25,26,0,0,26,26,595,0.9988
29632516,1769139834000,30,25,0,0,25,25,595,0.9989
29632517,1769139840000,23,30,0,0,30,30,597,0.9987
29632518,1769139846000,26,23,0,0,23,23,597,0.9989
29632519,1769139852000,23,26,0,0,26,26,597,0.9985
29632520,1769139858000,25,23,0,0,23,23,597,0.9993
29632521,1769139864000,22,25,0,0,25,25,597,0.9996
29632522,1769139870000,27,22,0,0,22,22,597,0.9996
29632523,1769139876000,26,27,0,0,27,27,597,0.998
29632524,1769139882000,26,26,0,0,26,26,597,0.9966
29632525,1769139888000,25,26,0,0,26,26,597,0.9981
29632526,1769139894000,23,25,0,0,25,25,597,0.9982
29632527,1769139900000,25,23,0,0,23,23,596,0.9996
29632528,1769139906000,26,25,0,0,25,25,596,0.9993
29632529,1769139912000,25,26,0,0,26,26,597,0.9992
29632530,1769139918000,25,25,0,0,25,25,597,0.9985
29632531,1769139924000,25,25,0,0,25,25,597,0.9985
29632532,1769139930000,25,25,0,0,25,25,597,0.9993
29632533,1769139936000,23,25,0,0,25,25,597,0.9991
29632534,1769139942000,26,23,0,0,23,23,597,0.9988
29632535,1769139948000,22,26,0,0,26,26,597,0.9985
29632536,1769139954000,30,22,0,0,22,22,597,0.9989
29632537,1769139960000,24,30,0,0,30,30,597,0.9992
29632538,1769139966000,28,24,0,0,24,24,597,0.9989
29632539,1769139972000,24,28,0,0,28,28,597,0.9993
29632540,1769139978000,28,24,0,0,24,24,597,0.9989
29632541,1769139984000,23,28,0,0,28,28,597,0.9989
29632542,1769139990000,27,23,0,0,23,23,597,0.9982
29632543,1769139996000,24,27,0,0,27,27,597,0.9988
29632544,1769140002000,26,24,0,0,24,24,596,0.9993
29632545,1769140008000,22,26,0,0,26,26,596,0.9991
29632546,1769140014000,28,22,0,0,22,22,596,0.9988
29632547,1769140020000,22,28,0,0,28,28,597,0.9982
29632548,1769140026000,27,22,0,0,22,22,597,0.9979
29632549,1769140032000,22,27,0,0,27,27,597,0.9991
29632550,1769140038000,25,22,0,0,22,22,596,0.9989
29632551,1769140044000,25,25,0,0,25,25,597,0.9995
29632552,1769140050000,26,25,0,0,25,25,597,0.9987
29632553,1769140056000,25,26,0,0,26,26,597,0.9992
29632554,1769140062000,25,25,0,0,25,25,597,0.9997
29632555,1769140068000,23,25,0,0,25,25,597,0.9997
29632556,1769140074000,26,23,0,0,23,23,596,0.999
29632557,1769140080000,23,26,0,0,26,26,597,0.9995
29632558,1769140086000,24,23,0,0,23,23,596,0.9996
29632559,1769140092000,22,24,0,0,24,24,597,0.9994
29632560,1769140098000,27,22,0,0,22,22,597,0.9994
29632561,1769140104000,25,27,0,0,27,27,596,0.9995
29632562,1769140110000,26,25,0,0,25,25,597,0.9987
29632563,1769140116000,27,26,0,0,26,26,596,0.9993
29632564,1769140122000,26,27,0,0,27,27,597,0.9993
29632565,1769140128000,27,26,0,0,26,26,596,0.9994
29632566,1769140134000,24,27,0,0,27,27,596,0.9993
29632567,1769140140000,27,24,0,0,24,24,596,0.9993
29632568,1769140146000,23,27,0,0,27,27,597,0.9984
29632569,1769140152000,23,23,0,0,23,23,596,0.9988
29632570,1769140158000,26,23,0,0,23,23,596,0.9994
29632571,1769140164000,25,26,0,0,26,26,596,0.9998
29632572,1769140170000,26,25,0,0,25,25,596,0.9997
29632573,1769140176000,26,26,0,0,26,26,594,0.9995
29632574,1769140182000,23,26,0,0,26,26,596,0.9994
29632575,1769140188000,25,23,0,0,23,23,596,0.9984
29632576,1769140194000,25,25,0,0,25,25,596,0.999
29632577,1769140200000,24,25,0,0,25,25,597,0.9978
29632578,1769140206000,24,24,0,0,24,24,596,0.9994
29632579,1769140212000,24,24,0,0,24,24,597,0.999
29632580,1769140218000,23,24,0,0,24,24,596,0.9993
29632581,1769140224000,22,23,0,0,23,23,597,0.9986
29632582,1769140230000,26,22,0,0,22,22,597,0.9992
29632583,1769140236000,24,26,0,0,26,26,597,0.9989
29632584,1769140242000,27,24,0,0,24,24,597,0.9995
29632585,1769140248000,27,27,0,0,27,27,597,0.9993
29632586,1769140254000,27,27,0,0,27,27,597,0.9991
29632587,1769140260000,25,27,0,0,27,27,597,0.9984
29632588,1769140266000,24,25,0,0,25,25,597,0.9975
29632589,1769140272000,24,24,0,0,24,24,597,0.9992
29632590,1769140278000,25,24,0,0,24,24,597,0.9988
29632591,1769140284000,27,25,0,0,25,25,597,0.9993
29632592,1769140290000,27,27,0,0,27,27,597,0.9993
29632593,1769140296000,26,27,0,0,27,27,597,0.9986
29632594,1769140302000,27,26,0,0,26,26,597,0.9995
29632595,1769140308000,25,27,0,0,27,27,597,0.9986
29632596,1769140314000,26,25,0,0,25,25,597,0.9968
29632597,1769140320000,25,26,0,0,26,26,597,0.9992
29632598,1769140326000,25,25,0,0,25,25,597,0.9984
29632599,1769140332000,25,25,0,0,25,25,597,0.9991
29632600,1769140338000,27,25,0,0,25,25,597,0.9985
29632601,1769140344000,24,27,0,0,27,27,597,0.9988
29632602,1769140350000,27,24,0,0,24,24,597,0.9983
29632603,1769140356000,25,27,0,0,27,27,597,0.9991
29632604,1769140362000,23,25,0,0,25,25,597,0.9991
29632605,1769140368000,25,23,0,0,23,23,596,0.9988
29632606,1769140374000,26,25,0,0,25,25,597,0.9988
29632607,1769140380000,24,26,0,0,26,26,596,0.9997
29632608,1769140386000,27,24,0,0,24,24,596,0.9997
29632609,1769140392000,24,27,0,0,27,27,597,0.9989
29632610,1769140398000,24,24,0,0,24,24,597,0.9987
29632611,1769140404000,24,24,0,0,24,24,596,0.9997
29632612,1769140410000,26,24,0,0,24,24,597,0.9984
29632613,1769140416000,24,26,0,0,26,26,597,0.9968
29632614,1769140422000,24,24,0,0,24,24,597,0.9992
29632615,1769140428000,27,24,0,0,24,24,597,0.9985
29632616,1769140434000,28,27,0,0,27,27,597,0.9981
29632617,1769140440000,27,28,0,0,28,28,596,0.9993
29632618,1769140446000,24,27,0,0,27,27,597,0.9992
29632619,1769140452000,27,24,0,0,24,24,597,0.9991
29632620,1769140458000,26,27,0,0,27,27,597,0.9994
29632621,1769140464000,26,26,0,0,26,26,597,0.9991
29632622,1769140470000,25,26,0,0,26,26,597,0.9991
29632623,1769140476000,26,25,0,0,25,25,597,0.9999
29632624,1769140482000,28,26,0,0,26,26,597,0.9978
29632625,1769140488000,24,28,0,0,28,28,596,0.9983
29632626,1769140494000,28,24,0,0,24,24,597,0.9985
29632627,1769140500000,24,28,0,0,28,28,597,0.998
29632628,1769140506000,27,24,0,0,24,24,597,0.9992
29632629,1769140512000,24,27,0,0,27,27,595,0.9996
29632630,1769140518000,29,24,0,0,24,24,597,0.9993
29632631,1769140524000,24,29,0,0,29,29,597,0.9982
29632632,1769140530000,27,24,0,0,24,24,597,0.9983
29632633,1769140536000,24,27,0,0,27,27,597,0.9987
29632634,1769140542000,30,24,0,0,24,24,595,0.9979
29632635,1769140548000,24,30,0,0,30,30,596,0.9993
29632636,1769140554000,25,24,0,0,24,24,597,0.9992
29632637,1769140560000,23,25,0,0,25,25,597,0.9991
29632638,1769140566000,26,23,0,0,23,23,597,0.9987
29632639,1769140572000,25,26,0,0,26,26,597,0.999
29632640,1769140578000,28,25,0,0,25,25,597,0.9989
29632641,1769140584000,25,28,0,0,28,28,597,0.9989
29632642,1769140590000,29,25,0,0,25,25,596,0.9989
29632643,1769140596000,24,29,0,0,29,29,597,0.9986
29632644,1769140602000,27,24,0,0,24,24,597,0.9987
29632645,1769140608000,22,27,0,0,27,27,597,0.9991
29632646,1769140614000,28,22,0,0,22,22,597,0.9985
29632647,1769140620000,24,28,0,0,28,28,597,0.9995
29632648,1769140626000,29,24,0,0,24,24,597,0.999
29632649,1769140632000,24,29,0,0,29,29,597,0.9994
29632650,1769140638000,28,24,0,0,24,24,597,0.9983
29632651,1769140644000,23,28,0,0,28,28,597,0.9983
29632652,1769140650000,29,23,0,0,23,23,597,0.9988
29632653,1769140656000,25,29,0,0,29,29,596,0.9991
29632654,1769140662000,25,25,0,0,25,25,596,0.9994
29632655,1769140668000,24,25,0,0,25,25,594,0.9979
29632656,1769140674000,25,24,0,0,24,24,597,0.9992
29632657,1769140680000,25,25,0,0,25,25,597,0.9992
29632658,1769140686000,27,25,0,0,25,25,597,0.999
29632659,1769140692000,23,27,0,0,27,27,597,0.9982
29632660,1769140698000,27,23,0,0,23,23,597,0.9985
29632661,1769140704000,25,27,0,0,27,27,596,0.9997
29632662,1769140710000,27,25,0,0,25,25,596,0.9999
29632663,1769140716000,24,27,0,0,27,27,596,0.999
29632664,1769140722000,25,24,0,0,24,24,596,0.9997
29632665,1769140728000,23,25,0,0,25,25,596,0.9987
29632666,1769140734000,27,23,0,0,23,23,595,0.9995
29632667,1769140740000,25,27,0,0,27,27,597,0.9985
29632668,1769140746000,26,25,0,0,25,25,596,0.9983
29632669,1769140752000,25,26,0,0,26,26,596,0.9997
29632670,1769140758000,27,25,0,0,25,25,595,0.9981
29632671,1769140764000,24,27,0,0,27,27,596,0.9995
29632672,1769140770000,29,24,0,0,24,24,596,0.999
29632673,1769140776000,26,29,0,0,29,29,597,0.9988
29632674,1769140782000,26,26,0,0,26,26,596,1
29632675,1769140788000,26,26,0,0,26,26,596,0.9992
29632676,1769140794000,24,26,0,0,26,26,596,0.9995
29632677,1769140800000,23,24,0,0,24,24,596,0.9983
29632678,1769140806000,23,23,0,0,23,23,596,0.9996
29632679,1769140812000,23,23,0,0,23,23,596,0.9997
29632680,1769140818000,25,23,0,0,23,23,597,0.9977
29632681,1769140824000,23,25,0,0,25,25,597,0.9994
29632682,1769140830000,28,23,0,0,23,23,597,0.9986
29632683,1769140836000,24,28,0,0,28,28,597,0.9992
29632684,1769140842000,28,24,0,0,24,24,596,0.9999
29632685,1769140848000,23,28,0,0,28,28,597,0.9955
29632686,1769140854000,25,23,0,0,23,23,597,0.9988
29632687,1769140860000,24,25,0,0,25,25,596,0.9982
29632688,1769140866000,27,24,0,0,24,24,597,0.9991
29632689,1769140872000,28,27,0,0,27,27,596,0.9996
29632690,1769140878000,27,28,0,0,28,28,596,0.9997
29632691,1769140884000,24,27,0,0,27,27,597,0.9971
29632692,1769140890000,25,24,0,0,24,24,597,0.9992
29632693,1769140896000,22,25,0,0,25,25,597,0.9989
29632694,1769140902000,28,22,0,0,22,22,597,0.9992
29632695,1769140908000,25,28,0,0,28,28,597,0.9989
29632696,1769140914000,26,25,0,0,25,25,597,0.9995
29632697,1769140920000,24,26,0,0,26,26,597,0.9992
29632698,1769140926000,26,24,0,0,24,24,597,0.999
29632699,1769140932000,23,26,0,0,26,26,597,0.9986
29632700,1769140938000,28,23,0,0,23,23,597,0.9988
29632701,1769140944000,23,28,0,0,28,28,597,0.9994
29632702,1769140950000,27,23,0,0,23,23,597,0.9989
29632703,1769140956000,26,27,0,0,27,27,597,0.999
29632704,1769140962000,23,26,0,0,26,26,597,0.9988
29632705,1769140968000,22,23,0,0,23,23,597,0.9977
29632706,1769140974000,25,22,0,0,22,22,597,0.9993
29632707,1769140980000,23,25,0,0,25,25,596,0.9987
29632708,1769140986000,26,23,0,0,23,23,597,0.999
29632709,1769140992000,24,26,0,0,26,26,596,0.9998
29632710,1769140998000,24,24,0,0,24,24,597,0.9996
29632711,1769141004000,24,24,0,0,24,24,597,0.9984
29632712,1769141010000,27,24,0,0,24,24,597,0.9988
29632713,1769141016000,25,27,0,0,27,27,597,0.999
29632714,1769141022000,25,25,0,0,25,25,596,0.9997
29632715,1769141028000,22,25,0,0,25,25,597,0.9992
29632716,1769141034000,23,22,0,0,22,22,597,0.9993
29632717,1769141040000,21,23,0,0,23,23,596,0.9997
29632718,1769141046000,24,21,0,0,21,21,597,0.9995
29632719,1769141052000,23,24,0,0,24,24,597,0.9996
29632720,1769141058000,25,23,0,0,23,23,597,0.9996
29632721,1769141064000,24,25,0,0,25,25,597,0.9993
29632722,1769141070000,25,24,0,0,24,24,597,0.999
29632723,1769141076000,26,25,0,0,25,25,597,0.9991
29632724,1769141082000,26,26,0,0,26,26,597,0.9986
29632725,1769141088000,27,26,0,0,26,26,595,0.9997
29632726,1769141094000,26,27,0,0,27,27,597,0.9995
29632727,1769141100000,25,26,0,0,26,26,596,0.9995
29632728,1769141106000,23,25,0,0,25,25,597,0.9989
29632729,1769141112000,27,23,0,0,23,23,597,0.9987
29632730,1769141118000,27,27,0,0,27,27,597,0.9988
29632731,1769141124000,25,27,0,0,27,27,596,0.9993
29632732,1769141130000,25,25,0,0,25,25,596,0.9998
29632733,1769141136000,26,25,0,0,25,25,597,0.9993
29632734,1769141142000,26,26,0,0,26,26,597,0.9991
29632735,1769141148000,26,26,0,0,26,26,596,0.9995
29632736,1769141154000,27,26,0,0,26,26,597,0.999
29632737,1769141160000,25,27,0,0,27,27,597,0.9991
29632738,1769141166000,27,25,0,0,25,25,597,0.9993
29632739,1769141172000,24,27,0,0,27,27,597,0.9979
29632740,1769141178000,27,24,0,0,24,24,597,0.9983
29632741,1769141184000,25,27,0,0,27,27,596,0.9997
29632742,1769141190000,29,25,0,0,25,25,596,0.9996
29632743,1769141196000,26,29,0,0,29,29,596,0.9997
29632744,1769141202000,28,26,0,0,26,26,597,0.9988
29632745,1769141208000,22,28,0,0,28,28,596,0.9986
29632746,1769141214000,24,22,0,0,22,22,596,0.9994
29632747,1769141220000,23,24,0,0,24,24,597,0.9994
29632748,1769141226000,23,23,0,0,23,23,596,0.9999
29632749,1769141232000,24,23,0,0,23,23,596,0.9993
29632750,1769141238000,26,24,0,0,24,24,596,0.9999
29632751,1769141244000,25,26,0,0,26,26,596,0.9999
29632752,1769141250000,26,25,0,0,25,25,596,0.9993
29632753,1769141256000,26,26,0,0,26,26,596,0.9999
29632754,1769141262000,26,26,0,0,26,26,596,0.9999
29632755,1769141268000,22,26,0,0,26,26,596,0.9997
29632756,1769141274000,23,22,0,0,22,22,597,0.9994
29632757,1769141280000,24,23,0,0,23,23,596,0.9993
29632758,1769141286000,24,24,0,0,24,24,596,0.9991
29632759,1769141292000,22,24,0,0,24,24,596,0.9985
29632760,1769141298000,24,22,0,0,22,22,596,0.9998
29632761,1769141304000,24,24,0,0,24,24,596,0.9998
29632762,1769141310000,24,24,0,0,24,24,597,0.9985
29632763,1769141316000,28,24,0,0,24,24,597,0.9989
29632764,1769141322000,22,28,0,0,28,28,596,0.9996
29632765,1769141328000,27,22,0,0,22,22,596,0.9992
29632766,1769141334000,23,27,0,0,27,27,597,0.9994
29632767,1769141340000,27,23,0,0,23,23,596,0.9985
29632768,1769141346000,20,27,0,0,27,27,597,0.9989
29632769,1769141352000,25,20,0,0,20,20,597,0.9992
29632770,1769141358000,23,25,0,0,25,25,596,0.9998
29632771,1769141364000,24,23,0,0,23,23,596,0.9993
29632772,1769141370000,28,24,0,0,24,24,595,0.9988
29632773,1769141376000,24,28,0,0,28,28,596,0.9995
29632774,1769141382000,24,24,0,0,24,24,597,0.9991
29632775,1769141388000,24,24,0,0,24,24,597,0.9982
29632776,1769141394000,22,24,0,0,24,24,597,0.9976
29632777,1769141400000,24,22,0,0,22,22,596,0.9995
29632778,1769141406000,23,24,0,0,24,24,596,0.9997
29632779,1769141412000,26,23,0,0,23,23,597,0.999
29632780,1769141418000,24,26,0,0,26,26,596,0.9996
29632781,1769141424000,26,24,0,0,24,24,596,0.9997
29632782,1769141430000,22,26,0,0,26,26,597,0.9988
29632783,1769141436000,29,22,0,0,22,22,596,0.9999
29632784,1769141442000,22,29,0,0,29,29,597,0.9987
29632785,1769141448000,24,22,0,0,22,22,596,0.9997
29632786,1769141454000,21,24,0,0,24,24,596,0.999
29632787,1769141460000,23,21,0,0,21,21,596,0.9995
29632788,1769141466000,21,23,0,0,23,23,596,0.9993
29632789,1769141472000,25,21,0,0,21,21,597,0.9984
29632790,1769141478000,27,25,0,0,25,25,597,0.9995
29632791,1769141484000,25,27,0,0,27,27,597,0.9995
29632792,1769141490000,24,25,0,0,25,25,597,0.9981
29632793,1769141496000,28,24,0,0,24,24,597,0.9994
29632794,1769141502000,23,28,0,0,28,28,597,0.9987
29632795,1769141508000,24,23,0,0,23,23,595,0.9992
29632796,1769141514000,21,24,0,0,24,24,597,0.9988
29632797,1769141520000,32,21,0,0,21,21,597,0.9991
29632798,1769141526000,20,32,0,0,32,32,596,0.9992
29632799,1769141532000,29,20,0,0,20,20,597,0.9994
29632800,1769141538000,20,29,0,0,29,29,597,0.9992
29632801,1769141544000,31,20,0,0,20,20,596,0.9988
29632802,1769141550000,21,31,0,0,31,31,597,0.9988
29632803,1769141556000,31,21,0,0,21,21,597,0.9992
29632804,1769141562000,21,31,0,0,31,31,597,0.9991
29632805,1769141568000,0,21,0,0,21,21,584,0.9989
29632806,1769141574000,32,0,0,0,0,0,597,0
29632807,1769141580000,23,32,0,0,32,32,597,0.9994
29632808,1769141586000,31,23,0,0,23,23,597,0.999
29632809,1769141592000,25,31,0,0,31,31,597,0.9994
29632810,1769141598000,29,25,0,0,25,25,596,0.9993
29632811,1769141604000,24,29,0,0,29,29,596,0.9997
29632812,1769141610000,29,24,0,0,24,24,595,0.9995
29632813,1769141616000,26,29,0,0,29,29,596,0.9994
29632814,1769141622000,27,26,0,0,26,26,596,0.9996
29632815,1769141628000,22,27,0,0,27,27,596,0.9993
29632816,1769141634000,25,22,0,0,22,22,596,0.9997
29632817,1769141640000,22,25,0,0,25,25,596,0.999
29632818,1769141646000,27,22,0,0,22,22,595,0.9988
29632819,1769141652000,23,27,0,0,27,27,596,0.9985
29632820,1769141658000,27,23,0,0,23,23,596,0.999
29632821,1769141664000,22,27,0,0,27,27,596,0.999
29632822,1769141670000,28,22,0,0,22,22,596,0.998
29632823,1769141676000,23,28,0,0,28,28,596,0.9989
29632824,1769141682000,27,23,0,0,23,23,595,0.9991
29632825,1769141688000,23,27,0,0,27,27,596,0.9992
29632826,1769141694000,24,23,0,0,23,23,596,0.9981
29632827,1769141700000,23,24,0,0,24,24,595,0.9991
29632828,1769141706000,25,23,0,0,23,23,595,0.9993
29632829,1769141712000,24,25,0,0,25,25,596,0.9991
29632830,1769141718000,26,24,0,0,24,24,595,0.9999
29632831,1769141724000,23,26,0,0,26,26,595,0.9995
29632832,1769141730000,25,23,0,0,23,23,596,0.9993
29632833,1769141736000,26,25,0,0,25,25,597,0.9995
29632834,1769141742000,24,26,0,0,26,26,597,0.9994
29632835,1769141748000,22,24,0,0,24,24,596,0.9997
29632836,1769141754000,25,22,0,0,22,22,597,0.9995
29632837,1769141760000,24,25,0,0,25,25,597,0.9984
29632838,1769141766000,26,24,0,0,24,24,597,0.9987
29632839,1769141772000,26,26,0,0,26,26,597,0.9992
29632840,1769141778000,26,26,0,0,26,26,597,0.9994
29632841,1769141784000,23,26,0,0,26,26,596,0.9996
29632842,1769141790000,26,23,0,0,23,23,597,0.9988
29632843,1769141796000,22,26,0,0,26,26,597,0.9995
29632844,1769141802000,29,22,0,0,22,22,597,0.9969
29632845,1769141808000,22,29,0,0,29,29,596,0.9993
29632846,1769141814000,30,22,0,0,22,22,597,0.999
29632847,1769141820000,21,30,0,0,30,30,597,0.9991
29632848,1769141826000,32,21,0,0,21,21,597,0.9982
29632849,1769141832000,18,32,0,0,32,32,597,0.999
29632850,1769141838000,31,18,0,0,18,18,597,0.9993
29632851,1769141844000,19,31,0,0,31,31,597,0.9985
29632852,1769141850000,32,19,0,0,19,19,597,0.9985
29632853,1769141856000,22,32,0,0,32,32,597,0.9993
29632854,1769141862000,30,22,0,0,22,22,597,0.9989
29632855,1769141868000,18,30,0,0,30,30,596,0.9997
29632856,1769141874000,28,18,0,0,18,18,596,0.9998
29632857,1769141880000,19,28,0,0,28,28,597,0.9989
29632858,1769141886000,29,19,0,0,19,19,597,0.999
29632859,1769141892000,18,29,0,0,29,29,597,0.9983
29632860,1769141898000,29,18,0,0,18,18,597,0.9994
29632861,1769141904000,18,29,0,0,29,29,596,0.9987
29632862,1769141910000,31,18,0,0,18,18,596,1
29632863,1769141916000,19,31,0,0,31,31,596,0.9997
29632864,1769141922000,31,19,0,0,19,19,596,0.9995
29632865,1769141928000,22,31,0,0,31,31,596,0.9984
29632866,1769141934000,31,22,0,0,22,22,596,0.9986
29632867,1769141940000,21,31,0,0,31,31,597,0.9982
29632868,1769141946000,33,21,0,0,21,21,596,0.9977
29632869,1769141952000,21,33,0,0,33,33,597,0.9982
29632870,1769141958000,30,21,0,0,21,21,597,0.9982
29632871,1769141964000,19,30,0,0,30,30,597,0.9983
29632872,1769141970000,33,19,0,0,19,19,597,0.998
29632873,1769141976000,20,33,0,0,33,33,597,0.999
29632874,1769141982000,31,20,0,0,20,20,597,0.9973
29632875,1769141988000,18,31,0,0,31,31,596,0.9989
29632876,1769141994000,27,18,0,0,18,18,596,0.9979
29632877,1769142000000,21,27,0,0,27,27,596,0.9997
29632878,1769142006000,29,21,0,0,21,21,596,0.9996
29632879,1769142012000,24,29,0,0,29,29,596,0.9997
29632880,1769142018000,28,24,0,0,24,24,596,0.9997
29632881,1769142024000,20,28,0,0,28,28,597,0.9987
29632882,1769142030000,26,20,0,0,20,20,597,0.9993
29632883,1769142036000,22,26,0,0,26,26,597,0.9989
29632884,1769142042000,28,22,0,0,22,22,597,0.9991
29632885,1769142048000,22,28,0,0,28,28,596,0.9966
29632886,1769142054000,25,22,0,0,22,22,596,0.9991
29632887,1769142060000,24,25,0,0,25,25,597,0.9981
29632888,1769142066000,28,24,0,0,24,24,597,0.9984
29632889,1769142072000,21,28,0,0,28,28,597,0.9991
29632890,1769142078000,31,21,0,0,21,21,597,0.9988
29632891,1769142084000,24,31,0,0,31,31,597,0.9988
29632892,1769142090000,31,24,0,0,24,24,597,0.9987
29632893,1769142096000,23,31,0,0,31,31,597,0.9992
29632894,1769142102000,28,23,0,0,23,23,597,0.9993
29632895,1769142108000,20,28,0,0,28,28,596,0.9999
29632896,1769142114000,27,20,0,0,20,20,597,0.9986
29632897,1769142120000,19,27,0,0,27,27,597,0.9996
29632898,1769142126000,29,19,0,0,19,19,597,0.9989
29632899,1769142132000,21,29,0,0,29,29,597,0.999
29632900,1769142138000,26,21,0,0,21,21,596,0.9994
29632901,1769142144000,24,26,0,0,26,26,597,0.9995
29632902,1769142150000,27,24,0,0,24,24,597,0.999
29632903,1769142156000,24,27,0,0,27,27,597,0.9994
29632904,1769142162000,28,24,0,0,24,24,597,0.9994
29632905,1769142168000,24,28,0,0,28,28,596,0.9993
29632906,1769142174000,30,24,0,0,24,24,597,0.9996
29632907,1769142180000,23,30,0,0,30,30,596,0.9996
29632908,1769142186000,33,23,0,0,23,23,597,0.999
29632909,1769142192000,23,33,0,0,33,33,596,0.999
29632910,1769142198000,31,23,0,0,23,23,596,0.9996
29632911,1769142204000,24,31,0,0,31,31,596,0.9986
29632912,1769142210000,31,24,0,0,24,24,596,0.9992
29632913,1769142216000,22,31,0,0,31,31,597,0.9992
29632914,1769142222000,27,22,0,0,22,22,597,0.9989
29632915,1769142228000,22,27,0,0,27,27,597,0.9991
29632916,1769142234000,32,22,0,0,22,22,596,0.9994
29632917,1769142240000,22,32,0,0,32,32,596,0.9997
29632918,1769142246000,31,22,0,0,22,22,597,0.9991
29632919,1769142252000,21,31,0,0,31,31,596,0.9989
29632920,1769142258000,31,21,0,0,21,21,596,0.9994
29632921,1769142264000,23,31,0,0,31,31,596,0.9999
29632922,1769142270000,30,23,0,0,23,23,596,0.9997
29632923,1769142276000,0,30,0,0,30,30,596,0.9995
29632924,1769142282000,32,0,0,0,0,0,597,0
29632925,1769142288000,16,32,0,0,32,32,596,0.9995
29632926,1769142294000,27,16,0,0,16,16,596,0.9993
29632927,1769142300000,17,27,0,0,27,27,596,0.9997
29632928,1769142306000,28,17,0,0,17,17,592,0.9996
29632929,1769142312000,18,28,0,0,28,28,596,0.9999
29632930,1769142318000,29,18,0,0,18,18,595,0.9993
29632931,1769142324000,19,29,0,0,29,29,596,0.9998
29632932,1769142330000,29,19,0,0,19,19,596,0.9995
29632933,1769142336000,20,29,0,0,29,29,596,0.9998
29632934,1769142342000,26,20,0,0,20,20,596,0.9999
29632935,1769142348000,16,26,0,0,26,26,597,1
29632936,1769142354000,28,16,0,0,16,16,597,0.9993
29632937,1769142360000,17,28,0,0,28,28,597,0.9991
29632938,1769142366000,30,17,0,0,17,17,597,0.9991
29632939,1769142372000,18,30,0,0,30,30,597,0.9993
29632940,1769142378000,30,18,0,0,18,18,597,0.9994
29632941,1769142384000,18,30,0,0,30,30,597,0.9992
29632942,1769142390000,29,18,0,0,18,18,597,0.9995
29632943,1769142396000,18,29,0,0,29,29,597,0.9993
29632944,1769142402000,31,18,0,0,18,18,597,0.9995
29632945,1769142408000,22,31,0,0,31,31,597,0.9986
29632946,1769142414000,29,22,0,0,22,22,597,0.9987
29632947,1769142420000,20,29,0,0,29,29,597,0.9997
29632948,1769142426000,28,20,0,0,20,20,597,0.9993
29632949,1769142432000,20,28,0,0,28,28,597,0.9992
29632950,1769142438000,32,20,0,0,20,20,597,0.9985
29632951,1769142444000,22,32,0,0,32,32,597,0.9973
29632952,1769142450000,31,22,0,0,22,22,597,0.9973
29632953,1769142456000,24,31,0,0,31,31,597,0.9976
29632954,1769142462000,27,24,0,0,24,24,597,0.9982
29632955,1769142468000,23,27,0,0,27,27,597,0.9984
29632956,1769142474000,30,23,0,0,23,23,597,0.9985
29632957,1769142480000,22,30,0,0,30,30,597,0.9996
29632958,1769142486000,30,22,0,0,22,22,597,0.9992
29632959,1769142492000,21,30,0,0,30,30,596,0.9997
29632960,1769142498000,28,21,0,0,21,21,597,0.9977
29632961,1769142504000,20,28,0,0,28,28,597,0.9992
29632962,1769142510000,28,20,0,0,20,20,597,0.9994
29632963,1769142516000,18,28,0,0,28,28,596,0.9997
29632964,1769142522000,28,18,0,0,18,18,597,0.9996
29632965,1769142528000,22,28,0,0,28,28,596,0.9987
29632966,1769142534000,24,22,0,0,22,22,597,0.9996
29632967,1769142540000,19,24,0,0,24,24,597,0.9981
29632968,1769142546000,29,19,0,0,19,19,592,0.9992
29632969,1769142552000,22,29,0,0,29,29,597,0.9989
29632970,1769142558000,28,22,0,0,22,22,597,0.9989
29632971,1769142564000,21,28,0,0,28,28,597,0.9992
29632972,1769142570000,29,21,0,0,21,21,597,0.9988
29632973,1769142576000,23,29,0,0,29,29,597,0.9986
29632974,1769142582000,29,23,0,0,23,23,597,0.9997
29632975,1769142588000,21,29,0,0,29,29,597,0.9992
29632976,1769142594000,28,21,0,0,21,21,597,0.9996
29632977,1769142600000,23,28,0,0,28,28,597,0.9991
29632978,1769142606000,29,23,0,0,23,23,597,0.9998
29632979,1769142612000,23,29,0,0,29,29,597,0.9994
29632980,1769142618000,30,23,0,0,23,23,597,0.9998
29632981,1769142624000,22,30,0,0,30,30,597,0.9995
29632982,1769142630000,29,22,0,0,22,22,597,0.9995
29632983,1769142636000,22,29,0,0,29,29,597,0.9994
29632984,1769142642000,26,22,0,0,22,22,597,0.9992
29632985,1769142648000,22,26,0,0,26,26,597,0.999
29632986,1769142654000,25,22,0,0,22,22,597,0.9995
29632987,1769142660000,23,25,0,0,25,25,597,0.9986
29632988,1769142666000,29,23,0,0,23,23,597,0.9997
29632989,1769142672000,22,29,0,0,29,29,597,0.9998
29632990,1769142678000,28,22,0,0,22,22,597,0.9996
29632991,1769142684000,22,28,0,0,28,28,597,0.9989
29632992,1769142690000,28,22,0,0,22,22,597,0.9989
29632993,1769142696000,24,28,0,0,28,28,597,0.998
29632994,1769142702000,25,24,0,0,24,24,597,0.9982
29632995,1769142708000,23,25,0,0,25,25,597,0.9991
29632996,1769142714000,29,23,0,0,23,23,597,0.9986
29632997,1769142720000,24,29,0,0,29,29,597,0.9992
29632998,1769142726000,29,24,0,0,24,24,597,0.9992
29632999,1769142732000,21,29,0,0,29,29,597,0.9995
29633000,1769142738000,31,21,0,0,21,21,597,1
29633001,1769142744000,24,31,0,0,31,31,597,1
29633002,1769142750000,29,24,0,0,24,24,597,0.999
29633003,1769142756000,22,29,0,0,29,29,597,0.9998
29633004,1769142762000,28,22,0,0,22,22,597,0.9985
29633005,1769142768000,22,28,0,0,28,28,597,0.9992
29633006,1769142774000,29,22,0,0,22,22,597,0.9995
29633007,1769142780000,23,29,0,0,29,29,597,0.9996
29633008,1769142786000,29,23,0,0,23,23,597,0.9991
29633009,1769142792000,23,29,0,0,29,29,597,0.9994
29633010,1769142798000,31,23,0,0,23,23,597,0.9998
29633011,1769142804000,23,31,0,0,31,31,597,0.9995
29633012,1769142810000,27,23,0,0,23,23,597,0.9995
29633013,1769142816000,21,27,0,0,27,27,597,0.9994
29633014,1769142822000,30,21,0,0,21,21,597,0.9986
29633015,1769142828000,20,30,0,0,30,30,597,0.9988
29633016,1769142834000,30,20,0,0,20,20,597,0.9992
29633017,1769142840000,20,30,0,0,30,30,597,0.9992
29633018,1769142846000,29,20,0,0,20,20,597,0.9993
29633019,1769142852000,17,29,0,0,29,29,597,0.9983
29633020,1769142858000,28,17,0,0,17,17,597,0.9997
29633021,1769142864000,22,28,0,0,28,28,597,0.9983
29633022,1769142870000,29,22,0,0,22,22,597,0.9993
29633023,1769142876000,24,29,0,0,29,29,597,0.9995
29633024,1769142882000,28,24,0,0,24,24,597,0.9988
29633025,1769142888000,21,28,0,0,28,28,597,0.9992
29633026,1769142894000,24,21,0,0,21,21,597,0.9987
29633027,1769142900000,22,24,0,0,24,24,597,0.9995
29633028,1769142906000,30,22,0,0,22,22,597,0.9985
29633029,1769142912000,23,30,0,0,30,30,597,0.9989
29633030,1769142918000,31,23,0,0,23,23,597,0.9993
29633031,1769142924000,23,31,0,0,31,31,597,0.9986
29633032,1769142930000,30,23,0,0,23,23,597,0.9975
29633033,1769142936000,24,30,0,0,30,30,597,0.9996
29633034,1769142942000,30,24,0,0,24,24,597,0.999
29633035,1769142948000,22,30,0,0,30,30,597,0.9992
29633036,1769142954000,29,22,0,0,22,22,597,0.9984
29633037,1769142960000,21,29,0,0,29,29,597,0.9982
29633038,1769142966000,31,21,0,0,21,21,597,0.9994
29633039,1769142972000,22,31,0,0,31,31,597,0.9994
29633040,1769142978000,29,22,0,0,22,22,597,0.999
29633041,1769142984000,20,29,0,0,29,29,597,0.9994
29633042,1769142990000,32,20,0,0,20,20,597,0.9992
29633043,1769142996000,21,32,0,0,32,32,597,0.9996
29633044,1769143002000,31,21,0,0,21,21,597,0.9985
29633045,1769143008000,18,31,0,0,31,31,597,0.999
29633046,1769143014000,31,18,0,0,18,18,597,0.9994
29633047,1769143020000,21,31,0,0,31,31,597,0.9986
29633048,1769143026000,32,21,0,0,21,21,597,0.9994
29633049,1769143032000,19,32,0,0,32,32,597,0.9996
29633050,1769143038000,31,19,0,0,19,19,597,0.9991
29633051,1769143044000,22,31,0,0,31,31,597,0.9996
29633052,1769143050000,32,22,0,0,22,22,597,0.9984
29633053,1769143056000,21,32,0,0,32,32,597,0.9995
29633054,1769143062000,30,21,0,0,21,21,597,0.9996
29633055,1769143068000,20,30,0,0,30,30,597,0.9988
29633056,1769143074000,30,20,0,0,20,20,597,0.9987
29633057,1769143080000,20,30,0,0,30,30,597,0.9989
29633058,1769143086000,31,20,0,0,20,20,597,0.9992
29633059,1769143092000,18,31,0,0,31,31,597,0.9994
29633060,1769143098000,27,18,0,0,18,18,596,0.9993
29633061,1769143104000,19,27,0,0,27,27,597,0.9988
29633062,1769143110000,32,19,0,0,19,19,597,0.998
29633063,1769143116000,21,32,0,0,32,32,597,0.9996
29633064,1769143122000,30,21,0,0,21,21,597,0.9982
29633065,1769143128000,21,30,0,0,30,30,597,0.9995
29633066,1769143134000,31,21,0,0,21,21,597,0.9991
29633067,1769143140000,24,31,0,0,31,31,597,0.9977
29633068,1769143146000,29,24,0,0,24,24,597,0.998
29633069,1769143152000,21,29,0,0,29,29,597,0.9993
29633070,1769143158000,33,21,0,0,21,21,597,0.9998
29633071,1769143164000,22,33,0,0,33,33,597,0.9993
29633072,1769143170000,32,22,0,0,22,22,597,0.999
29633073,1769143176000,22,32,0,0,32,32,597,0.9981
29633074,1769143182000,28,22,0,0,22,22,597,0.999
29633075,1769143188000,20,28,0,0,28,28,597,0.9993
29633076,1769143194000,29,20,0,0,20,20,597,0.9981
29633077,1769143200000,20,29,0,0,29,29,597,0.9983
29633078,1769143206000,29,20,0,0,20,20,597,0.9983
29633079,1769143212000,20,29,0,0,29,29,597,0.9995
29633080,1769143218000,27,20,0,0,20,20,597,0.9996
29633081,1769143224000,21,27,0,0,27,27,597,0.9991
29633082,1769143230000,29,21,0,0,21,21,597,0.9994
29633083,1769143236000,20,29,0,0,29,29,597,0.9995
29633084,1769143242000,26,20,0,0,20,20,597,1
29633085,1769143248000,23,26,0,0,26,26,597,0.9994
29633086,1769143254000,28,23,0,0,23,23,597,0.9998
29633087,1769143260000,24,28,0,0,28,28,597,0.9993
29633088,1769143266000,27,24,0,0,24,24,597,0.9991
29633089,1769143272000,22,27,0,0,27,27,597,0.998
29633090,1769143278000,28,22,0,0,22,22,597,0.9987
29633091,1769143284000,24,28,0,0,28,28,597,0.9992
29633092,1769143290000,29,24,0,0,24,24,597,0.9994
29633093,1769143296000,23,29,0,0,29,29,597,0.9991
29633094,1769143302000,28,23,0,0,23,23,597,0.9972
29633095,1769143308000,25,28,0,0,28,28,597,0.9989
29633096,1769143314000,29,25,0,0,25,25,597,0.993
29633097,1769143320000,23,29,0,0,29,29,597,0.999
29633098,1769143326000,29,23,0,0,23,23,597,0.9995
29633099,1769143332000,24,29,0,0,29,29,597,0.999
29633100,1769143338000,29,24,0,0,24,24,597,0.9971
29633101,1769143344000,24,29,0,0,29,29,597,0.9992
29633102,1769143350000,30,24,0,0,24,24,597,0.9992
29633103,1769143356000,23,30,0,0,30,30,596,0.9996
29633104,1769143362000,27,23,0,0,23,23,597,0.9998
29633105,1769143368000,22,27,0,0,27,27,597,0.9996
29633106,1769143374000,25,22,0,0,22,22,597,0.9996
29633107,1769143380000,23,25,0,0,25,25,596,0.9995
29633108,1769143386000,28,23,0,0,23,23,596,0.9993
29633109,1769143392000,23,28,0,0,28,28,597,0.9995
29633110,1769143398000,25,23,0,0,23,23,597,0.9997
29633111,1769143404000,20,25,0,0,25,25,597,0.9985
29633112,1769143410000,28,20,0,0,20,20,597,0.9994
29633113,1769143416000,22,28,0,0,28,28,597,0.9996
29633114,1769143422000,28,22,0,0,22,22,597,0.9986
29633115,1769143428000,23,28,0,0,28,28,597,0.9989
29633116,1769143434000,28,23,0,0,23,23,597,0.9996
29633117,1769143440000,20,28,0,0,28,28,597,0.9998
29633118,1769143446000,30,20,0,0,20,20,597,0.9997
29633119,1769143452000,24,30,0,0,30,30,597,0.9995
29633120,1769143458000,30,24,0,0,24,24,597,0.9995
29633121,1769143464000,22,30,0,0,30,30,597,0.9996
29633122,1769143470000,28,22,0,0,22,22,597,0.9961
29633123,1769143476000,24,28,0,0,28,28,597,0.9989
29633124,1769143482000,28,24,0,0,24,24,597,0.9987
29633125,1769143488000,20,28,0,0,28,28,597,0.9984
29633126,1769143494000,27,20,0,0,20,20,597,0.9995
29633127,1769143500000,22,27,0,0,27,27,597,0.9991
29633128,1769143506000,29,22,0,0,22,22,597,0.999
29633129,1769143512000,21,29,0,0,29,29,597,0.9995
29633130,1769143518000,30,21,0,0,21,21,597,0.9985
29633131,1769143524000,21,30,0,0,30,30,597,0.9997
29633132,1769143530000,31,21,0,0,21,21,597,0.9999
29633133,1769143536000,23,31,0,0,31,31,596,0.9997
29633134,1769143542000,30,23,0,0,23,23,596,0.9996
29633135,1769143548000,22,30,0,0,30,30,597,0.9995
29633136,1769143554000,28,22,0,0,22,22,597,0.9986
29633137,1769143560000,24,28,0,0,28,28,597,0.9988
29633138,1769143566000,28,24,0,0,24,24,597,0.9987
29633139,1769143572000,23,28,0,0,28,28,597,0.9992
29633140,1769143578000,28,23,0,0,23,23,597,0.9994
29633141,1769143584000,23,28,0,0,28,28,597,0.9987
29633142,1769143590000,30,23,0,0,23,23,597,0.9998
29633143,1769143596000,21,30,0,0,30,30,597,0.9997
29633144,1769143602000,27,21,0,0,21,21,597,0.9992
29633145,1769143608000,22,27,0,0,27,27,596,0.9996
29633146,1769143614000,29,22,0,0,22,22,597,0.9989
29633147,1769143620000,21,29,0,0,29,29,597,0.9988
29633148,1769143626000,29,21,0,0,21,21,596,0.999
29633149,1769143632000,25,29,0,0,29,29,597,0.9994
29633150,1769143638000,29,25,0,0,25,25,597,0.9995
29633151,1769143644000,22,29,0,0,29,29,597,0.9999
29633152,1769143650000,29,22,0,0,22,22,597,0.9994
29633153,1769143656000,23,29,0,0,29,29,597,0.9997
29633154,1769143662000,27,23,0,0,23,23,597,0.9981
29633155,1769143668000,20,27,0,0,27,27,597,0.9974
29633156,1769143674000,27,20,0,0,20,20,597,0.9992
29633157,1769143680000,21,27,0,0,27,27,597,0.9994
29633158,1769143686000,27,21,0,0,21,21,597,0.9994
29633159,1769143692000,22,27,0,0,27,27,597,0.9995
29633160,1769143698000,28,22,0,0,22,22,597,0.9992
29633161,1769143704000,23,28,0,0,28,28,596,0.9995
29633162,1769143710000,28,23,0,0,23,23,597,0.9992
29633163,1769143716000,21,28,0,0,28,28,597,0.9993
29633164,1769143722000,27,21,0,0,21,21,597,0.999
29633165,1769143728000,24,27,0,0,27,27,597,0.9984
29633166,1769143734000,27,24,0,0,24,24,597,0.9992
29633167,1769143740000,24,27,0,0,27,27,597,0.9996
29633168,1769143746000,27,24,0,0,24,24,597,0.9992
29633169,1769143752000,25,27,0,0,27,27,597,0.9989
29633170,1769143758000,29,25,0,0,25,25,597,0.9993
29633171,1769143764000,24,29,0,0,29,29,597,0.9988
29633172,1769143770000,29,24,0,0,24,24,597,0.9988
29633173,1769143776000,26,29,0,0,29,29,597,0.9998
29633174,1769143782000,28,26,0,0,26,26,597,0.9994
29633175,1769143788000,24,28,0,0,28,28,596,0.998
29633176,1769143794000,28,24,0,0,24,24,597,0.9988
29633177,1769143800000,24,28,0,0,28,28,597,0.9992
29633178,1769143806000,30,24,0,0,24,24,597,0.9992
29633179,1769143812000,23,30,0,0,30,30,597,0.9985
29633180,1769143818000,28,23,0,0,23,23,597,0.9995
29633181,1769143824000,23,28,0,0,28,28,597,0.999
29633182,1769143830000,28,23,0,0,23,23,597,0.9996
29633183,1769143836000,24,28,0,0,28,28,597,0.9992
29633184,1769143842000,29,24,0,0,24,24,596,0.999
29633185,1769143848000,25,29,0,0,29,29,597,0.999
29633186,1769143854000,26,25,0,0,25,25,597,0.9995
29633187,1769143860000,25,26,0,0,26,26,597,0.9989
29633188,1769143866000,27,25,0,0,25,25,597,0.9993
29633189,1769143872000,25,27,0,0,27,27,597,0.999
29633190,1769143878000,30,25,0,0,25,25,597,0.9995
29633191,1769143884000,25,30,0,0,30,30,597,0.9993
29633192,1769143890000,28,25,0,0,25,25,596,0.9988
29633193,1769143896000,25,28,0,0,28,28,597,0.9981
29633194,1769143902000,25,25,0,0,25,25,597,0.9996
29633195,1769143908000,21,25,0,0,25,25,597,0.9995
29633196,1769143914000,27,21,0,0,21,21,597,0.9991
29633197,1769143920000,25,27,0,0,27,27,597,0.9996
29633198,1769143926000,28,25,0,0,25,25,597,0.9997
29633199,1769143932000,23,28,0,0,28,28,597,0.9994
29633200,1769143938000,28,23,0,0,23,23,597,0.9999
29633201,1769143944000,26,28,0,0,28,28,597,0.9996
29633202,1769143950000,28,26,0,0,26,26,597,0.9988
29633203,1769143956000,23,28,0,0,28,28,597,0.9986
29633204,1769143962000,27,23,0,0,23,23,597,0.9993
29633205,1769143968000,23,27,0,0,27,27,597,0.9987
29633206,1769143974000,28,23,0,0,23,23,597,0.9991
29633207,1769143980000,24,28,0,0,28,28,597,0.9998
29633208,1769143986000,27,24,0,0,24,24,597,0.9994
29633209,1769143992000,22,27,0,0,27,27,597,0.9984
29633210,1769143998000,29,22,0,0,22,22,597,0.9985
29633211,1769144004000,25,29,0,0,29,29,597,0.9992
29633212,1769144010000,27,25,0,0,25,25,597,0.9993
29633213,1769144016000,24,27,0,0,27,27,597,0.9983
29633214,1769144022000,30,24,0,0,24,24,597,0.999
29633215,1769144028000,22,30,0,0,30,30,597,0.9993
29633216,1769144034000,29,22,0,0,22,22,597,0.9982
29633217,1769144040000,22,29,0,0,29,29,597,0.9986
29633218,1769144046000,30,22,0,0,22,22,597,0.9997
29633219,1769144052000,24,30,0,0,30,30,597,0.999
29633220,1769144058000,32,24,0,0,24,24,597,0.9993
29633221,1769144064000,24,32,0,0,32,32,597,0.9996
29633222,1769144070000,30,24,0,0,24,24,597,0.9986
29633223,1769144076000,23,30,0,0,30,30,597,0.998
29633224,1769144082000,27,23,0,0,23,23,597,0.9985
29633225,1769144088000,21,27,0,0,27,27,597,0.9994
29633226,1769144094000,27,21,0,0,21,21,597,0.9992
29633227,1769144100000,24,27,0,0,27,27,597,0.9989
29633228,1769144106000,25,24,0,0,24,24,597,0.9987
29633229,1769144112000,20,25,0,0,25,25,597,0.9989
29633230,1769144118000,28,20,0,0,20,20,597,0.9993
29633231,1769144124000,23,28,0,0,28,28,597,0.9995
29633232,1769144130000,32,23,0,0,23,23,596,0.9982
29633233,1769144136000,23,32,0,0,32,32,597,0.9993
29633234,1769144142000,26,23,0,0,23,23,597,0.9995
29633235,1769144148000,21,26,0,0,26,26,597,0.9995
29633236,1769144154000,24,21,0,0,21,21,597,0.9993
29633237,1769144160000,21,24,0,0,24,24,597,0.9992
29633238,1769144166000,27,21,0,0,21,21,597,0.9994
29633239,1769144172000,21,27,0,0,27,27,597,0.9998
29633240,1769144178000,25,21,0,0,21,21,597,0.9981
29633241,1769144184000,21,25,0,0,25,25,597,0.9994
29633242,1769144190000,26,21,0,0,21,21,597,0.9998
29633243,1769144196000,22,26,0,0,26,26,597,0.9999
29633244,1769144202000,27,22,0,0,22,22,597,0.999
29633245,1769144208000,25,27,0,0,27,27,597,0.9996
29633246,1769144214000,27,25,0,0,25,25,597,0.9991
29633247,1769144220000,23,27,0,0,27,27,597,0.9993
29633248,1769144226000,27,23,0,0,23,23,597,0.9997
29633249,1769144232000,22,27,0,0,27,27,597,0.9993
29633250,1769144238000,27,22,0,0,22,22,597,0.9995
29633251,1769144244000,24,27,0,0,27,27,597,0.9995
29633252,1769144250000,29,24,0,0,24,24,597,0.9987
29633253,1769144256000,25,29,0,0,29,29,597,0.9994
29633254,1769144262000,25,25,0,0,25,25,597,0.9997
29633255,1769144268000,24,25,0,0,25,25,597,0.9997
29633256,1769144274000,27,24,0,0,24,24,597,0.9994
29633257,1769144280000,25,27,0,0,27,27,597,0.9989
29633258,1769144286000,26,25,0,0,25,25,597,0.9989
29633259,1769144292000,24,26,0,0,26,26,597,0.9992
29633260,1769144298000,26,24,0,0,24,24,597,0.9993
29633261,1769144304000,26,26,0,0,26,26,597,0.9994
29633262,1769144310000,26,26,0,0,26,26,596,0.9988
29633263,1769144316000,24,26,0,0,26,26,597,0.9996
29633264,1769144322000,24,24,0,0,24,24,597,0.9993
29633265,1769144328000,24,24,0,0,24,24,597,0.9997
29633266,1769144334000,24,24,0,0,24,24,597,0.9997
29633267,1769144340000,24,24,0,0,24,24,597,0.9996
29633268,1769144346000,28,24,0,0,24,24,597,0.9991
29633269,1769144352000,1,28,0,0,28,28,597,0.9993
29633270,1769144358000,35,1,0,0,1,1,597,1
29633271,1769144364000,18,35,0,0,35,35,597,0.9997
29633272,1769144370000,35,18,0,0,18,18,597,0.9999
29633273,1769144376000,20,35,0,0,35,35,597,0.9993
29633274,1769144382000,33,20,0,0,20,20,597,0.9975
29633275,1769144388000,19,33,0,0,33,33,597,0.999
29633276,1769144394000,34,19,0,0,19,19,597,0.9993
29633277,1769144400000,19,34,0,0,34,34,597,0.9994
29633278,1769144406000,33,19,0,0,19,19,597,0.9998
29633279,1769144412000,18,33,0,0,33,33,597,0.9992
29633280,1769144418000,33,18,0,0,18,18,597,0.9994
29633281,1769144424000,18,33,0,0,33,33,597,0.9983
29633282,1769144430000,35,18,0,0,18,18,597,0.9997
29633283,1769144436000,18,35,0,0,35,35,597,0.9991
29633284,1769144442000,32,18,0,0,18,18,597,0.9993
29633285,1769144448000,17,32,0,0,32,32,597,0.9988
29633286,1769144454000,34,17,0,0,17,17,597,0.9993
29633287,1769144460000,20,34,0,0,34,34,597,0.9995
29633288,1769144466000,28,20,0,0,20,20,597,0.9994
29633289,1769144472000,22,28,0,0,28,28,597,0.9989
29633290,1769144478000,27,22,0,0,22,22,597,0.9992
29633291,1769144484000,25,27,0,0,27,27,597,0.9996
29633292,1769144490000,28,25,0,0,25,25,597,0.9987
29633293,1769144496000,22,28,0,0,28,28,597,0.9995
29633294,1769144502000,26,22,0,0,22,22,597,0.999
29633295,1769144508000,20,26,0,0,26,26,597,0.9993
29633296,1769144514000,26,20,0,0,20,20,597,0.9978
29633297,1769144520000,23,26,0,0,26,26,597,0.9995
29633298,1769144526000,27,23,0,0,23,23,597,0.9993
29633299,1769144532000,24,27,0,0,27,27,597,0.9991
29633300,1769144538000,27,24,0,0,24,24,597,0.9992
29633301,1769144544000,23,27,0,0,27,27,597,0.9973
29633302,1769144550000,32,23,0,0,23,23,596,0.997
29633303,1769144556000,21,32,0,0,32,32,597,0.9987
29633304,1769144562000,29,21,0,0,21,21,597,0.9998
29633305,1769144568000,19,29,0,0,29,29,597,0.9984
29633306,1769144574000,32,19,0,0,19,19,597,0.9992
29633307,1769144580000,20,32,0,0,32,32,597,0.9987
29633308,1769144586000,31,20,0,0,20,20,597,0.9982
29633309,1769144592000,20,31,0,0,31,31,597,0.9994
29633310,1769144598000,30,20,0,0,20,20,597,0.9994
29633311,1769144604000,20,30,0,0,30,30,597,0.9996
29633312,1769144610000,29,20,0,0,20,20,597,0.9993
29633313,1769144616000,20,29,0,0,29,29,597,0.999
29633314,1769144622000,33,20,0,0,20,20,597,0.9992
29633315,1769144628000,21,33,0,0,33,33,597,0.9991
29633316,1769144634000,33,21,0,0,21,21,597,0.9994
29633317,1769144640000,20,33,0,0,33,33,597,0.9991
29633318,1769144646000,32,20,0,0,20,20,597,0.9997
29633319,1769144652000,20,32,0,0,32,32,597,0.9995
29633320,1769144658000,32,20,0,0,20,20,597,0.9996
29633321,1769144664000,19,32,0,0,32,32,597,0.9983
29633322,1769144670000,33,19,0,0,19,19,597,0.9997
29633323,1769144676000,20,33,0,0,33,33,597,0.9995
29633324,1769144682000,28,20,0,0,20,20,597,0.9991
29633325,1769144688000,21,28,0,0,28,28,594,0.9978
29633326,1769144694000,29,21,0,0,21,21,597,0.999
29633327,1769144700000,21,29,0,0,29,29,596,0.9994
29633328,1769144706000,30,21,0,0,21,21,597,0.9995
29633329,1769144712000,22,30,0,0,30,30,596,0.9995
29633330,1769144718000,31,22,0,0,22,22,597,0.9995
29633331,1769144724000,23,31,0,0,31,31,597,0.9994
29633332,1769144730000,28,23,0,0,23,23,597,0.9991
29633333,1769144736000,20,28,0,0,28,28,597,0.9995
29633334,1769144742000,30,20,0,0,20,20,597,0.9992
29633335,1769144748000,23,30,0,0,30,30,596,0.9998
29633336,1769144754000,30,23,0,0,23,23,597,0.9993
29633337,1769144760000,23,30,0,0,30,30,597,0.9995
29633338,1769144766000,29,23,0,0,23,23,597,0.9993
29633339,1769144772000,24,29,0,0,29,29,597,0.9992
29633340,1769144778000,29,24,0,0,24,24,597,0.9997
29633341,1769144784000,23,29,0,0,29,29,597,0.9993
29633342,1769144790000,30,23,0,0,23,23,597,0.9995
29633343,1769144796000,23,30,0,0,30,30,597,0.9978
29633344,1769144802000,27,23,0,0,23,23,595,0.997
29633345,1769144808000,25,27,0,0,27,27,597,0.9937
29633346,1769144814000,27,25,0,0,25,25,597,0.9972
29633347,1769144820000,20,27,0,0,27,27,597,0.9984
29633348,1769144826000,28,20,0,0,20,20,597,0.9981
29633349,1769144832000,24,28,0,0,28,28,597,0.9992
29633350,1769144838000,30,24,0,0,24,24,597,0.9994
29633351,1769144844000,21,30,0,0,30,30,597,0.9994
29633352,1769144850000,27,21,0,0,21,21,597,0.9997
29633353,1769144856000,22,27,0,0,27,27,597,0.9993
29633354,1769144862000,28,22,0,0,22,22,597,0.9989
29633355,1769144868000,20,28,0,0,28,28,597,0.9995
29633356,1769144874000,30,20,0,0,20,20,597,0.999
29633357,1769144880000,21,30,0,0,30,30,597,0.9991
29633358,1769144886000,32,21,0,0,21,21,597,0.9993
29633359,1769144892000,21,32,0,0,32,32,597,0.9994
29633360,1769144898000,31,21,0,0,21,21,597,0.9998
29633361,1769144904000,18,31,0,0,31,31,595,0.9991
29633362,1769144910000,28,18,0,0,18,18,597,0.9997
29633363,1769144916000,19,28,0,0,28,28,597,0.9996
29633364,1769144922000,26,19,0,0,19,19,597,0.9996
29633365,1769144928000,21,26,0,0,26,26,597,0.9991
29633366,1769144934000,32,21,0,0,21,21,597,0.9993
29633367,1769144940000,21,32,0,0,32,32,597,0.9991
29633368,1769144946000,32,21,0,0,21,21,597,0.9998
29633369,1769144952000,23,32,0,0,32,32,597,0.9996
29633370,1769144958000,32,23,0,0,23,23,597,0.9993
29633371,1769144964000,22,32,0,0,32,32,597,0.9996
29633372,1769144970000,29,22,0,0,22,22,597,0.9996
29633373,1769144976000,24,29,0,0,29,29,597,0.9995
29633374,1769144982000,30,24,0,0,24,24,597,0.9998
29633375,1769144988000,23,30,0,0,30,30,597,0.9994
29633376,1769144994000,29,23,0,0,23,23,597,0.9976
29633377,1769145000000,22,29,0,0,29,29,597,0.9988
29633378,1769145006000,30,22,0,0,22,22,594,0.9989
29633379,1769145012000,23,30,0,0,30,30,597,0.9997
29633380,1769145018000,29,23,0,0,23,23,597,0.9984
29633381,1769145024000,23,29,0,0,29,29,597,0.9994
29633382,1769145030000,30,23,0,0,23,23,597,0.9988
29633383,1769145036000,22,30,0,0,30,30,597,0.9992
29633384,1769145042000,26,22,0,0,22,22,597,0.9993
29633385,1769145048000,21,26,0,0,26,26,597,0.9994
29633386,1769145054000,30,21,0,0,21,21,597,0.9993
29633387,1769145060000,22,30,0,0,30,30,597,0.9995
29633388,1769145066000,29,22,0,0,22,22,597,0.9996
29633389,1769145072000,21,29,0,0,29,29,597,0.999
29633390,1769145078000,30,21,0,0,21,21,597,0.9998
29633391,1769145084000,23,30,0,0,30,30,597,0.9999
29633392,1769145090000,29,23,0,0,23,23,597,0.9996
29633393,1769145096000,20,29,0,0,29,29,597,0.9988
29633394,1769145102000,28,20,0,0,20,20,597,0.9993
29633395,1769145108000,20,28,0,0,28,28,597,0.9986
29633396,1769145114000,30,20,0,0,20,20,597,0.9995
29633397,1769145120000,23,30,0,0,30,30,597,0.9994
29633398,1769145126000,29,23,0,0,23,23,597,0.9974
29633399,1769145132000,21,29,0,0,29,29,597,0.999
29633400,1769145138000,29,21,0,0,21,21,597,0.999
29633401,1769145144000,22,29,0,0,29,29,597,0.9998
29633402,1769145150000,27,22,0,0,22,22,597,0.9987
29633403,1769145156000,24,27,0,0,27,27,597,0.9998
29633404,1769145162000,27,24,0,0,24,24,597,0.9995
29633405,1769145168000,29,27,0,0,27,27,597,0.9993
29633406,1769145174000,24,29,0,0,29,29,597,0.9995
29633407,1769145180000,28,24,0,0,24,24,597,0.9989
29633408,1769145186000,25,28,0,0,28,28,597,0.9993
29633409,1769145192000,29,25,0,0,25,25,597,0.9993
29633410,1769145198000,24,29,0,0,29,29,597,0.9992
29633411,1769145204000,27,24,0,0,24,24,597,0.9997
29633412,1769145210000,24,27,0,0,27,27,597,0.9988
29633413,1769145216000,28,24,0,0,24,24,597,0.9992
29633414,1769145222000,23,28,0,0,28,28,597,0.9995
29633415,1769145228000,28,23,0,0,23,23,596,0.9997
29633416,1769145234000,24,28,0,0,28,28,597,0.9987
29633417,1769145240000,26,24,0,0,24,24,597,0.9992
29633418,1769145246000,26,26,0,0,26,26,597,0.9994
29633419,1769145252000,26,26,0,0,26,26,597,0.999
29633420,1769145258000,25,26,0,0,26,26,597,0.9988
29633421,1769145264000,24,25,0,0,25,25,597,0.9989
29633422,1769145270000,21,24,0,0,24,24,597,0.9997
29633423,1769145276000,24,21,0,0,21,21,597,0.9993
29633424,1769145282000,24,24,0,0,24,24,597,0.9994
29633425,1769145288000,27,24,0,0,24,24,597,0.9995
29633426,1769145294000,25,27,0,0,27,27,597,0.998
29633427,1769145300000,26,25,0,0,25,25,597,0.9987
29633428,1769145306000,26,26,0,0,26,26,597,0.9992
29633429,1769145312000,27,26,0,0,26,26,597,0.9995
29633430,1769145318000,25,27,0,0,27,27,596,0.9999
29633431,1769145324000,24,25,0,0,25,25,597,0.9995
29633432,1769145330000,26,24,0,0,24,24,597,0.9983
29633433,1769145336000,28,26,0,0,26,26,597,0.9994
29633434,1769145342000,27,28,0,0,28,28,597,0.9992
29633435,1769145348000,28,27,0,0,27,27,597,0.9994
29633436,1769145354000,27,28,0,0,28,28,597,0.9995
29633437,1769145360000,26,27,0,0,27,27,597,0.9993
29633438,1769145366000,25,26,0,0,26,26,597,0.9994
29633439,1769145372000,27,25,0,0,25,25,597,0.9996
29633440,1769145378000,25,27,0,0,27,27,597,0.9998
29633441,1769145384000,28,25,0,0,25,25,597,0.9991
29633442,1769145390000,26,28,0,0,28,28,596,0.9998
29633443,1769145396000,26,26,0,0,26,26,597,0.9995
29633444,1769145402000,24,26,0,0,26,26,597,0.9983
29633445,1769145408000,26,24,0,0,24,24,597,0.9997
29633446,1769145414000,23,26,0,0,26,26,597,0.9995
29633447,1769145420000,24,23,0,0,23,23,597,0.9993
29633448,1769145426000,23,24,0,0,24,24,597,0.9995
29633449,1769145432000,26,23,0,0,23,23,597,0.9999
29633450,1769145438000,22,26,0,0,26,26,597,0.9989
29633451,1769145444000,24,22,0,0,22,22,597,0.9989
29633452,1769145450000,24,24,0,0,24,24,597,0.9996
29633453,1769145456000,26,24,0,0,24,24,597,0.9984
29633454,1769145462000,24,26,0,0,26,26,597,0.999
29633455,1769145468000,27,24,0,0,24,24,597,0.9997
29633456,1769145474000,24,27,0,0,27,27,597,0.999
29633457,1769145480000,28,24,0,0,24,24,597,0.9997
29633458,1769145486000,24,28,0,0,28,28,597,0.9993
29633459,1769145492000,28,24,0,0,24,24,597,0.9997
29633460,1769145498000,23,28,0,0,28,28,597,0.999
29633461,1769145504000,25,23,0,0,23,23,597,0.9988
29633462,1769145510000,24,25,0,0,25,25,597,0.9996
29633463,1769145516000,25,24,0,0,24,24,597,0.9992
29633464,1769145522000,26,25,0,0,25,25,597,0.9998
29633465,1769145528000,30,26,0,0,26,26,597,0.9995
29633466,1769145534000,26,30,0,0,30,30,597,0.9994
29633467,1769145540000,29,26,0,0,26,26,597,0.9995
29633468,1769145546000,26,29,0,0,29,29,597,0.9995
29633469,1769145552000,28,26,0,0,26,26,597,0.9995
29633470,1769145558000,24,28,0,0,28,28,597,0.9996
29633471,1769145564000,27,24,0,0,24,24,597,0.9997
29633472,1769145570000,26,27,0,0,27,27,590,0.9996
29633473,1769145576000,29,26,0,0,26,26,597,0.9997
29633474,1769145582000,24,29,0,0,29,29,597,0.9998
29633475,1769145588000,30,24,0,0,24,24,597,0.9997
29633476,1769145594000,25,30,0,0,30,30,597,0.9998
29633477,1769145600000,30,25,0,0,25,25,597,0.9996
29633478,1769145606000,26,30,0,0,30,30,597,0.9983
29633479,1769145612000,28,26,0,0,26,26,597,0.9997
29633480,1769145618000,25,28,0,0,28,28,597,0.9998
29633481,1769145624000,27,25,0,0,25,25,597,0.9999
29633482,1769145630000,25,27,0,0,27,27,597,0.9997
29633483,1769145636000,29,25,0,0,25,25,597,0.9993
29633484,1769145642000,25,29,0,0,29,29,597,0.9995
29633485,1769145648000,25,25,0,0,25,25,597,0.9997
29633486,1769145654000,22,25,0,0,25,25,597,0.9992
29633487,1769145660000,27,22,0,0,22,22,597,0.9998
29633488,1769145666000,22,27,0,0,27,27,597,0.9996
29633489,1769145672000,29,22,0,0,22,22,597,0.9989
29633490,1769145678000,24,29,0,0,29,29,597,0.9994
29633491,1769145684000,25,24,0,0,24,24,597,0.9984
29633492,1769145690000,21,25,0,0,25,25,597,0.9981
29633493,1769145696000,30,21,0,0,21,21,597,0.9998
29633494,1769145702000,23,30,0,0,30,30,597,0.9994
29633495,1769145708000,28,23,0,0,23,23,597,0.9992
29633496,1769145714000,23,28,0,0,28,28,597,0.9992
29633497,1769145720000,28,23,0,0,23,23,597,0.9994
29633498,1769145726000,23,28,0,0,28,28,597,0.9989
29633499,1769145732000,27,23,0,0,23,23,597,0.9991
29633500,1769145738000,23,27,0,0,27,27,595,0.9996
29633501,1769145744000,24,23,0,0,23,23,597,0.9988
29633502,1769145750000,24,24,0,0,24,24,597,0.9994
29633503,1769145756000,27,24,0,0,24,24,597,0.9988
29633504,1769145762000,24,27,0,0,27,27,597,0.9989
29633505,1769145768000,29,24,0,0,24,24,597,0.9992
29633506,1769145774000,23,29,0,0,29,29,597,0.9998
29633507,1769145780000,28,23,0,0,23,23,597,0.9982
29633508,1769145786000,24,28,0,0,28,28,597,0.9991
29633509,1769145792000,27,24,0,0,24,24,597,0.9987
29633510,1769145798000,23,27,0,0,27,27,596,0.9994
29633511,1769145804000,26,23,0,0,23,23,595,0.9999
29633512,1769145810000,24,26,0,0,26,26,597,0.9992
29633513,1769145816000,27,24,0,0,24,24,597,0.9978
29633514,1769145822000,23,27,0,0,27,27,597,0.9998
29633515,1769145828000,29,23,0,0,23,23,597,0.9991
29633516,1769145834000,28,29,0,0,29,29,597,0.9987
29633517,1769145840000,25,28,0,0,28,28,597,0.9993
29633518,1769145846000,26,25,0,0,25,25,597,0.999
29633519,1769145852000,24,26,0,0,26,26,596,0.9996
29633520,1769145858000,24,24,0,0,24,24,597,0.9989
29633521,1769145864000,25,24,0,0,24,24,592,0.9996
29633522,1769145870000,28,25,0,0,25,25,597,0.9995
29633523,1769145876000,26,28,0,0,28,28,596,0.9989
29633524,1769145882000,29,26,0,0,26,26,597,0.9978
29633525,1769145888000,21,29,0,0,29,29,597,0.999
29633526,1769145894000,25,21,0,0,21,21,597,0.999
29633527,1769145900000,22,25,0,0,25,25,596,0.9992
29633528,1769145906000,27,22,0,0,22,22,596,0.9997
29633529,1769145912000,22,27,0,0,27,27,596,0.9998
29633530,1769145918000,23,22,0,0,22,22,596,0.9994
29633531,1769145924000,22,23,0,0,23,23,596,0.9991
29633532,1769145930000,23,22,0,0,22,22,596,0.9994
29633533,1769145936000,25,23,0,0,23,23,596,0.9998
29633534,1769145942000,27,25,0,0,25,25,596,0.9994
29633535,1769145948000,24,27,0,0,27,27,596,0.9991
29633536,1769145954000,30,24,0,0,24,24,595,0.9982
29633537,1769145960000,23,30,0,0,30,30,596,0.9993
29633538,1769145966000,29,23,0,0,23,23,596,0.9993
29633539,1769145972000,24,29,0,0,29,29,596,0.9993
29633540,1769145978000,29,24,0,0,24,24,596,0.9997
29633541,1769145984000,22,29,0,0,29,29,596,0.9987
29633542,1769145990000,29,22,0,0,22,22,596,0.9995
29633543,1769145996000,23,29,0,0,29,29,596,0.9988
29633544,1769146002000,30,23,0,0,23,23,596,0.9995
29633545,1769146008000,22,30,0,0,30,30,596,0.999
29633546,1769146014000,31,22,0,0,22,22,596,0.9993
29633547,1769146020000,24,31,0,0,31,31,595,0.9995
29633548,1769146026000,31,24,0,0,24,24,594,0.9999
29633549,1769146032000,22,31,0,0,31,31,596,0.9998
29633550,1769146038000,29,22,0,0,22,22,596,0.9995
29633551,1769146044000,20,29,0,0,29,29,596,0.9997
29633552,1769146050000,31,20,0,0,20,20,596,0.9997
29633553,1769146056000,21,31,0,0,31,31,596,0.9995
29633554,1769146062000,33,21,0,0,21,21,596,0.9996
29633555,1769146068000,17,33,0,0,33,33,596,0.999
29633556,1769146074000,27,17,0,0,17,17,596,0.9989
29633557,1769146080000,20,27,0,0,27,27,595,0.9996
29633558,1769146086000,30,20,0,0,20,20,596,0.9992
29633559,1769146092000,19,30,0,0,30,30,596,0.9997
29633560,1769146098000,30,19,0,0,19,19,596,0.9999
29633561,1769146104000,20,30,0,0,30,30,596,0.9984
29633562,1769146110000,29,20,0,0,20,20,595,0.9989
29633563,1769146116000,22,29,0,0,29,29,596,0.9997
29633564,1769146122000,31,22,0,0,22,22,596,0.9995
29633565,1769146128000,20,31,0,0,31,31,595,0.9995
29633566,1769146134000,31,20,0,0,20,20,596,0.9997
29633567,1769146140000,20,31,0,0,31,31,596,0.9995
29633568,1769146146000,29,20,0,0,20,20,595,0.9998
29633569,1769146152000,19,29,0,0,29,29,596,0.9997
29633570,1769146158000,31,19,0,0,19,19,596,0.9991
29633571,1769146164000,20,31,0,0,31,31,596,0.9998
29633572,1769146170000,32,20,0,0,20,20,594,0.9998
29633573,1769146176000,20,32,0,0,32,32,596,0.9986
29633574,1769146182000,29,20,0,0,20,20,596,0.9997
29633575,1769146188000,20,29,0,0,29,29,597,0.9998
29633576,1769146194000,31,20,0,0,20,20,597,0.9985
29633577,1769146200000,21,31,0,0,31,31,597,0.999
29633578,1769146206000,30,21,0,0,21,21,597,0.999
29633579,1769146212000,19,30,0,0,30,30,597,0.9985
29633580,1769146218000,29,19,0,0,19,19,597,0.9991
29633581,1769146224000,21,29,0,0,29,29,597,0.9984
29633582,1769146230000,29,21,0,0,21,21,597,0.9991
29633583,1769146236000,20,29,0,0,29,29,597,0.9987
29633584,1769146242000,29,20,0,0,20,20,597,0.9989
29633585,1769146248000,20,29,0,0,29,29,597,0.9991
29633586,1769146254000,30,20,0,0,20,20,597,0.9983
29633587,1769146260000,21,30,0,0,30,30,597,0.9992
29633588,1769146266000,31,21,0,0,21,21,597,0.9992
29633589,1769146272000,23,31,0,0,31,31,597,0.9983
29633590,1769146278000,30,23,0,0,23,23,597,0.9991
29633591,1769146284000,22,30,0,0,30,30,597,0.9989
29633592,1769146290000,31,22,0,0,22,22,597,0.9992
29633593,1769146296000,23,31,0,0,31,31,597,0.9992
29633594,1769146302000,32,23,0,0,23,23,597,0.998
29633595,1769146308000,23,32,0,0,32,32,597,0.9994
29633596,1769146314000,29,23,0,0,23,23,597,0.9985
29633597,1769146320000,23,29,0,0,29,29,597,0.9992
29633598,1769146326000,29,23,0,0,23,23,597,0.9999
29633599,1769146332000,23,29,0,0,29,29,597,0.9988
29633600,1769146338000,0,23,0,0,23,23,597,0.998
29633601,1769146344000,31,0,0,0,0,0,597,0
29633602,1769146350000,24,31,0,0,31,31,597,0.9989
29633603,1769146356000,31,24,0,0,24,24,597,0.9988
29633604,1769146362000,26,31,0,0,31,31,597,0.9991
29633605,1769146368000,28,26,0,0,26,26,597,0.9986
29633606,1769146374000,25,28,0,0,28,28,597,0.9986
29633607,1769146380000,28,25,0,0,25,25,597,0.9992
29633608,1769146386000,26,28,0,0,28,28,597,0.9993
29633609,1769146392000,28,26,0,0,26,26,597,0.9991
29633610,1769146398000,24,28,0,0,28,28,597,0.998
29633611,1769146404000,25,24,0,0,24,24,597,0.9994
29633612,1769146410000,26,25,0,0,25,25,597,0.999
29633613,1769146416000,27,26,0,0,26,26,597,0.9988
29633614,1769146422000,24,27,0,0,27,27,597,0.9994
29633615,1769146428000,28,24,0,0,24,24,597,0.9997
29633616,1769146434000,24,28,0,0,28,28,597,0.9992
29633617,1769146440000,29,24,0,0,24,24,597,0.9988
29633618,1769146446000,26,29,0,0,29,29,597,0.9991
29633619,1769146452000,28,26,0,0,26,26,597,0.9993
29633620,1769146458000,26,28,0,0,28,28,597,0.9988
29633621,1769146464000,28,26,0,0,26,26,597,0.9992
29633622,1769146470000,24,28,0,0,28,28,597,0.9999
29633623,1769146476000,29,24,0,0,24,24,597,0.9996
29633624,1769146482000,26,29,0,0,29,29,597,0.999
29633625,1769146488000,27,26,0,0,26,26,597,0.9992
29633626,1769146494000,26,27,0,0,27,27,597,0.9995
29633627,1769146500000,25,26,0,0,26,26,597,0.9994
29633628,1769146506000,25,25,0,0,25,25,597,0.9993
29633629,1769146512000,26,25,0,0,25,25,597,0.9995
29633630,1769146518000,26,26,0,0,26,26,597,0.9989
29633631,1769146524000,26,26,0,0,26,26,597,0.9994
29633632,1769146530000,23,26,0,0,26,26,597,0.9993
29633633,1769146536000,30,23,0,0,23,23,596,0.9983
29633634,1769146542000,24,30,0,0,30,30,597,0.9996
29633635,1769146548000,30,24,0,0,24,24,597,0.999
29633636,1769146554000,25,30,0,0,30,30,596,0.993
29633637,1769146560000,29,25,0,0,25,25,597,0.9995
29633638,1769146566000,22,29,0,0,29,29,597,0.9998
29633639,1769146572000,26,22,0,0,22,22,597,0.9992
29633640,1769146578000,23,26,0,0,26,26,597,0.999
29633641,1769146584000,27,23,0,0,23,23,597,0.999
29633642,1769146590000,23,27,0,0,27,27,597,0.9992
29633643,1769146596000,29,23,0,0,23,23,597,0.9985
29633644,1769146602000,23,29,0,0,29,29,597,0.9983
29633645,1769146608000,29,23,0,0,23,23,597,0.9993
29633646,1769146614000,24,29,0,0,29,29,597,0.9987
29633647,1769146620000,27,24,0,0,24,24,597,0.9996
29633648,1769146626000,22,27,0,0,27,27,597,0.9991
29633649,1769146632000,27,22,0,0,22,22,597,0.9989
29633650,1769146638000,25,27,0,0,27,27,597,0.9993
29633651,1769146644000,28,25,0,0,25,25,597,0.9981
29633652,1769146650000,23,28,0,0,28,28,597,0.9984
29633653,1769146656000,26,23,0,0,23,23,597,0.9989
29633654,1769146662000,24,26,0,0,26,26,597,0.9987
29633655,1769146668000,28,24,0,0,24,24,597,0.9986
29633656,1769146674000,24,28,0,0,28,28,597,0.9999
29633657,1769146680000,28,24,0,0,24,24,597,0.9992
29633658,1769146686000,24,28,0,0,28,28,597,0.9983
29633659,1769146692000,28,24,0,0,24,24,596,0.9987
29633660,1769146698000,24,28,0,0,28,28,597,0.999
29633661,1769146704000,28,24,0,0,24,24,597,0.9989
29633662,1769146710000,23,28,0,0,28,28,597,0.9978
29633663,1769146716000,30,23,0,0,23,23,597,0.9985
29633664,1769146722000,21,30,0,0,30,30,597,0.9991
29633665,1769146728000,27,21,0,0,21,21,597,0.9993
29633666,1769146734000,23,27,0,0,27,27,597,0.9996
29633667,1769146740000,27,23,0,0,23,23,597,0.9993
29633668,1769146746000,23,27,0,0,27,27,597,0.9994
29633669,1769146752000,27,23,0,0,23,23,597,0.9994
29633670,1769146758000,20,27,0,0,27,27,597,0.9998
29633671,1769146764000,25,20,0,0,20,20,597,0.9994
29633672,1769146770000,24,25,0,0,25,25,597,0.9995
29633673,1769146776000,24,24,0,0,24,24,597,0.9996
29633674,1769146782000,24,24,0,0,24,24,597,0.999
29633675,1769146788000,27,24,0,0,24,24,597,0.9995
29633676,1769146794000,25,27,0,0,27,27,597,0.9996
29633677,1769146800000,26,25,0,0,25,25,597,0.9994
29633678,1769146806000,28,26,0,0,26,26,597,0.9993
29633679,1769146812000,25,28,0,0,28,28,597,0.9983
29633680,1769146818000,24,25,0,0,25,25,597,0.9974
29633681,1769146824000,26,24,0,0,24,24,597,0.9983
29633682,1769146830000,24,26,0,0,26,26,597,0.9994
29633683,1769146836000,28,24,0,0,24,24,597,0.999
29633684,1769146842000,27,28,0,0,28,28,597,0.999
29633685,1769146848000,28,27,0,0,27,27,597,0.9981
29633686,1769146854000,26,28,0,0,28,28,597,0.9995
29633687,1769146860000,27,26,0,0,26,26,597,0.9981
29633688,1769146866000,25,27,0,0,27,27,596,0.9993
29633689,1769146872000,28,25,0,0,25,25,597,0.9989
29633690,1769146878000,25,28,0,0,28,28,597,0.9993
29633691,1769146884000,28,25,0,0,25,25,597,0.9988
29633692,1769146890000,27,28,0,0,28,28,597,0.9995
29633693,1769146896000,27,27,0,0,27,27,597,0.9994
29633694,1769146902000,23,27,0,0,27,27,597,0.9994
29633695,1769146908000,27,23,0,0,23,23,597,0.9985
29633696,1769146914000,26,27,0,0,27,27,597,0.9994
29633697,1769146920000,28,26,0,0,26,26,596,0.9984
29633698,1769146926000,24,28,0,0,28,28,597,0.9996
29633699,1769146932000,25,24,0,0,24,24,597,0.9994
29633700,1769146938000,24,25,0,0,25,25,597,0.9991
29633701,1769146944000,25,24,0,0,24,24,597,0.997
29633702,1769146950000,25,25,0,0,25,25,597,0.9994
29633703,1769146956000,27,25,0,0,25,25,597,0.9996
29633704,1769146962000,26,27,0,0,27,27,597,0.9993
29633705,1769146968000,24,26,0,0,26,26,597,0.9996
29633706,1769146974000,26,24,0,0,24,24,597,0.9994
29633707,1769146980000,26,26,0,0,26,26,597,0.9992
29633708,1769146986000,26,26,0,0,26,26,597,0.9992
29633709,1769146992000,25,26,0,0,26,26,597,0.9993
29633710,1769146998000,26,25,0,0,25,25,597,0.9891
29633711,1769147004000,27,26,0,0,26,26,597,0.9994
29633712,1769147010000,28,27,0,0,27,27,597,0.9996
29633713,1769147016000,23,28,0,0,28,28,597,0.9991
29633714,1769147022000,27,23,0,0,23,23,597,0.9993
29633715,1769147028000,25,27,0,0,27,27,597,0.9995
29633716,1769147034000,26,25,0,0,25,25,597,0.9994
29633717,1769147040000,26,26,0,0,26,26,596,0.999
29633718,1769147046000,26,26,0,0,26,26,597,0.9977
29633719,1769147052000,26,26,0,0,26,26,597,0.9994
29633720,1769147058000,27,26,0,0,26,26,597,0.9994
29633721,1769147064000,26,27,0,0,27,27,597,0.9993
29633722,1769147070000,23,26,0,0,26,26,597,0.9992
29633723,1769147076000,26,23,0,0,23,23,597,0.9993
29633724,1769147082000,25,26,0,0,26,26,597,0.9992
29633725,1769147088000,22,25,0,0,25,25,597,0.9997
29633726,1769147094000,25,22,0,0,22,22,597,0.9997
29633727,1769147100000,23,25,0,0,25,25,597,0.9998
29633728,1769147106000,26,23,0,0,23,23,597,0.9993
29633729,1769147112000,24,26,0,0,26,26,597,0.9994
29633730,1769147118000,24,24,0,0,24,24,597,0.999
29633731,1769147124000,22,24,0,0,24,24,597,0.9987
29633732,1769147130000,26,22,0,0,22,22,597,0.9993
29633733,1769147136000,24,26,0,0,26,26,597,0.9996
29633734,1769147142000,26,24,0,0,24,24,597,0.9997
29633735,1769147148000,28,26,0,0,26,26,597,0.9995
29633736,1769147154000,21,28,0,0,28,28,597,0.9989
29633737,1769147160000,27,21,0,0,21,21,597,0.9978
29633738,1769147166000,20,27,0,0,27,27,596,0.999
29633739,1769147172000,28,20,0,0,20,20,597,0.9992
29633740,1769147178000,21,28,0,0,28,28,597,0.9988
29633741,1769147184000,28,21,0,0,21,21,597,0.9978
29633742,1769147190000,22,28,0,0,28,28,597,0.9993
29633743,1769147196000,29,22,0,0,22,22,597,0.9989
29633744,1769147202000,22,29,0,0,29,29,597,0.9992
29633745,1769147208000,28,22,0,0,22,22,593,0.9988
29633746,1769147214000,23,28,0,0,28,28,597,0.9981
29633747,1769147220000,28,23,0,0,23,23,597,0.9992
29633748,1769147226000,24,28,0,0,28,28,597,0.999
29633749,1769147232000,25,24,0,0,24,24,597,0.9856
29633750,1769147238000,22,25,0,0,25,25,597,0.9996
29633751,1769147244000,27,22,0,0,22,22,597,0.9923
29633752,1769147250000,23,27,0,0,27,27,597,0.9991
29633753,1769147256000,27,23,0,0,23,23,597,0.9947
29633754,1769147262000,21,27,0,0,27,27,597,0.9967
29633755,1769147268000,27,21,0,0,21,21,597,0.9992
29633756,1769147274000,23,27,0,0,27,27,597,0.9997
29633757,1769147280000,28,23,0,0,23,23,597,0.9965
29633758,1769147286000,22,28,0,0,28,28,597,0.9993
29633759,1769147292000,24,22,0,0,22,22,597,0.9952
29633760,1769147298000,21,24,0,0,24,24,597,0.999
29633761,1769147304000,28,21,0,0,21,21,597,0.9959
29633762,1769147310000,23,28,0,0,28,28,597,0.9992
29633763,1769147316000,32,23,0,0,23,23,597,0.9975
29633764,1769147322000,22,32,0,0,32,32,597,0.9994
29633765,1769147328000,26,22,0,0,22,22,597,0.9979
29633766,1769147334000,23,26,0,0,26,26,597,0.9968
29633767,1769147340000,27,23,0,0,23,23,597,0.9988
29633768,1769147346000,22,27,0,0,27,27,597,0.9989
29633769,1769147352000,27,22,0,0,22,22,597,0.9974
29633770,1769147358000,23,27,0,0,27,27,597,0.9987
29633771,1769147364000,28,23,0,0,23,23,597,0.9983
29633772,1769147370000,20,28,0,0,28,28,597,0.999
29633773,1769147376000,28,20,0,0,20,20,597,0.9966
29633774,1769147382000,24,28,0,0,28,28,597,0.9971
29633775,1769147388000,26,24,0,0,24,24,597,0.9994
29633776,1769147394000,22,26,0,0,26,26,597,0.9992
29633777,1769147400000,24,22,0,0,22,22,597,0.9992
29633778,1769147406000,18,24,0,0,24,24,597,0.9993
29633779,1769147412000,25,18,0,0,18,18,597,0.9994
29633780,1769147418000,24,25,0,0,25,25,597,0.9996
29633781,1769147424000,26,24,0,0,24,24,597,0.9985
29633782,1769147430000,21,26,0,0,26,26,597,0.9994
29633783,1769147436000,27,21,0,0,21,21,597,0.9966
29633784,1769147442000,22,27,0,0,27,27,597,0.9996
29633785,1769147448000,31,22,0,0,22,22,597,0.9977
29633786,1769147454000,23,31,0,0,31,31,597,0.9983
29633787,1769147460000,33,23,0,0,23,23,596,0.9977
29633788,1769147466000,23,33,0,0,33,33,597,0.9979
29633789,1769147472000,28,23,0,0,23,23,597,0.9991
29633790,1769147478000,22,28,0,0,28,28,597,0.9978
29633791,1769147484000,30,22,0,0,22,22,597,0.9994
29633792,1769147490000,22,30,0,0,30,30,597,0.9989
29633793,1769147496000,30,22,0,0,22,22,597,0.9983
29633794,1769147502000,23,30,0,0,30,30,597,0.9987
29633795,1769147508000,29,23,0,0,23,23,597,0.9996
29633796,1769147514000,21,29,0,0,29,29,597,0.9979
29633797,1769147520000,31,21,0,0,21,21,597,0.9997
29633798,1769147526000,22,31,0,0,31,31,597,0.9988
29633799,1769147532000,30,22,0,0,22,22,597,0.9998
29633800,1769147538000,22,30,0,0,30,30,597,0.9979
29633801,1769147544000,30,22,0,0,22,22,597,0.9998
29633802,1769147550000,23,30,0,0,30,30,596,0.9992
29633803,1769147556000,31,23,0,0,23,23,597,0.9995
29633804,1769147562000,21,31,0,0,31,31,597,0.9997
29633805,1769147568000,32,21,0,0,21,21,597,0.9992
29633806,1769147574000,20,32,0,0,32,32,597,0.9991
29633807,1769147580000,31,20,0,0,20,20,597,0.9982
29633808,1769147586000,21,31,0,0,31,31,597,0.9991
29633809,1769147592000,31,21,0,0,21,21,597,0.9992
29633810,1769147598000,22,31,0,0,31,31,597,0.9991
29633811,1769147604000,31,22,0,0,22,22,596,0.9998
29633812,1769147610000,20,31,0,0,31,31,597,0.9996
29633813,1769147616000,29,20,0,0,20,20,597,0.9993
29633814,1769147622000,19,29,0,0,29,29,597,0.9994
29633815,1769147628000,27,19,0,0,19,19,597,0.9982
29633816,1769147634000,21,27,0,0,27,27,597,0.9993
29633817,1769147640000,28,21,0,0,21,21,597,0.9974
29633818,1769147646000,21,28,0,0,28,28,597,0.9994
29633819,1769147652000,28,21,0,0,21,21,597,0.9986
29633820,1769147658000,19,28,0,0,28,28,597,0.9995
29633821,1769147664000,29,19,0,0,19,19,597,0.9985
29633822,1769147670000,19,29,0,0,29,29,597,0.9988
29633823,1769147676000,30,19,0,0,19,19,597,0.9984
29633824,1769147682000,20,30,0,0,30,30,596,0.9991
29633825,1769147688000,30,20,0,0,20,20,597,0.9987
29633826,1769147694000,21,30,0,0,30,30,597,0.9985
29633827,1769147700000,33,21,0,0,21,21,596,0.9995
29633828,1769147706000,23,33,0,0,33,33,597,0.9992
29633829,1769147712000,31,23,0,0,23,23,596,0.9991
29633830,1769147718000,22,31,0,0,31,31,597,0.9995
29633831,1769147724000,29,22,0,0,22,22,596,0.9989
29633832,1769147730000,23,29,0,0,29,29,596,0.9994
29633833,1769147736000,31,23,0,0,23,23,596,0.9995
29633834,1769147742000,21,31,0,0,31,31,596,0.9992
29633835,1769147748000,31,21,0,0,21,21,596,0.9986
29633836,1769147754000,23,31,0,0,31,31,596,0.9998
29633837,1769147760000,31,23,0,0,23,23,597,0.999
29633838,1769147766000,20,31,0,0,31,31,597,0.9994
29633839,1769147772000,27,20,0,0,20,20,597,0.999
29633840,1769147778000,21,27,0,0,27,27,597,0.999
29633841,1769147784000,31,21,0,0,21,21,597,0.9989
29633842,1769147790000,22,31,0,0,31,31,597,0.9995
29633843,1769147796000,29,22,0,0,22,22,597,0.9989
29633844,1769147802000,21,29,0,0,29,29,597,0.999
29633845,1769147808000,31,21,0,0,21,21,597,0.9983
29633846,1769147814000,22,31,0,0,31,31,597,0.9989
29633847,1769147820000,30,22,0,0,22,22,597,0.9994
29633848,1769147826000,21,30,0,0,30,30,596,0.9996
29633849,1769147832000,28,21,0,0,21,21,597,0.9963
29633850,1769147838000,21,28,0,0,28,28,597,0.9994
29633851,1769147844000,32,21,0,0,21,21,597,0.9989
29633852,1769147850000,18,32,0,0,32,32,597,0.999
29633853,1769147856000,26,18,0,0,18,18,597,0.9982
29633854,1769147862000,20,26,0,0,26,26,597,0.9992
29633855,1769147868000,31,20,0,0,20,20,597,0.9985
29633856,1769147874000,19,31,0,0,31,31,597,0.9994
29633857,1769147880000,29,19,0,0,19,19,597,0.9988
29633858,1769147886000,20,29,0,0,29,29,597,0.9997
29633859,1769147892000,31,20,0,0,20,20,597,0.9989
29633860,1769147898000,20,31,0,0,31,31,597,0.9996
29633861,1769147904000,29,20,0,0,20,20,597,0.9991
29633862,1769147910000,20,29,0,0,29,29,597,0.9996
29633863,1769147916000,34,20,0,0,20,20,597,0.9996
29633864,1769147922000,20,34,0,0,34,34,597,0.9989
29633865,1769147928000,33,20,0,0,20,20,597,0.999
29633866,1769147934000,22,33,0,0,33,33,597,0.9997
29633867,1769147940000,33,22,0,0,22,22,597,0.998
29633868,1769147946000,21,33,0,0,33,33,597,0.9977
29633869,1769147952000,32,21,0,0,21,21,597,0.9997
29633870,1769147958000,21,32,0,0,32,32,596,0.9997
29633871,1769147964000,32,21,0,0,21,21,597,0.9996
29633872,1769147970000,22,32,0,0,32,32,597,0.9993
29633873,1769147976000,31,22,0,0,22,22,597,0.9985
29633874,1769147982000,22,31,0,0,31,31,596,0.9992
29633875,1769147988000,29,22,0,0,22,22,597,0.9998
29633876,1769147994000,21,29,0,0,29,29,597,0.9994
29633877,1769148000000,29,21,0,0,21,21,597,0.9996
29633878,1769148006000,17,29,0,0,29,29,596,0.9992
29633879,1769148012000,28,17,0,0,17,17,596,0.9995
29633880,1769148018000,20,28,0,0,28,28,597,0.9978
29633881,1769148024000,27,20,0,0,20,20,595,0.9991
29633882,1769148030000,23,27,0,0,27,27,596,0.9993
29633883,1769148036000,30,23,0,0,23,23,597,0.9996
29633884,1769148042000,19,30,0,0,30,30,597,0.9993
29633885,1769148048000,33,19,0,0,19,19,597,0.999
29633886,1769148054000,20,33,0,0,33,33,597,0.9986
29633887,1769148060000,30,20,0,0,20,20,597,0.9988
29633888,1769148066000,21,30,0,0,30,30,597,0.9991
29633889,1769148072000,27,21,0,0,21,21,597,0.9988
29633890,1769148078000,23,27,0,0,27,27,595,0.9993
29633891,1769148084000,28,23,0,0,23,23,597,0.9987
29633892,1769148090000,25,28,0,0,28,28,597,0.9981
29633893,1769148096000,29,25,0,0,25,25,597,0.9989
29633894,1769148102000,23,29,0,0,29,29,597,0.9995
29633895,1769148108000,28,23,0,0,23,23,597,0.9991
29633896,1769148114000,23,28,0,0,28,28,597,0.9995
29633897,1769148120000,29,23,0,0,23,23,597,0.999
29633898,1769148126000,23,29,0,0,29,29,597,0.9997
29633899,1769148132000,30,23,0,0,23,23,597,0.998
29633900,1769148138000,24,30,0,0,30,30,597,0.9993
29633901,1769148144000,30,24,0,0,24,24,597,0.9992
29633902,1769148150000,25,30,0,0,30,30,597,0.9991
29633903,1769148156000,0,25,0,0,25,25,597,0.9985
29633904,1769148162000,33,0,0,0,0,0,597,0
29633905,1769148168000,22,33,0,0,33,33,597,0.9992
29633906,1769148174000,33,22,0,0,22,22,597,0.9995
29633907,1769148180000,24,33,0,0,33,33,597,0.9983
29633908,1769148186000,31,24,0,0,24,24,597,0.9987
29633909,1769148192000,22,31,0,0,31,31,597,0.9983
29633910,1769148198000,25,22,0,0,22,22,597,0.9992
29633911,1769148204000,27,25,0,0,25,25,597,0.9991
29633912,1769148210000,25,27,0,0,27,27,597,0.9996
29633913,1769148216000,25,25,0,0,25,25,597,0.9993
29633914,1769148222000,26,25,0,0,25,25,597,0.9998
29633915,1769148228000,26,26,0,0,26,26,597,0.9999
29633916,1769148234000,27,26,0,0,26,26,597,0.999
29633917,1769148240000,24,27,0,0,27,27,597,0.9996
29633918,1769148246000,25,24,0,0,24,24,597,0.9992
29633919,1769148252000,23,25,0,0,25,25,597,0.9993
29633920,1769148258000,24,23,0,0,23,23,596,0.9996
29633921,1769148264000,23,24,0,0,24,24,597,0.9994
29633922,1769148270000,26,23,0,0,23,23,597,1
29633923,1769148276000,28,26,0,0,26,26,597,0.9995
29633924,1769148282000,24,28,0,0,28,28,597,0.9987
29633925,1769148288000,26,24,0,0,24,24,597,0.9985
29633926,1769148294000,26,26,0,0,26,26,597,0.9994
29633927,1769148300000,26,26,0,0,26,26,597,0.9995
29633928,1769148306000,24,26,0,0,26,26,597,0.9991
29633929,1769148312000,27,24,0,0,24,24,597,0.9992
29633930,1769148318000,24,27,0,0,27,27,597,0.9997
29633931,1769148324000,25,24,0,0,24,24,597,0.9994
29633932,1769148330000,23,25,0,0,25,25,597,0.9993
29633933,1769148336000,26,23,0,0,23,23,597,0.9999
29633934,1769148342000,24,26,0,0,26,26,597,0.9994
29633935,1769148348000,29,24,0,0,24,24,597,0.9997
29633936,1769148354000,25,29,0,0,29,29,597,0.9989
29633937,1769148360000,26,25,0,0,25,25,597,0.9998
29633938,1769148366000,25,26,0,0,26,26,597,0.9999
29633939,1769148372000,28,25,0,0,25,25,597,0.9993
29633940,1769148378000,25,28,0,0,28,28,597,0.9989
29633941,1769148384000,26,25,0,0,25,25,597,0.9991
29633942,1769148390000,23,26,0,0,26,26,597,0.9993
29633943,1769148396000,26,23,0,0,23,23,597,0.9998
29633944,1769148402000,22,26,0,0,26,26,597,0.9977
29633945,1769148408000,25,22,0,0,22,22,597,0.9988
29633946,1769148414000,22,25,0,0,25,25,597,0.9989
29633947,1769148420000,29,22,0,0,22,22,597,0.9994
29633948,1769148426000,23,29,0,0,29,29,597,0.9988
29633949,1769148432000,29,23,0,0,23,23,597,0.9989
29633950,1769148438000,22,29,0,0,29,29,597,0.9991
29633951,1769148444000,27,22,0,0,22,22,597,0.9992
29633952,1769148450000,21,27,0,0,27,27,597,0.9994
29633953,1769148456000,27,21,0,0,21,21,597,0.9994
29633954,1769148462000,23,27,0,0,27,27,597,0.9993
29633955,1769148468000,26,23,0,0,23,23,597,0.9997
29633956,1769148474000,24,26,0,0,26,26,597,0.9992
29633957,1769148480000,26,24,0,0,24,24,597,0.9994
29633958,1769148486000,21,26,0,0,26,26,597,0.9998
29633959,1769148492000,25,21,0,0,21,21,597,0.9995
29633960,1769148498000,24,25,0,0,25,25,597,0.9993
29633961,1769148504000,26,24,0,0,24,24,597,0.9981
29633962,1769148510000,24,26,0,0,26,26,597,0.9994
29633963,1769148516000,26,24,0,0,24,24,597,0.999
29633964,1769148522000,24,26,0,0,26,26,597,0.9997
29633965,1769148528000,28,24,0,0,24,24,597,0.9991
29633966,1769148534000,23,28,0,0,28,28,597,0.999
29633967,1769148540000,28,23,0,0,23,23,597,0.9993
29633968,1769148546000,23,28,0,0,28,28,597,0.9994
29633969,1769148552000,22,23,0,0,23,23,597,0.9995
29633970,1769148558000,23,22,0,0,22,22,597,0.9981
29633971,1769148564000,24,23,0,0,23,23,597,0.9978
29633972,1769148570000,24,24,0,0,24,24,597,0.9993
29633973,1769148576000,27,24,0,0,24,24,597,0.999
29633974,1769148582000,23,27,0,0,27,27,597,0.9988
29633975,1769148588000,25,23,0,0,23,23,597,0.9989
29633976,1769148594000,24,25,0,0,25,25,596,0.9995
29633977,1769148600000,29,24,0,0,24,24,597,0.999
29633978,1769148606000,23,29,0,0,29,29,597,0.9995
29633979,1769148612000,25,23,0,0,23,23,596,0.9991
29633980,1769148618000,22,25,0,0,25,25,597,0.9999
29633981,1769148624000,26,22,0,0,22,22,597,0.9992
29633982,1769148630000,25,26,0,0,26,26,597,0.999
29633983,1769148636000,30,25,0,0,25,25,597,0.9994
29633984,1769148642000,25,30,0,0,30,30,597,0.9998
29633985,1769148648000,26,25,0,0,25,25,597,0.9997
29633986,1769148654000,24,26,0,0,26,26,597,0.9993
29633987,1769148660000,27,24,0,0,24,24,597,0.9978
29633988,1769148666000,24,27,0,0,27,27,597,0.9989
29633989,1769148672000,26,24,0,0,24,24,597,0.9989
29633990,1769148678000,23,26,0,0,26,26,597,0.9996
29633991,1769148684000,28,23,0,0,23,23,597,0.9996
29633992,1769148690000,24,28,0,0,28,28,597,0.9996
29633993,1769148696000,28,24,0,0,24,24,597,0.9995
29633994,1769148702000,21,28,0,0,28,28,597,0.9994
29633995,1769148708000,28,21,0,0,21,21,597,0.9991
29633996,1769148714000,23,28,0,0,28,28,597,0.9998
29633997,1769148720000,29,23,0,0,23,23,597,0.9996
29633998,1769148726000,22,29,0,0,29,29,597,0.9998
29633999,1769148732000,28,22,0,0,22,22,597,0.9997
29634000,1769148738000,22,28,0,0,28,28,597,0.9997
29634001,1769148744000,27,22,0,0,22,22,597,0.9991
29634002,1769148750000,23,27,0,0,27,27,597,0.9996
29634003,1769148756000,29,23,0,0,23,23,597,0.9997
29634004,1769148762000,25,29,0,0,29,29,597,0.9983
29634005,1769148768000,28,25,0,0,25,25,597,0.9987
29634006,1769148774000,24,28,0,0,28,28,596,0.9993
29634007,1769148780000,31,24,0,0,24,24,597,0.9994
29634008,1769148786000,25,31,0,0,31,31,597,0.9992
29634009,1769148792000,28,25,0,0,25,25,597,0.9999
29634010,1769148798000,25,28,0,0,28,28,596,0.9997
29634011,1769148804000,26,25,0,0,25,25,597,0.9995
29634012,1769148810000,23,26,0,0,26,26,597,0.9997
29634013,1769148816000,29,23,0,0,23,23,597,0.9993
29634014,1769148822000,22,29,0,0,29,29,597,0.9998
29634015,1769148828000,28,22,0,0,22,22,597,0.9998
29634016,1769148834000,23,28,0,0,28,28,597,0.9993
29634017,1769148840000,29,23,0,0,23,23,597,0.9997
29634018,1769148846000,21,29,0,0,29,29,597,0.9995
29634019,1769148852000,28,21,0,0,21,21,597,0.9997
29634020,1769148858000,21,28,0,0,28,28,597,0.9997
29634021,1769148864000,30,21,0,0,21,21,597,0.9986
29634022,1769148870000,25,30,0,0,30,30,597,0.9996
29634023,1769148876000,27,25,0,0,25,25,597,0.9993
29634024,1769148882000,24,27,0,0,27,27,597,0.9988
29634025,1769148888000,24,24,0,0,24,24,597,0.9997
29634026,1769148894000,28,24,0,0,24,24,597,0.9992
29634027,1769148900000,24,28,0,0,28,28,597,0.9995
29634028,1769148906000,22,24,0,0,24,24,597,0.9997
29634029,1769148912000,23,22,0,0,22,22,597,0.9993
29634030,1769148918000,26,23,0,0,23,23,597,0.9996
29634031,1769148924000,25,26,0,0,26,26,597,0.9993
29634032,1769148930000,28,25,0,0,25,25,597,0.9997
29634033,1769148936000,23,28,0,0,28,28,597,0.9998
29634034,1769148942000,26,23,0,0,23,23,597,0.9988
29634035,1769148948000,24,26,0,0,26,26,597,0.9994
29634036,1769148954000,27,24,0,0,24,24,597,0.9997
29634037,1769148960000,22,27,0,0,27,27,597,0.9989
29634038,1769148966000,25,22,0,0,22,22,597,0.9992
29634039,1769148972000,22,25,0,0,25,25,597,0.9993
29634040,1769148978000,23,22,0,0,22,22,597,0.9989
29634041,1769148984000,24,23,0,0,23,23,597,0.9994
29634042,1769148990000,26,24,0,0,24,24,597,0.9987
29634043,1769148996000,25,26,0,0,26,26,596,0.9992
29634044,1769149002000,27,25,0,0,25,25,597,0.9995
29634045,1769149008000,27,27,0,0,27,27,595,0.9987
29634046,1769149014000,27,27,0,0,27,27,597,0.9996
29634047,1769149020000,26,27,0,0,27,27,597,0.9993
29634048,1769149026000,27,26,0,0,26,26,597,0.9997
29634049,1769149032000,24,27,0,0,27,27,597,0.999
29634050,1769149038000,30,24,0,0,24,24,596,0.9996
29634051,1769149044000,25,30,0,0,30,30,597,0.9996
29634052,1769149050000,28,25,0,0,25,25,597,0.9996
29634053,1769149056000,24,28,0,0,28,28,597,0.9998
29634054,1769149062000,28,24,0,0,24,24,597,0.9995
29634055,1769149068000,23,28,0,0,28,28,597,0.9987
29634056,1769149074000,27,23,0,0,23,23,597,0.9996
29634057,1769149080000,23,27,0,0,27,27,597,0.9991
29634058,1769149086000,24,23,0,0,23,23,597,0.9991
29634059,1769149092000,21,24,0,0,24,24,597,0.9994
29634060,1769149098000,27,21,0,0,21,21,597,0.9997
29634061,1769149104000,24,27,0,0,27,27,597,0.9998
29634062,1769149110000,26,24,0,0,24,24,597,0.9996
29634063,1769149116000,25,26,0,0,26,26,597,0.9986
29634064,1769149122000,24,25,0,0,25,25,597,0.9996
29634065,1769149128000,25,24,0,0,24,24,592,0.9993
29634066,1769149134000,29,25,0,0,25,25,597,0.9985
29634067,1769149140000,25,29,0,0,29,29,597,0.9995
29634068,1769149146000,28,25,0,0,25,25,597,0.9999
29634069,1769149152000,26,28,0,0,28,28,597,0.9994
29634070,1769149158000,28,26,0,0,26,26,597,0.9995
29634071,1769149164000,25,28,0,0,28,28,597,0.9992
29634072,1769149170000,30,25,0,0,25,25,597,0.9991
29634073,1769149176000,24,30,0,0,30,30,597,0.9999
29634074,1769149182000,28,24,0,0,24,24,597,0.9988
29634075,1769149188000,21,28,0,0,28,28,597,0.9992
29634076,1769149194000,25,21,0,0,21,21,597,0.9995
29634077,1769149200000,22,25,0,0,25,25,597,0.9987
29634078,1769149206000,25,22,0,0,22,22,597,0.9997
29634079,1769149212000,23,25,0,0,25,25,596,0.9997
29634080,1769149218000,27,23,0,0,23,23,597,0.9996
29634081,1769149224000,24,27,0,0,27,27,597,0.9997
29634082,1769149230000,26,24,0,0,24,24,597,0.9999
29634083,1769149236000,25,26,0,0,26,26,597,0.9999
29634084,1769149242000,26,25,0,0,25,25,597,0.9987
29634085,1769149248000,26,26,0,0,26,26,597,0.9984
29634086,1769149254000,30,26,0,0,26,26,597,0.9999
29634087,1769149260000,25,30,0,0,30,30,597,0.9999
29634088,1769149266000,26,25,0,0,25,25,597,0.9996
29634089,1769149272000,26,26,0,0,26,26,597,0.9989
29634090,1769149278000,27,26,0,0,26,26,597,0.9995
29634091,1769149284000,23,27,0,0,27,27,597,0.9993
29634092,1769149290000,25,23,0,0,23,23,597,0.9994
29634093,1769149296000,28,25,0,0,25,25,597,0.9995
29634094,1769149302000,28,28,0,0,28,28,597,0.9985
29634095,1769149308000,25,28,0,0,28,28,597,0.9995
29634096,1769149314000,26,25,0,0,25,25,597,0.9991
29634097,1769149320000,24,26,0,0,26,26,597,0.9997
29634098,1769149326000,25,24,0,0,24,24,597,0.9998
29634099,1769149332000,23,25,0,0,25,25,597,0.9991
29634100,1769149338000,27,23,0,0,23,23,597,0.9991
29634101,1769149344000,24,27,0,0,27,27,597,0.9986
29634102,1769149350000,27,24,0,0,24,24,597,0.9973
29634103,1769149356000,27,27,0,0,27,27,596,0.9993
29634104,1769149362000,27,27,0,0,27,27,597,0.9987
29634105,1769149368000,25,27,0,0,27,27,597,0.9989
29634106,1769149374000,28,25,0,0,25,25,597,0.9993
29634107,1769149380000,25,28,0,0,28,28,597,0.9989
29634108,1769149386000,26,25,0,0,25,25,597,0.9989
29634109,1769149392000,24,26,0,0,26,26,597,0.999
29634110,1769149398000,29,24,0,0,24,24,596,0.9997
29634111,1769149404000,26,29,0,0,29,29,596,0.9996
29634112,1769149410000,27,26,0,0,26,26,596,0.9998
29634113,1769149416000,26,27,0,0,27,27,597,0.9995
29634114,1769149422000,27,26,0,0,26,26,597,0.9985
29634115,1769149428000,24,27,0,0,27,27,597,0.9992
29634116,1769149434000,28,24,0,0,24,24,597,0.9996
29634117,1769149440000,26,28,0,0,28,28,596,0.9995
29634118,1769149446000,21,26,0,0,26,26,596,0.9995
29634119,1769149452000,25,21,0,0,21,21,596,0.9995
29634120,1769149458000,25,25,0,0,25,25,597,0.9993
29634121,1769149464000,26,25,0,0,25,25,597,0.9989
29634122,1769149470000,25,26,0,0,26,26,597,0.9992
29634123,1769149476000,24,25,0,0,25,25,596,0.9999
29634124,1769149482000,25,24,0,0,24,24,597,0.9986
29634125,1769149488000,22,25,0,0,25,25,597,0.9983
29634126,1769149494000,24,22,0,0,22,22,597,0.9991
29634127,1769149500000,23,24,0,0,24,24,597,0.9995
29634128,1769149506000,26,23,0,0,23,23,596,0.9999
29634129,1769149512000,24,26,0,0,26,26,597,0.9994
29634130,1769149518000,25,24,0,0,24,24,596,0.9997
29634131,1769149524000,23,25,0,0,25,25,596,0.9998
29634132,1769149530000,23,23,0,0,23,23,597,0.9985
29634133,1769149536000,24,23,0,0,23,23,596,0.9998
29634134,1769149542000,22,24,0,0,24,24,596,0.9999
29634135,1769149548000,26,22,0,0,22,22,596,0.9996
29634136,1769149554000,22,26,0,0,26,26,596,0.9999
29634137,1769149560000,23,22,0,0,22,22,596,0.9997
29634138,1769149566000,22,23,0,0,23,23,596,0.9998
29634139,1769149572000,22,22,0,0,22,22,596,0.9998
29634140,1769149578000,22,22,0,0,22,22,596,0.9992
29634141,1769149584000,23,22,0,0,22,22,596,0.9996
29634142,1769149590000,25,23,0,0,23,23,596,0.9996
29634143,1769149596000,24,25,0,0,25,25,596,0.9997
29634144,1769149602000,23,24,0,0,24,24,596,1
29634145,1769149608000,26,23,0,0,23,23,596,0.9996
29634146,1769149614000,28,26,0,0,26,26,596,0.9998
29634147,1769149620000,24,28,0,0,28,28,596,0.9999
29634148,1769149626000,26,24,0,0,24,24,596,1
29634149,1769149632000,24,26,0,0,26,26,596,0.9997
29634150,1769149638000,28,24,0,0,24,24,596,0.9997
29634151,1769149644000,23,28,0,0,28,28,596,0.9998
29634152,1769149650000,28,23,0,0,23,23,596,0.9995
29634153,1769149656000,25,28,0,0,28,28,596,0.9995
29634154,1769149662000,25,25,0,0,25,25,596,0.9997
29634155,1769149668000,24,25,0,0,25,25,596,0.9998
29634156,1769149674000,28,24,0,0,24,24,596,0.9996
29634157,1769149680000,23,28,0,0,28,28,596,0.9995
29634158,1769149686000,26,23,0,0,23,23,596,0.9992
29634159,1769149692000,24,26,0,0,26,26,596,0.9996
29634160,1769149698000,26,24,0,0,24,24,596,0.9998
29634161,1769149704000,25,26,0,0,26,26,596,0.9935
29634162,1769149710000,27,25,0,0,25,25,596,0.9986
29634163,1769149716000,22,27,0,0,27,27,596,0.9983
29634164,1769149722000,26,22,0,0,22,22,596,0.999
29634165,1769149728000,24,26,0,0,26,26,596,0.9983
29634166,1769149734000,26,24,0,0,24,24,596,0.9992
29634167,1769149740000,21,26,0,0,26,26,596,0.9992
29634168,1769149746000,25,21,0,0,21,21,596,0.9991
29634169,1769149752000,24,25,0,0,25,25,596,0.9993
29634170,1769149758000,26,24,0,0,24,24,596,0.9992
29634171,1769149764000,21,26,0,0,26,26,596,0.9997
29634172,1769149770000,27,21,0,0,21,21,596,1
29634173,1769149776000,23,27,0,0,27,27,596,1
29634174,1769149782000,29,23,0,0,23,23,596,0.9999
29634175,1769149788000,25,29,0,0,29,29,596,0.9995
29634176,1769149794000,28,25,0,0,25,25,596,0.9995
29634177,1769149800000,24,28,0,0,28,28,596,0.9999
29634178,1769149806000,26,24,0,0,24,24,596,0.9995
29634179,1769149812000,24,26,0,0,26,26,596,0.9997
29634180,1769149818000,30,24,0,0,24,24,597,0.9985
29634181,1769149824000,25,30,0,0,30,30,597,0.9995
29634182,1769149830000,31,25,0,0,25,25,597,0.9997
29634183,1769149836000,22,31,0,0,31,31,597,0.9985
29634184,1769149842000,29,22,0,0,22,22,597,0.9992
29634185,1769149848000,22,29,0,0,29,29,597,0.9995
29634186,1769149854000,29,22,0,0,22,22,597,0.9992
29634187,1769149860000,24,29,0,0,29,29,597,0.9994
29634188,1769149866000,25,24,0,0,24,24,597,0.9978
29634189,1769149872000,21,25,0,0,25,25,597,0.9987
29634190,1769149878000,27,21,0,0,21,21,597,0.9995
29634191,1769149884000,22,27,0,0,27,27,597,0.9997
29634192,1769149890000,29,22,0,0,22,22,597,0.9997
29634193,1769149896000,23,29,0,0,29,29,597,0.9994
29634194,1769149902000,27,23,0,0,23,23,597,0.9988
29634195,1769149908000,23,27,0,0,27,27,597,0.999
29634196,1769149914000,31,23,0,0,23,23,597,0.9985
29634197,1769149920000,20,31,0,0,31,31,597,0.9992
29634198,1769149926000,30,20,0,0,20,20,597,0.9992
29634199,1769149932000,22,30,0,0,30,30,596,0.9997
29634200,1769149938000,27,22,0,0,22,22,597,0.9996
29634201,1769149944000,22,27,0,0,27,27,597,0.9999
29634202,1769149950000,29,22,0,0,22,22,597,0.9997
29634203,1769149956000,23,29,0,0,29,29,597,0.9995
29634204,1769149962000,29,23,0,0,23,23,597,0.9999
29634205,1769149968000,23,29,0,0,29,29,597,0.9991
29634206,1769149974000,32,23,0,0,23,23,597,0.9995
29634207,1769149980000,23,32,0,0,32,32,597,0.9997
29634208,1769149986000,0,23,0,0,23,23,597,0.9984
29634209,1769149992000,33,0,0,0,0,0,597,0
29634210,1769149998000,23,33,0,0,33,33,597,0.9996
29634211,1769150004000,31,23,0,0,23,23,597,0.9997
29634212,1769150010000,24,31,0,0,31,31,597,0.9985
29634213,1769150016000,29,24,0,0,24,24,597,0.9994
29634214,1769150022000,23,29,0,0,29,29,597,0.9994
29634215,1769150028000,29,23,0,0,23,23,597,0.9988
29634216,1769150034000,22,29,0,0,29,29,597,0.9995
29634217,1769150040000,28,22,0,0,22,22,597,0.9995
29634218,1769150046000,23,28,0,0,28,28,597,0.9991
29634219,1769150052000,30,23,0,0,23,23,597,0.9998
29634220,1769150058000,20,30,0,0,30,30,597,0.9983
29634221,1769150064000,30,20,0,0,20,20,597,0.9981
29634222,1769150070000,23,30,0,0,30,30,597,0.9978
29634223,1769150076000,29,23,0,0,23,23,597,0.9984
29634224,1769150082000,25,29,0,0,29,29,597,0.9995
29634225,1769150088000,28,25,0,0,25,25,597,0.9991
29634226,1769150094000,23,28,0,0,28,28,597,0.9996
29634227,1769150100000,30,23,0,0,23,23,597,0.9995
29634228,1769150106000,23,30,0,0,30,30,597,0.9997
29634229,1769150112000,28,23,0,0,23,23,596,0.9994
29634230,1769150118000,22,28,0,0,28,28,597,0.9994
29634231,1769150124000,28,22,0,0,22,22,597,0.9988
29634232,1769150130000,23,28,0,0,28,28,597,0.9992
29634233,1769150136000,31,23,0,0,23,23,597,0.9993
29634234,1769150142000,23,31,0,0,31,31,597,0.9985
29634235,1769150148000,29,23,0,0,23,23,597,0.998
29634236,1769150154000,24,29,0,0,29,29,597,0.9997
29634237,1769150160000,28,24,0,0,24,24,597,0.9992
29634238,1769150166000,23,28,0,0,28,28,597,0.9994
29634239,1769150172000,28,23,0,0,23,23,597,0.9995
29634240,1769150178000,24,28,0,0,28,28,596,0.9999
29634241,1769150184000,29,24,0,0,24,24,597,0.9987
29634242,1769150190000,26,29,0,0,29,29,597,0.9981
29634243,1769150196000,30,26,0,0,26,26,597,0.9995
29634244,1769150202000,25,30,0,0,30,30,597,0.9993
29634245,1769150208000,30,25,0,0,25,25,596,0.9983
29634246,1769150214000,25,30,0,0,30,30,597,0.9997
29634247,1769150220000,28,25,0,0,25,25,597,0.9992
29634248,1769150226000,24,28,0,0,28,28,597,0.9989
29634249,1769150232000,28,24,0,0,24,24,597,0.9998
29634250,1769150238000,26,28,0,0,28,28,596,0.9991
29634251,1769150244000,24,26,0,0,26,26,597,0.9991
29634252,1769150250000,24,24,0,0,24,24,597,0.9985
29634253,1769150256000,32,24,0,0,24,24,596,0.9987
29634254,1769150262000,23,32,0,0,32,32,597,0.9995
29634255,1769150268000,29,23,0,0,23,23,597,0.9996
29634256,1769150274000,22,29,0,0,29,29,597,0.9996
29634257,1769150280000,31,22,0,0,22,22,597,0.999
29634258,1769150286000,21,31,0,0,31,31,597,0.9995
29634259,1769150292000,32,21,0,0,21,21,597,0.9999
29634260,1769150298000,21,32,0,0,32,32,597,0.999
29634261,1769150304000,33,21,0,0,21,21,597,0.9986
29634262,1769150310000,22,33,0,0,33,33,597,0.9996
29634263,1769150316000,34,22,0,0,22,22,597,0.9997
29634264,1769150322000,22,34,0,0,34,34,597,0.9993
29634265,1769150328000,31,22,0,0,22,22,597,0.9995
29634266,1769150334000,22,31,0,0,31,31,597,0.9996
29634267,1769150340000,30,22,0,0,22,22,597,0.9986
29634268,1769150346000,22,30,0,0,30,30,597,0.9997
29634269,1769150352000,30,22,0,0,22,22,597,0.9998
29634270,1769150358000,21,30,0,0,30,30,597,0.9995
29634271,1769150364000,32,21,0,0,21,21,597,0.999
29634272,1769150370000,19,32,0,0,32,32,597,0.9994
29634273,1769150376000,26,19,0,0,19,19,597,0.9988
29634274,1769150382000,22,26,0,0,26,26,597,0.999
29634275,1769150388000,29,22,0,0,22,22,597,0.9984
29634276,1769150394000,20,29,0,0,29,29,597,0.9986
29634277,1769150400000,26,20,0,0,20,20,597,0.9996
29634278,1769150406000,21,26,0,0,26,26,596,0.9997
29634279,1769150412000,25,21,0,0,21,21,597,0.9975
29634280,1769150418000,19,25,0,0,25,25,597,0.9997
29634281,1769150424000,24,19,0,0,19,19,597,0.9995
29634282,1769150430000,21,24,0,0,24,24,596,0.9987
29634283,1769150436000,30,21,0,0,21,21,596,0.9983
29634284,1769150442000,23,30,0,0,30,30,596,0.9997
29634285,1769150448000,27,23,0,0,23,23,597,0.9996
29634286,1769150454000,24,27,0,0,27,27,597,0.9996
29634287,1769150460000,28,24,0,0,24,24,597,0.9994
29634288,1769150466000,23,28,0,0,28,28,597,0.9999
29634289,1769150472000,28,23,0,0,23,23,597,0.9981
29634290,1769150478000,23,28,0,0,28,28,597,0.9966
29634291,1769150484000,28,23,0,0,23,23,597,0.9993
29634292,1769150490000,24,28,0,0,28,28,597,0.9999
29634293,1769150496000,28,24,0,0,24,24,597,0.9992
29634294,1769150502000,25,28,0,0,28,28,597,0.9991
29634295,1769150508000,30,25,0,0,25,25,597,0.9994
29634296,1769150514000,23,30,0,0,30,30,597,0.9998
29634297,1769150520000,29,23,0,0,23,23,597,0.9997
29634298,1769150526000,22,29,0,0,29,29,597,0.9992
29634299,1769150532000,31,22,0,0,22,22,597,0.9996
29634300,1769150538000,23,31,0,0,31,31,597,0.9998
29634301,1769150544000,33,23,0,0,23,23,597,0.9997
29634302,1769150550000,23,33,0,0,33,33,597,0.9997
29634303,1769150556000,31,23,0,0,23,23,597,0.9997
29634304,1769150562000,22,31,0,0,31,31,597,0.9993
29634305,1769150568000,30,22,0,0,22,22,597,0.9995
29634306,1769150574000,20,30,0,0,30,30,597,0.9998
29634307,1769150580000,30,20,0,0,20,20,597,0.9995
29634308,1769150586000,19,30,0,0,30,30,597,0.9986
29634309,1769150592000,28,19,0,0,19,19,597,0.9996
29634310,1769150598000,20,28,0,0,28,28,597,0.9996
29634311,1769150604000,32,20,0,0,20,20,597,0.9992
29634312,1769150610000,21,32,0,0,32,32,597,0.999
29634313,1769150616000,31,21,0,0,21,21,597,0.9996
29634314,1769150622000,19,31,0,0,31,31,597,0.9996
29634315,1769150628000,29,19,0,0,19,19,597,0.9973
29634316,1769150634000,21,29,0,0,29,29,597,0.9994
29634317,1769150640000,30,21,0,0,21,21,597,0.9977
29634318,1769150646000,21,30,0,0,30,30,597,0.9997
29634319,1769150652000,30,21,0,0,21,21,597,1
29634320,1769150658000,23,30,0,0,30,30,597,0.9993
29634321,1769150664000,29,23,0,0,23,23,597,0.9995
29634322,1769150670000,21,29,0,0,29,29,596,0.9999
29634323,1769150676000,30,21,0,0,21,21,597,0.9996
29634324,1769150682000,22,30,0,0,30,30,597,0.9983
29634325,1769150688000,31,22,0,0,22,22,597,0.999
29634326,1769150694000,21,31,0,0,31,31,597,0.9997
29634327,1769150700000,31,21,0,0,21,21,597,0.9995
29634328,1769150706000,21,31,0,0,31,31,597,0.9991
29634329,1769150712000,33,21,0,0,21,21,597,0.9994
29634330,1769150718000,19,33,0,0,33,33,597,0.9997
29634331,1769150724000,32,19,0,0,19,19,597,0.9996
29634332,1769150730000,20,32,0,0,32,32,597,0.9995
29634333,1769150736000,32,20,0,0,20,20,597,0.9994
29634334,1769150742000,20,32,0,0,32,32,597,0.9995
29634335,1769150748000,31,20,0,0,20,20,597,0.9997
29634336,1769150754000,20,31,0,0,31,31,597,0.9989
29634337,1769150760000,32,20,0,0,20,20,597,0.9995
29634338,1769150766000,21,32,0,0,32,32,597,0.9998
29634339,1769150772000,29,21,0,0,21,21,597,0.9993
29634340,1769150778000,22,29,0,0,29,29,597,0.999
29634341,1769150784000,33,22,0,0,22,22,597,0.9978
29634342,1769150790000,22,33,0,0,33,33,596,0.9993
29634343,1769150796000,32,22,0,0,22,22,597,0.9989
29634344,1769150802000,18,32,0,0,32,32,597,0.9997
29634345,1769150808000,32,18,0,0,18,18,596,0.9994
29634346,1769150814000,21,32,0,0,32,32,597,0.9984
29634347,1769150820000,33,21,0,0,21,21,597,0.9991
29634348,1769150826000,21,33,0,0,33,33,597,0.9993
29634349,1769150832000,33,21,0,0,21,21,596,0.9995
29634350,1769150838000,19,33,0,0,33,33,597,0.9994
29634351,1769150844000,33,19,0,0,19,19,596,0.9992
29634352,1769150850000,19,33,0,0,33,33,597,0.9994
29634353,1769150856000,31,19,0,0,19,19,597,0.9995
29634354,1769150862000,19,31,0,0,31,31,597,0.9993
29634355,1769150868000,30,19,0,0,19,19,597,0.9993
29634356,1769150874000,17,30,0,0,30,30,597,0.9982
29634357,1769150880000,29,17,0,0,17,17,597,0.9993
29634358,1769150886000,17,29,0,0,29,29,597,0.9994
29634359,1769150892000,30,17,0,0,17,17,597,0.9995
29634360,1769150898000,18,30,0,0,30,30,597,0.9997
29634361,1769150904000,32,18,0,0,18,18,597,1
29634362,1769150910000,17,32,0,0,32,32,597,0.999
29634363,1769150916000,29,17,0,0,17,17,597,0.9998
29634364,1769150922000,20,29,0,0,29,29,596,0.9984
29634365,1769150928000,33,20,0,0,20,20,597,0.9978
29634366,1769150934000,19,33,0,0,33,33,597,0.999
29634367,1769150940000,35,19,0,0,19,19,597,0.9996
29634368,1769150946000,20,35,0,0,35,35,597,0.9994
29634369,1769150952000,35,20,0,0,20,20,597,0.9994
29634370,1769150958000,19,35,0,0,35,35,597,0.9997
29634371,1769150964000,34,19,0,0,19,19,597,0.9992
29634372,1769150970000,21,34,0,0,34,34,597,0.9991
29634373,1769150976000,34,21,0,0,21,21,597,0.9995
29634374,1769150982000,18,34,0,0,34,34,597,0.9997
29634375,1769150988000,30,18,0,0,18,18,597,0.9993
29634376,1769150994000,17,30,0,0,30,30,597,0.9999
29634377,1769151000000,30,17,0,0,17,17,597,0.9995
29634378,1769151006000,18,30,0,0,30,30,597,0.9996
29634379,1769151012000,32,18,0,0,18,18,597,0.9992
29634380,1769151018000,19,32,0,0,32,32,597,0.9995
29634381,1769151024000,31,19,0,0,19,19,597,0.9981
29634382,1769151030000,17,31,0,0,31,31,597,0.9993
29634383,1769151036000,33,17,0,0,17,17,597,1
29634384,1769151042000,20,33,0,0,33,33,597,0.999
29634385,1769151048000,34,20,0,0,20,20,597,0.9996
29634386,1769151054000,21,34,0,0,34,34,597,0.9991
29634387,1769151060000,30,21,0,0,21,21,597,0.999
29634388,1769151066000,18,30,0,0,30,30,597,0.9996
29634389,1769151072000,32,18,0,0,18,18,597,0.9985
29634390,1769151078000,18,32,0,0,32,32,597,0.9993
29634391,1769151084000,34,18,0,0,18,18,597,0.9992
29634392,1769151090000,17,34,0,0,34,34,596,0.9995
29634393,1769151096000,33,17,0,0,17,17,597,0.9999
29634394,1769151102000,18,33,0,0,33,33,597,0.9993
29634395,1769151108000,33,18,0,0,18,18,597,0.9988
29634396,1769151114000,18,33,0,0,33,33,597,0.9989
29634397,1769151120000,33,18,0,0,18,18,596,0.999
29634398,1769151126000,20,33,0,0,33,33,597,0.9989
29634399,1769151132000,33,20,0,0,20,20,597,0.9996
29634400,1769151138000,19,33,0,0,33,33,597,0.9999
29634401,1769151144000,34,19,0,0,19,19,597,0.9999
29634402,1769151150000,19,34,0,0,34,34,597,0.9988
29634403,1769151156000,36,19,0,0,19,19,597,0.9981
29634404,1769151162000,19,36,0,0,36,36,596,0.9975
29634405,1769151168000,32,19,0,0,19,19,597,0.9991
29634406,1769151174000,17,32,0,0,32,32,597,0.9992
29634407,1769151180000,33,17,0,0,17,17,597,0.9995
29634408,1769151186000,20,33,0,0,33,33,597,0.999
29634409,1769151192000,33,20,0,0,20,20,597,0.9995
29634410,1769151198000,15,33,0,0,33,33,597,0.9994
29634411,1769151204000,32,15,0,0,15,15,597,0.9993
29634412,1769151210000,19,32,0,0,32,32,597,0.999
29634413,1769151216000,34,19,0,0,19,19,597,0.9999
29634414,1769151222000,19,34,0,0,34,34,597,0.9992
29634415,1769151228000,34,19,0,0,19,19,597,0.9995
29634416,1769151234000,19,34,0,0,34,34,597,0.9995
29634417,1769151240000,33,19,0,0,19,19,597,0.9993
29634418,1769151246000,19,33,0,0,33,33,597,0.9995
29634419,1769151252000,31,19,0,0,19,19,597,0.9986
29634420,1769151258000,20,31,0,0,31,31,597,0.9992
29634421,1769151264000,35,20,0,0,20,20,597,0.9985
29634422,1769151270000,19,35,0,0,35,35,597,0.9995
29634423,1769151276000,35,19,0,0,19,19,596,0.9994
29634424,1769151282000,17,35,0,0,35,35,597,0.9996
29634425,1769151288000,33,17,0,0,17,17,597,0.9991
29634426,1769151294000,18,33,0,0,33,33,597,0.9975
29634427,1769151300000,33,18,0,0,18,18,597,0.9996
29634428,1769151306000,17,33,0,0,33,33,597,0.9992
29634429,1769151312000,32,17,0,0,17,17,597,0.9997
29634430,1769151318000,19,32,0,0,32,32,597,0.9997
29634431,1769151324000,34,19,0,0,19,19,597,0.9993
29634432,1769151330000,19,34,0,0,34,34,597,0.9996
29634433,1769151336000,32,19,0,0,19,19,597,0.9989
29634434,1769151342000,20,32,0,0,32,32,597,0.9996
29634435,1769151348000,30,20,0,0,20,20,597,0.9997
29634436,1769151354000,16,30,0,0,30,30,597,0.9997
29634437,1769151360000,29,16,0,0,16,16,597,0.9994
29634438,1769151366000,16,29,0,0,29,29,597,0.9992
29634439,1769151372000,30,16,0,0,16,16,597,0.9998
29634440,1769151378000,18,30,0,0,30,30,597,0.9992
29634441,1769151384000,31,18,0,0,18,18,597,0.9991
29634442,1769151390000,16,31,0,0,31,31,597,0.9997
29634443,1769151396000,33,16,0,0,16,16,597,1
29634444,1769151402000,20,33,0,0,33,33,597,0.9994
29634445,1769151408000,33,20,0,0,20,20,597,0.9971
29634446,1769151414000,17,33,0,0,33,33,597,0.9978
29634447,1769151420000,30,17,0,0,17,17,597,0.9987
29634448,1769151426000,19,30,0,0,30,30,597,0.9997
29634449,1769151432000,31,19,0,0,19,19,597,0.9996
29634450,1769151438000,18,31,0,0,31,31,597,0.9989
29634451,1769151444000,32,18,0,0,18,18,597,0.9993
29634452,1769151450000,19,32,0,0,32,32,597,0.9993
29634453,1769151456000,33,19,0,0,19,19,597,0.9992
29634454,1769151462000,20,33,0,0,33,33,597,0.9994
29634455,1769151468000,31,20,0,0,20,20,597,0.9996
29634456,1769151474000,19,31,0,0,31,31,597,0.9997
29634457,1769151480000,32,19,0,0,19,19,597,0.9986
29634458,1769151486000,20,32,0,0,32,32,597,0.9995
29634459,1769151492000,33,20,0,0,20,20,597,0.9987
29634460,1769151498000,20,33,0,0,33,33,597,0.9982
29634461,1769151504000,32,20,0,0,20,20,597,0.999
29634462,1769151510000,18,32,0,0,32,32,597,0.9989
29634463,1769151516000,29,18,0,0,18,18,597,0.999
29634464,1769151522000,19,29,0,0,29,29,597,0.9993
29634465,1769151528000,31,19,0,0,19,19,597,0.9997
29634466,1769151534000,20,31,0,0,31,31,597,0.9995
29634467,1769151540000,33,20,0,0,20,20,597,0.9984
29634468,1769151546000,19,33,0,0,33,33,597,0.9998
29634469,1769151552000,32,19,0,0,19,19,597,0.9998
29634470,1769151558000,19,32,0,0,32,32,597,0.9996
29634471,1769151564000,31,19,0,0,19,19,597,0.9998
29634472,1769151570000,20,31,0,0,31,31,597,0.9997
29634473,1769151576000,33,20,0,0,20,20,597,0.9993
29634474,1769151582000,19,33,0,0,33,33,597,0.9995
29634475,1769151588000,33,19,0,0,19,19,597,0.9998
29634476,1769151594000,18,33,0,0,33,33,597,0.9996
29634477,1769151600000,32,18,0,0,18,18,597,0.9982
29634478,1769151606000,20,32,0,0,32,32,597,0.9998
29634479,1769151612000,34,20,0,0,20,20,597,0.9986
29634480,1769151618000,20,34,0,0,34,34,596,0.999
29634481,1769151624000,33,20,0,0,20,20,597,0.9996
29634482,1769151630000,18,33,0,0,33,33,597,0.9995
29634483,1769151636000,32,18,0,0,18,18,597,0.9995
29634484,1769151642000,19,32,0,0,32,32,597,0.9974
29634485,1769151648000,34,19,0,0,19,19,597,0.9996
29634486,1769151654000,20,34,0,0,34,34,597,0.9996
29634487,1769151660000,32,20,0,0,20,20,595,0.9995
29634488,1769151666000,18,32,0,0,32,32,597,0.9994
29634489,1769151672000,32,18,0,0,18,18,597,0.9995
29634490,1769151678000,17,32,0,0,32,32,597,0.9996
29634491,1769151684000,33,17,0,0,17,17,597,0.9985
29634492,1769151690000,18,33,0,0,33,33,597,0.9994
29634493,1769151696000,30,18,0,0,18,18,597,0.9998
29634494,1769151702000,17,30,0,0,30,30,597,0.9993
29634495,1769151708000,32,17,0,0,17,17,597,0.9987
29634496,1769151714000,18,32,0,0,32,32,597,0.9998
29634497,1769151720000,32,18,0,0,18,18,597,0.9996
29634498,1769151726000,19,32,0,0,32,32,597,0.9993
29634499,1769151732000,31,19,0,0,19,19,597,0.999
29634500,1769151738000,18,31,0,0,31,31,597,0.9997
29634501,1769151744000,30,18,0,0,18,18,597,0.9998
29634502,1769151750000,18,30,0,0,30,30,597,0.9994
29634503,1769151756000,32,18,0,0,18,18,597,0.9996
29634504,1769151762000,17,32,0,0,32,32,597,0.9999
29634505,1769151768000,33,17,0,0,17,17,597,0.9988
29634506,1769151774000,17,33,0,0,33,33,597,0.9994
29634507,1769151780000,31,17,0,0,17,17,597,0.9989
29634508,1769151786000,18,31,0,0,31,31,597,0.9991
29634509,1769151792000,32,18,0,0,18,18,597,0.9989
29634510,1769151798000,18,32,0,0,32,32,595,0.9996
29634511,1769151804000,34,18,0,0,18,18,597,0.9983
29634512,1769151810000,20,34,0,0,34,34,597,0.9994
29634513,1769151816000,32,20,0,0,20,20,597,0.9992
29634514,1769151822000,19,32,0,0,32,32,596,0.9987
29634515,1769151828000,32,19,0,0,19,19,597,0.9996
29634516,1769151834000,18,32,0,0,32,32,597,0.9997
29634517,1769151840000,34,18,0,0,18,18,597,0.9992
29634518,1769151846000,19,34,0,0,34,34,597,0.9992
29634519,1769151852000,31,19,0,0,19,19,597,1
29634520,1769151858000,19,31,0,0,31,31,597,0.9988
29634521,1769151864000,34,19,0,0,19,19,597,0.9994
29634522,1769151870000,21,34,0,0,34,34,597,0.999
29634523,1769151876000,31,21,0,0,21,21,597,0.999
29634524,1769151882000,17,31,0,0,31,31,597,0.9992
29634525,1769151888000,34,17,0,0,17,17,597,0.9986
29634526,1769151894000,21,34,0,0,34,34,597,0.9995
29634527,1769151900000,32,21,0,0,21,21,597,0.9994
29634528,1769151906000,18,32,0,0,32,32,597,0.9995
29634529,1769151912000,29,18,0,0,18,18,597,0.9996
29634530,1769151918000,21,29,0,0,29,29,597,0.9985
29634531,1769151924000,31,21,0,0,21,21,597,0.9989
29634532,1769151930000,21,31,0,0,31,31,597,0.9992
29634533,1769151936000,33,21,0,0,21,21,597,0.9998
29634534,1769151942000,20,33,0,0,33,33,597,0.9996
29634535,1769151948000,34,20,0,0,20,20,597,0.9997
29634536,1769151954000,18,34,0,0,34,34,597,0.9993
29634537,1769151960000,33,18,0,0,18,18,597,0.9993
29634538,1769151966000,19,33,0,0,33,33,597,0.9995
29634539,1769151972000,33,19,0,0,19,19,597,0.9995
29634540,1769151978000,20,33,0,0,33,33,597,0.9993
29634541,1769151984000,34,20,0,0,20,20,597,0.9997
29634542,1769151990000,20,34,0,0,34,34,597,0.999
29634543,1769151996000,33,20,0,0,20,20,597,0.9986
29634544,1769152002000,19,33,0,0,33,33,597,0.9995
29634545,1769152008000,34,19,0,0,19,19,597,0.9995
29634546,1769152014000,19,34,0,0,34,34,597,0.9988
29634547,1769152020000,31,19,0,0,19,19,597,0.9982
29634548,1769152026000,20,31,0,0,31,31,597,0.9992
29634549,1769152032000,31,20,0,0,20,20,597,0.9994
29634550,1769152038000,18,31,0,0,31,31,597,0.9984
29634551,1769152044000,33,18,0,0,18,18,597,0.9983
29634552,1769152050000,19,33,0,0,33,33,597,0.9988
29634553,1769152056000,34,19,0,0,19,19,597,0.9987
29634554,1769152062000,19,34,0,0,34,34,597,0.9991
29634555,1769152068000,31,19,0,0,19,19,597,0.9998
29634556,1769152074000,19,31,0,0,31,31,597,0.9985
29634557,1769152080000,30,19,0,0,19,19,597,0.9994
29634558,1769152086000,19,30,0,0,30,30,597,0.9993
29634559,1769152092000,27,19,0,0,19,19,597,0.9998
29634560,1769152098000,19,27,0,0,27,27,597,0.9994
29634561,1769152104000,30,19,0,0,19,19,597,0.9996
29634562,1769152110000,20,30,0,0,30,30,597,0.9997
29634563,1769152116000,34,20,0,0,20,20,597,0.9994
29634564,1769152122000,19,34,0,0,34,34,597,0.9998
29634565,1769152128000,34,19,0,0,19,19,597,0.9992
29634566,1769152134000,20,34,0,0,34,34,597,0.9991
29634567,1769152140000,31,20,0,0,20,20,597,0.9995
29634568,1769152146000,19,31,0,0,31,31,597,0.9988
29634569,1769152152000,33,19,0,0,19,19,597,0.9991
29634570,1769152158000,20,33,0,0,33,33,597,0.999
29634571,1769152164000,32,20,0,0,20,20,597,0.9995
29634572,1769152170000,20,32,0,0,32,32,597,0.9991
29634573,1769152176000,31,20,0,0,20,20,597,0.9992
29634574,1769152182000,20,31,0,0,31,31,597,0.9991
29634575,1769152188000,31,20,0,0,20,20,597,0.9992
29634576,1769152194000,20,31,0,0,31,31,597,0.9997
29634577,1769152200000,33,20,0,0,20,20,597,0.9989
29634578,1769152206000,21,33,0,0,33,33,597,0.999
29634579,1769152212000,30,21,0,0,21,21,597,0.9996
29634580,1769152218000,21,30,0,0,30,30,597,0.9995
29634581,1769152224000,32,21,0,0,21,21,597,0.9995
29634582,1769152230000,21,32,0,0,32,32,597,0.9998
29634583,1769152236000,31,21,0,0,21,21,597,0.9996
29634584,1769152242000,21,31,0,0,31,31,597,0.9991
29634585,1769152248000,32,21,0,0,21,21,597,0.9995
29634586,1769152254000,19,32,0,0,32,32,597,0.9998
29634587,1769152260000,28,19,0,0,19,19,597,0.999
29634588,1769152266000,17,28,0,0,28,28,597,0.9987
29634589,1769152272000,27,17,0,0,17,17,597,0.9993
29634590,1769152278000,19,27,0,0,27,27,597,0.9996
29634591,1769152284000,29,19,0,0,19,19,597,0.9993
29634592,1769152290000,20,29,0,0,29,29,597,0.999
29634593,1769152296000,31,20,0,0,20,20,597,0.9992
29634594,1769152302000,22,31,0,0,31,31,597,0.9995
29634595,1769152308000,32,22,0,0,22,22,597,0.9993
29634596,1769152314000,21,32,0,0,32,32,597,0.9996
29634597,1769152320000,27,21,0,0,21,21,597,0.9989
29634598,1769152326000,19,27,0,0,27,27,597,0.9993
29634599,1769152332000,28,19,0,0,19,19,597,0.9986
29634600,1769152338000,21,28,0,0,28,28,597,0.9992
29634601,1769152344000,23,21,0,0,21,21,596,0.999
29634602,1769152350000,28,23,0,0,23,23,597,0.9994
29634603,1769152356000,25,28,0,0,28,28,597,0.9987
29634604,1769152362000,26,25,0,0,25,25,597,0.9984
29634605,1769152368000,28,26,0,0,26,26,597,0.999
29634606,1769152374000,25,28,0,0,28,28,597,0.9996
29634607,1769152380000,26,25,0,0,25,25,597,0.999
29634608,1769152386000,24,26,0,0,26,26,595,0.998
29634609,1769152392000,26,24,0,0,24,24,597,0.9991
29634610,1769152398000,22,26,0,0,26,26,597,0.9995
29634611,1769152404000,28,22,0,0,22,22,597,0.9995
29634612,1769152410000,30,28,0,0,28,28,597,0.9966
29634613,1769152416000,26,30,0,0,30,30,597,0.9982
29634614,1769152422000,27,26,0,0,26,26,597,0.9989
29634615,1769152428000,21,27,0,0,27,27,596,0.9984
29634616,1769152434000,27,21,0,0,21,21,597,0.999
29634617,1769152440000,21,27,0,0,27,27,597,0.9983
29634618,1769152446000,25,21,0,0,21,21,597,0.9995
29634619,1769152452000,24,25,0,0,25,25,597,0.9993
29634620,1769152458000,30,24,0,0,24,24,597,0.9997
29634621,1769152464000,21,30,0,0,30,30,597,0.9997
29634622,1769152470000,30,21,0,0,21,21,596,0.999
29634623,1769152476000,22,30,0,0,30,30,597,0.9998
29634624,1769152482000,30,22,0,0,22,22,597,0.9977
29634625,1769152488000,25,30,0,0,30,30,597,0.9993
29634626,1769152494000,27,25,0,0,25,25,597,0.9989
29634627,1769152500000,24,27,0,0,27,27,597,0.9997
29634628,1769152506000,28,24,0,0,24,24,597,0.9996
29634629,1769152512000,25,28,0,0,28,28,597,0.9984
29634630,1769152518000,30,25,0,0,25,25,597,0.999
29634631,1769152524000,24,30,0,0,30,30,597,0.9998
29634632,1769152530000,28,24,0,0,24,24,597,0.9986
29634633,1769152536000,25,28,0,0,28,28,597,0.9986
29634634,1769152542000,28,25,0,0,25,25,597,0.9974
29634635,1769152548000,24,28,0,0,28,28,597,0.999
29634636,1769152554000,29,24,0,0,24,24,593,0.9985
29634637,1769152560000,26,29,0,0,29,29,597,0.9992
29634638,1769152566000,27,26,0,0,26,26,597,0.9987
29634639,1769152572000,25,27,0,0,27,27,597,0.9998
29634640,1769152578000,27,25,0,0,25,25,597,0.9997
29634641,1769152584000,27,27,0,0,27,27,597,0.9998
29634642,1769152590000,24,27,0,0,27,27,597,0.9993
29634643,1769152596000,25,24,0,0,24,24,597,0.9976
29634644,1769152602000,26,25,0,0,25,25,597,0.9991
29634645,1769152608000,26,26,0,0,26,26,597,0.9996
29634646,1769152614000,24,26,0,0,26,26,597,0.9992
29634647,1769152620000,25,24,0,0,24,24,597,0.9989
29634648,1769152626000,25,25,0,0,25,25,597,0.9984
29634649,1769152632000,23,25,0,0,25,25,597,0.9994
29634650,1769152638000,24,23,0,0,23,23,597,0.9999
29634651,1769152644000,23,24,0,0,24,24,597,0.9999
29634652,1769152650000,25,23,0,0,23,23,597,0.9992
29634653,1769152656000,26,25,0,0,25,25,597,0.9994
29634654,1769152662000,25,26,0,0,26,26,597,0.9995
29634655,1769152668000,27,25,0,0,25,25,597,0.9985
29634656,1769152674000,23,27,0,0,27,27,597,0.9997
29634657,1769152680000,22,23,0,0,23,23,597,0.9996
29634658,1769152686000,27,22,0,0,22,22,597,0.9997
29634659,1769152692000,25,27,0,0,27,27,597,0.9997
29634660,1769152698000,28,25,0,0,25,25,596,0.9995
29634661,1769152704000,24,28,0,0,28,28,597,0.9998
29634662,1769152710000,24,24,0,0,24,24,597,0.9989
29634663,1769152716000,23,24,0,0,24,24,597,0.9994
29634664,1769152722000,28,23,0,0,23,23,597,0.9989
29634665,1769152728000,27,28,0,0,28,28,597,0.9999
29634666,1769152734000,26,27,0,0,27,27,597,0.9988
29634667,1769152740000,27,26,0,0,26,26,597,0.9997
29634668,1769152746000,27,27,0,0,27,27,597,0.9984
29634669,1769152752000,26,27,0,0,27,27,597,0.9986
29634670,1769152758000,28,26,0,0,26,26,597,0.9994
29634671,1769152764000,26,28,0,0,28,28,597,0.9996
29634672,1769152770000,28,26,0,0,26,26,597,0.9995
29634673,1769152776000,27,28,0,0,28,28,597,0.9986
29634674,1769152782000,27,27,0,0,27,27,597,0.9989
29634675,1769152788000,25,27,0,0,27,27,597,0.9992
29634676,1769152794000,27,25,0,0,25,25,597,0.9992
29634677,1769152800000,25,27,0,0,27,27,597,0.9996
29634678,1769152806000,27,25,0,0,25,25,597,0.9995
29634679,1769152812000,27,27,0,0,27,27,597,0.9997
29634680,1769152818000,27,27,0,0,27,27,595,0.9998
29634681,1769152824000,25,27,0,0,27,27,597,0.9993
29634682,1769152830000,26,25,0,0,25,25,597,0.9994
29634683,1769152836000,27,26,0,0,26,26,597,0.9997
29634684,1769152842000,28,27,0,0,27,27,597,0.9994
29634685,1769152848000,25,28,0,0,28,28,597,0.9988
29634686,1769152854000,23,25,0,0,25,25,597,0.9983
29634687,1769152860000,24,23,0,0,23,23,597,0.9994
29634688,1769152866000,26,24,0,0,24,24,596,0.9994
29634689,1769152872000,24,26,0,0,26,26,597,0.9993
29634690,1769152878000,24,24,0,0,24,24,597,0.9998
29634691,1769152884000,24,24,0,0,24,24,597,0.9999
29634692,1769152890000,24,24,0,0,24,24,597,0.9992
29634693,1769152896000,22,24,0,0,24,24,597,0.9998
29634694,1769152902000,25,22,0,0,22,22,597,0.9994
29634695,1769152908000,26,25,0,0,25,25,597,0.9997
29634696,1769152914000,24,26,0,0,26,26,597,0.9993
29634697,1769152920000,26,24,0,0,24,24,597,0.9998
29634698,1769152926000,23,26,0,0,26,26,597,0.9994
29634699,1769152932000,26,23,0,0,23,23,597,0.9998
29634700,1769152938000,25,26,0,0,26,26,597,0.9991
29634701,1769152944000,27,25,0,0,25,25,597,0.9996
29634702,1769152950000,25,27,0,0,27,27,597,0.9991
29634703,1769152956000,28,25,0,0,25,25,597,0.9989
29634704,1769152962000,26,28,0,0,28,28,597,0.9984
29634705,1769152968000,26,26,0,0,26,26,596,0.9977
29634706,1769152974000,24,26,0,0,26,26,597,0.999
29634707,1769152980000,25,24,0,0,24,24,597,0.998
29634708,1769152986000,27,25,0,0,25,25,597,0.9997
29634709,1769152992000,24,27,0,0,27,27,597,0.9982
29634710,1769152998000,29,24,0,0,24,24,597,0.9994
29634711,1769153004000,24,29,0,0,29,29,597,0.9988
29634712,1769153010000,25,24,0,0,24,24,597,0.9987
29634713,1769153016000,27,25,0,0,25,25,597,0.9993
29634714,1769153022000,24,27,0,0,27,27,597,0.9997
29634715,1769153028000,25,24,0,0,24,24,596,0.9998
29634716,1769153034000,24,25,0,0,25,25,597,0.9989
29634717,1769153040000,25,24,0,0,24,24,596,0.9997
29634718,1769153046000,26,25,0,0,25,25,596,0.9997
29634719,1769153052000,26,26,0,0,26,26,597,0.9991
29634720,1769153058000,27,26,0,0,26,26,596,0.9997
29634721,1769153064000,24,27,0,0,27,27,596,0.9999
29634722,1769153070000,25,24,0,0,24,24,597,0.9991
29634723,1769153076000,27,25,0,0,25,25,596,0.9982
29634724,1769153082000,25,27,0,0,27,27,596,0.999
29634725,1769153088000,22,25,0,0,25,25,596,0.9996
29634726,1769153094000,24,22,0,0,22,22,596,1
29634727,1769153100000,25,24,0,0,24,24,597,0.9998
29634728,1769153106000,25,25,0,0,25,25,597,0.9995
29634729,1769153112000,23,25,0,0,25,25,597,0.999
29634730,1769153118000,23,23,0,0,23,23,597,0.9993
29634731,1769153124000,25,23,0,0,23,23,594,0.9988
29634732,1769153130000,27,25,0,0,25,25,597,0.9989
29634733,1769153136000,23,27,0,0,27,27,597,0.9988
29634734,1769153142000,24,23,0,0,23,23,597,0.9996
29634735,1769153148000,24,24,0,0,24,24,597,0.9995
29634736,1769153154000,25,24,0,0,24,24,597,0.999
29634737,1769153160000,26,25,0,0,25,25,597,0.9995
29634738,1769153166000,25,26,0,0,26,26,597,0.999
29634739,1769153172000,29,25,0,0,25,25,597,0.9971
29634740,1769153178000,24,29,0,0,29,29,597,0.9981
29634741,1769153184000,25,24,0,0,24,24,596,0.9998
29634742,1769153190000,27,25,0,0,25,25,597,0.9992
29634743,1769153196000,27,27,0,0,27,27,592,0.9998
29634744,1769153202000,28,27,0,0,27,27,596,0.9997
29634745,1769153208000,28,28,0,0,28,28,596,0.9993
29634746,1769153214000,26,28,0,0,28,28,597,0.9996
29634747,1769153220000,23,26,0,0,26,26,596,0.9997
29634748,1769153226000,28,23,0,0,23,23,596,0.9996
29634749,1769153232000,25,28,0,0,28,28,596,0.9999
29634750,1769153238000,29,25,0,0,25,25,596,0.9997
29634751,1769153244000,25,29,0,0,29,29,596,1
29634752,1769153250000,27,25,0,0,25,25,595,0.9997
29634753,1769153256000,26,27,0,0,27,27,596,1
29634754,1769153262000,25,26,0,0,26,26,596,0.9995
29634755,1769153268000,24,25,0,0,25,25,596,0.9994
29634756,1769153274000,26,24,0,0,24,24,596,0.9999
29634757,1769153280000,24,26,0,0,26,26,596,0.9997
29634758,1769153286000,25,24,0,0,24,24,596,0.9999
29634759,1769153292000,25,25,0,0,25,25,596,0.9999
29634760,1769153298000,27,25,0,0,25,25,596,0.9999
29634761,1769153304000,22,27,0,0,27,27,596,0.9994
29634762,1769153310000,26,22,0,0,22,22,595,0.9995
29634763,1769153316000,25,26,0,0,26,26,596,0.9996
29634764,1769153322000,26,25,0,0,25,25,596,0.9995
29634765,1769153328000,25,26,0,0,26,26,596,0.9999
29634766,1769153334000,29,25,0,0,25,25,596,0.9997
29634767,1769153340000,26,29,0,0,29,29,596,0.9993
29634768,1769153346000,28,26,0,0,26,26,596,0.9998
29634769,1769153352000,26,28,0,0,28,28,596,0.9998
29634770,1769153358000,26,26,0,0,26,26,596,0.9999
29634771,1769153364000,24,26,0,0,26,26,596,0.9995
29634772,1769153370000,28,24,0,0,24,24,596,0.9996
29634773,1769153376000,27,28,0,0,28,28,596,0.9998
29634774,1769153382000,28,27,0,0,27,27,596,0.9999
29634775,1769153388000,28,28,0,0,28,28,596,0.9997
29634776,1769153394000,24,28,0,0,28,28,597,0.9989
29634777,1769153400000,0,24,0,0,24,24,597,0.999
29634778,1769153406000,19,0,0,0,0,0,465,0
29634779,1769153412000,25,19,0,0,19,19,593,0.9951
29634780,1769153418000,23,25,0,0,25,25,593,0.992
29634781,1769153424000,25,23,0,0,23,23,595,0.9944
29634782,1769153430000,25,25,0,0,25,25,587,0.9958
29634783,1769153436000,28,25,0,0,25,25,589,0.9957
29634784,1769153442000,26,28,0,0,28,28,590,0.9946
29634785,1769153448000,27,26,0,0,26,26,592,0.9947
29634786,1769153454000,25,27,0,0,27,27,592,0.9969
29634787,1769153460000,27,25,0,0,25,25,593,0.9983
29634788,1769153466000,26,27,0,0,27,27,594,0.9982
29634789,1769153472000,26,26,0,0,26,26,595,0.9992
29634790,1769153478000,26,26,0,0,26,26,595,0.997
29634791,1769153484000,26,26,0,0,26,26,596,0.999
29634792,1769153490000,24,26,0,0,26,26,596,0.9985
29634793,1769153496000,26,24,0,0,24,24,594,0.9995
29634794,1769153502000,23,26,0,0,26,26,593,0.9991
29634795,1769153508000,26,23,0,0,23,23,595,0.9977
29634796,1769153514000,23,26,0,0,26,26,596,0.9995
29634797,1769153520000,29,23,0,0,23,23,596,0.9996
29634798,1769153526000,25,29,0,0,29,29,596,0.9996
29634799,1769153532000,24,25,0,0,25,25,596,0.999
29634800,1769153538000,25,24,0,0,24,24,597,0.9997
29634801,1769153544000,28,25,0,0,25,25,597,0.9995
29634802,1769153550000,27,28,0,0,28,28,597,0.999
29634803,1769153556000,26,27,0,0,27,27,597,0.9984
29634804,1769153562000,27,26,0,0,26,26,597,0.9989
29634805,1769153568000,26,27,0,0,27,27,597,0.9982
29634806,1769153574000,26,26,0,0,26,26,597,0.9976
29634807,1769153580000,27,26,0,0,26,26,597,0.9991
29634808,1769153586000,26,27,0,0,27,27,597,0.9988
29634809,1769153592000,27,26,0,0,26,26,597,0.9985
29634810,1769153598000,24,27,0,0,27,27,596,0.9987
29634811,1769153604000,24,24,0,0,24,24,596,0.999
29634812,1769153610000,25,24,0,0,24,24,597,0.999
29634813,1769153616000,25,25,0,0,25,25,596,0.9987
29634814,1769153622000,24,25,0,0,25,25,596,0.9994
29634815,1769153628000,25,24,0,0,24,24,597,0.999
29634816,1769153634000,25,25,0,0,25,25,596,0.9994
29634817,1769153640000,23,25,0,0,25,25,597,0.9988
29634818,1769153646000,26,23,0,0,23,23,596,0.999
29634819,1769153652000,27,26,0,0,26,26,596,0.9992
29634820,1769153658000,26,27,0,0,27,27,596,0.9996
29634821,1769153664000,26,26,0,0,26,26,596,0.9981
29634822,1769153670000,24,26,0,0,26,26,596,0.9998
29634823,1769153676000,27,24,0,0,24,24,596,0.9992
29634824,1769153682000,25,27,0,0,27,27,597,0.9978
29634825,1769153688000,28,25,0,0,25,25,597,0.9958
29634826,1769153694000,25,28,0,0,28,28,596,0.999
29634827,1769153700000,25,25,0,0,25,25,596,0.9995
29634828,1769153706000,26,25,0,0,25,25,596,0.9993
29634829,1769153712000,24,26,0,0,26,26,596,0.9994
29634830,1769153718000,27,24,0,0,24,24,596,0.9992
29634831,1769153724000,24,27,0,0,27,27,597,0.9995
29634832,1769153730000,27,24,0,0,24,24,597,0.9985
29634833,1769153736000,22,27,0,0,27,27,597,0.9987
29634834,1769153742000,25,22,0,0,22,22,597,0.999
29634835,1769153748000,23,25,0,0,25,25,596,0.9987
29634836,1769153754000,26,23,0,0,23,23,543,0.999
29634837,1769153760000,24,26,0,0,26,26,596,0.9972
29634838,1769153766000,25,24,0,0,24,24,596,0.9987
29634839,1769153772000,22,25,0,0,25,25,596,0.9998
29634840,1769153778000,24,22,0,0,22,22,594,0.9989
29634841,1769153784000,25,24,0,0,24,24,596,0.9981
29634842,1769153790000,27,25,0,0,25,25,596,0.9998
29634843,1769153796000,26,27,0,0,27,27,597,0.997
29634844,1769153802000,27,26,0,0,26,26,596,0.9975
29634845,1769153808000,22,27,0,0,27,27,596,0.9976
29634846,1769153814000,26,22,0,0,22,22,596,0.9993
29634847,1769153820000,25,26,0,0,26,26,596,0.9991
29634848,1769153826000,26,25,0,0,25,25,597,0.9985
29634849,1769153832000,24,26,0,0,26,26,597,0.9987
29634850,1769153838000,29,24,0,0,24,24,595,0.9988
29634851,1769153844000,26,29,0,0,29,29,596,0.9992
29634852,1769153850000,28,26,0,0,26,26,597,0.9983
29634853,1769153856000,25,28,0,0,28,28,597,0.9996
29634854,1769153862000,27,25,0,0,25,25,596,0.9994
29634855,1769153868000,24,27,0,0,27,27,596,0.9998
29634856,1769153874000,27,24,0,0,24,24,596,0.9994
29634857,1769153880000,21,27,0,0,27,27,596,0.9996
29634858,1769153886000,30,21,0,0,21,21,596,0.999
29634859,1769153892000,21,30,0,0,30,30,596,0.9997
29634860,1769153898000,31,21,0,0,21,21,597,0.9992
29634861,1769153904000,23,31,0,0,31,31,597,0.9992
29634862,1769153910000,33,23,0,0,23,23,597,0.9987
29634863,1769153916000,20,33,0,0,33,33,597,0.999
29634864,1769153922000,30,20,0,0,20,20,597,0.9989
29634865,1769153928000,22,30,0,0,30,30,597,0.9996
29634866,1769153934000,31,22,0,0,22,22,597,0.9989
29634867,1769153940000,23,31,0,0,31,31,597,0.9982
29634868,1769153946000,31,23,0,0,23,23,597,0.9973
29634869,1769153952000,22,31,0,0,31,31,597,0.9995
29634870,1769153958000,27,22,0,0,22,22,597,0.9992
29634871,1769153964000,22,27,0,0,27,27,597,0.9994
29634872,1769153970000,30,22,0,0,22,22,597,0.9993
29634873,1769153976000,21,30,0,0,30,30,597,0.9973
29634874,1769153982000,27,21,0,0,21,21,597,0.9972
29634875,1769153988000,22,27,0,0,27,27,597,0.9995
29634876,1769153994000,29,22,0,0,22,22,597,0.9996
29634877,1769154000000,23,29,0,0,29,29,596,0.9994
29634878,1769154006000,2,23,0,0,23,23,597,0.9993
29634879,1769154012000,34,2,0,0,2,2,596,0.9992
29634880,1769154018000,21,34,0,0,34,34,597,0.9982
29634881,1769154024000,32,21,0,0,21,21,597,0.9994
29634882,1769154030000,22,32,0,0,32,32,597,0.9997
29634883,1769154036000,31,22,0,0,22,22,597,0.9991
29634884,1769154042000,21,31,0,0,31,31,597,0.9997
29634885,1769154048000,31,21,0,0,21,21,597,0.997
29634886,1769154054000,22,31,0,0,31,31,597,0.9997
29634887,1769154060000,31,22,0,0,22,22,597,0.9981
29634888,1769154066000,24,31,0,0,31,31,597,0.9994
29634889,1769154072000,30,24,0,0,24,24,597,0.9991
29634890,1769154078000,25,30,0,0,30,30,597,0.998
29634891,1769154084000,29,25,0,0,25,25,597,0.9975
29634892,1769154090000,24,29,0,0,29,29,597,0.9985
29634893,1769154096000,29,24,0,0,24,24,597,0.9997
29634894,1769154102000,23,29,0,0,29,29,597,0.9991
29634895,1769154108000,29,23,0,0,23,23,597,0.9991
29634896,1769154114000,25,29,0,0,29,29,597,0.9992
29634897,1769154120000,29,25,0,0,25,25,597,0.9989
29634898,1769154126000,24,29,0,0,29,29,597,0.9997
29634899,1769154132000,27,24,0,0,24,24,597,0.9999
29634900,1769154138000,24,27,0,0,27,27,597,0.9976
29634901,1769154144000,30,24,0,0,24,24,597,0.9991
29634902,1769154150000,26,30,0,0,30,30,597,0.9986
29634903,1769154156000,30,26,0,0,26,26,597,0.9983
29634904,1769154162000,23,30,0,0,30,30,597,0.9989
29634905,1769154168000,29,23,0,0,23,23,597,0.9981
29634906,1769154174000,24,29,0,0,29,29,597,0.9989
29634907,1769154180000,28,24,0,0,24,24,596,0.9992
29634908,1769154186000,22,28,0,0,28,28,597,0.9978
29634909,1769154192000,28,22,0,0,22,22,597,0.9962
29634910,1769154198000,22,28,0,0,28,28,597,0.9986
29634911,1769154204000,28,22,0,0,22,22,597,0.9994
29634912,1769154210000,23,28,0,0,28,28,597,0.9991
29634913,1769154216000,27,23,0,0,23,23,597,0.9991
29634914,1769154222000,20,27,0,0,27,27,597,0.998
29634915,1769154228000,25,20,0,0,20,20,597,0.9977
29634916,1769154234000,23,25,0,0,25,25,597,0.9979
29634917,1769154240000,28,23,0,0,23,23,596,0.9985
29634918,1769154246000,22,28,0,0,28,28,597,0.9984
29634919,1769154252000,27,22,0,0,22,22,597,0.9994
29634920,1769154258000,25,27,0,0,27,27,597,0.9992
29634921,1769154264000,30,25,0,0,25,25,596,0.9995
29634922,1769154270000,25,30,0,0,30,30,597,0.9992
29634923,1769154276000,29,25,0,0,25,25,597,0.9995
29634924,1769154282000,23,29,0,0,29,29,597,0.9989
29634925,1769154288000,30,23,0,0,23,23,597,0.9994
29634926,1769154294000,25,30,0,0,30,30,597,0.9985
29634927,1769154300000,28,25,0,0,25,25,597,0.9988
29634928,1769154306000,26,28,0,0,28,28,597,0.9994
29634929,1769154312000,28,26,0,0,26,26,597,0.9995
29634930,1769154318000,25,28,0,0,28,28,597,0.9992
29634931,1769154324000,28,25,0,0,25,25,597,0.9994
29634932,1769154330000,25,28,0,0,28,28,597,0.9995
29634933,1769154336000,26,25,0,0,25,25,596,0.9991
29634934,1769154342000,23,26,0,0,26,26,597,0.9995
29634935,1769154348000,26,23,0,0,23,23,597,0.9993
29634936,1769154354000,22,26,0,0,26,26,597,0.9989
29634937,1769154360000,27,22,0,0,22,22,597,0.9989
29634938,1769154366000,25,27,0,0,27,27,597,0.9982
29634939,1769154372000,29,25,0,0,25,25,597,0.9984
29634940,1769154378000,21,29,0,0,29,29,597,0.9987
29634941,1769154384000,29,21,0,0,21,21,597,0.9986
29634942,1769154390000,19,29,0,0,29,29,597,0.999
29634943,1769154396000,29,19,0,0,19,19,597,0.9992
29634944,1769154402000,19,29,0,0,29,29,597,0.999
29634945,1769154408000,31,19,0,0,19,19,597,0.9996
29634946,1769154414000,16,31,0,0,31,31,597,0.9983
29634947,1769154420000,27,16,0,0,16,16,597,0.9996
29634948,1769154426000,20,27,0,0,27,27,597,0.999
29634949,1769154432000,31,20,0,0,20,20,597,0.9996
29634950,1769154438000,22,31,0,0,31,31,597,0.9981
29634951,1769154444000,30,22,0,0,22,22,597,0.9989
29634952,1769154450000,22,30,0,0,30,30,597,0.9989
29634953,1769154456000,29,22,0,0,22,22,597,0.9991
29634954,1769154462000,22,29,0,0,29,29,597,0.9988
29634955,1769154468000,31,22,0,0,22,22,597,0.9992
29634956,1769154474000,23,31,0,0,31,31,597,0.9989
29634957,1769154480000,28,23,0,0,23,23,597,0.9989
29634958,1769154486000,21,28,0,0,28,28,597,0.9996
29634959,1769154492000,31,21,0,0,21,21,597,0.9993
29634960,1769154498000,21,31,0,0,31,31,597,0.9996
29634961,1769154504000,31,21,0,0,21,21,597,0.999
29634962,1769154510000,22,31,0,0,31,31,597,0.9994
29634963,1769154516000,31,22,0,0,22,22,597,0.9995
29634964,1769154522000,22,31,0,0,31,31,597,0.9992
29634965,1769154528000,30,22,0,0,22,22,597,0.9993
29634966,1769154534000,21,30,0,0,30,30,597,0.9993
29634967,1769154540000,31,21,0,0,21,21,597,0.9995
29634968,1769154546000,21,31,0,0,31,31,597,0.9994
29634969,1769154552000,32,21,0,0,21,21,597,0.9998
29634970,1769154558000,20,32,0,0,32,32,597,0.9985
29634971,1769154564000,30,20,0,0,20,20,597,0.9991
29634972,1769154570000,22,30,0,0,30,30,597,0.9991
29634973,1769154576000,31,22,0,0,22,22,597,0.999
29634974,1769154582000,17,31,0,0,31,31,597,0.9995
29634975,1769154588000,32,17,0,0,17,17,597,0.9988
29634976,1769154594000,19,32,0,0,32,32,597,0.9995
29634977,1769154600000,30,19,0,0,19,19,597,0.9988
29634978,1769154606000,19,30,0,0,30,30,597,0.9985
29634979,1769154612000,34,19,0,0,19,19,597,0.9998
29634980,1769154618000,19,34,0,0,34,34,597,0.9991
29634981,1769154624000,30,19,0,0,19,19,597,0.9995
29634982,1769154630000,19,30,0,0,30,30,597,0.9992
29634983,1769154636000,26,19,0,0,19,19,597,0.9995
29634984,1769154642000,20,26,0,0,26,26,597,0.9995
29634985,1769154648000,30,20,0,0,20,20,597,0.999
29634986,1769154654000,20,30,0,0,30,30,597,0.9996
29634987,1769154660000,33,20,0,0,20,20,596,0.9993
29634988,1769154666000,20,33,0,0,33,33,597,0.9994
29634989,1769154672000,30,20,0,0,20,20,597,0.9997
29634990,1769154678000,21,30,0,0,30,30,597,0.9995
29634991,1769154684000,31,21,0,0,21,21,597,0.9989
29634992,1769154690000,20,31,0,0,31,31,597,0.9985
29634993,1769154696000,32,20,0,0,20,20,597,0.9992
29634994,1769154702000,20,32,0,0,32,32,597,0.9988
29634995,1769154708000,32,20,0,0,20,20,597,0.9992
29634996,1769154714000,20,32,0,0,32,32,596,0.9988
29634997,1769154720000,33,20,0,0,20,20,597,0.9987
29634998,1769154726000,19,33,0,0,33,33,597,0.9993
29634999,1769154732000,29,19,0,0,19,19,597,0.9988
29635000,1769154738000,21,29,0,0,29,29,597,0.9991
29635001,1769154744000,31,21,0,0,21,21,597,0.9994
29635002,1769154750000,23,31,0,0,31,31,597,0.9993
29635003,1769154756000,30,23,0,0,23,23,597,0.9991
29635004,1769154762000,22,30,0,0,30,30,595,0.9997
29635005,1769154768000,28,22,0,0,22,22,597,0.9996
29635006,1769154774000,22,28,0,0,28,28,595,0.999
29635007,1769154780000,31,22,0,0,22,22,597,0.9995
29635008,1769154786000,24,31,0,0,31,31,597,0.9985
29635009,1769154792000,30,24,0,0,24,24,597,0.9997
29635010,1769154798000,21,30,0,0,30,30,597,0.9984
29635011,1769154804000,28,21,0,0,21,21,597,0.9993
29635012,1769154810000,21,28,0,0,28,28,597,0.9992
29635013,1769154816000,28,21,0,0,21,21,597,0.9997
29635014,1769154822000,22,28,0,0,28,28,597,0.9996
29635015,1769154828000,25,22,0,0,22,22,597,0.9994
29635016,1769154834000,21,25,0,0,25,25,597,0.9995
29635017,1769154840000,29,21,0,0,21,21,597,0.997
29635018,1769154846000,19,29,0,0,29,29,597,0.999
29635019,1769154852000,24,19,0,0,19,19,597,0.9992
29635020,1769154858000,22,24,0,0,24,24,596,0.9993
29635021,1769154864000,30,22,0,0,22,22,597,0.9986
29635022,1769154870000,22,30,0,0,30,30,597,0.9998
29635023,1769154876000,28,22,0,0,22,22,597,0.9994
29635024,1769154882000,22,28,0,0,28,28,597,0.9989
29635025,1769154888000,28,22,0,0,22,22,597,0.9996
29635026,1769154894000,21,28,0,0,28,28,597,0.9992
29635027,1769154900000,29,21,0,0,21,21,597,0.9988
29635028,1769154906000,22,29,0,0,29,29,597,0.9987
29635029,1769154912000,30,22,0,0,22,22,597,0.9995
29635030,1769154918000,20,30,0,0,30,30,597,0.9994
29635031,1769154924000,29,20,0,0,20,20,597,0.9993
29635032,1769154930000,19,29,0,0,29,29,597,0.9988
29635033,1769154936000,33,19,0,0,19,19,597,0.9991
29635034,1769154942000,21,33,0,0,33,33,597,0.999
29635035,1769154948000,32,21,0,0,21,21,597,0.9981
29635036,1769154954000,21,32,0,0,32,32,597,0.999
29635037,1769154960000,29,21,0,0,21,21,597,0.9996
29635038,1769154966000,22,29,0,0,29,29,596,0.9997
29635039,1769154972000,30,22,0,0,22,22,597,0.9992
29635040,1769154978000,22,30,0,0,30,30,597,0.9987
29635041,1769154984000,32,22,0,0,22,22,597,0.9986
29635042,1769154990000,22,32,0,0,32,32,597,0.9985
29635043,1769154996000,29,22,0,0,22,22,597,0.9992
29635044,1769155002000,20,29,0,0,29,29,597,0.9993
29635045,1769155008000,32,20,0,0,20,20,597,0.998
29635046,1769155014000,18,32,0,0,32,32,597,0.999
29635047,1769155020000,33,18,0,0,18,18,597,0.9993
29635048,1769155026000,20,33,0,0,33,33,597,0.9994
29635049,1769155032000,31,20,0,0,20,20,597,0.9995
29635050,1769155038000,22,31,0,0,31,31,597,0.9995
29635051,1769155044000,31,22,0,0,22,22,597,0.9995
29635052,1769155050000,19,31,0,0,31,31,597,0.9992
29635053,1769155056000,30,19,0,0,19,19,597,0.9996
29635054,1769155062000,20,30,0,0,30,30,597,0.9992
29635055,1769155068000,30,20,0,0,20,20,597,0.9992
29635056,1769155074000,20,30,0,0,30,30,597,0.9987
29635057,1769155080000,32,20,0,0,20,20,597,0.9993
29635058,1769155086000,0,32,0,0,32,32,597,0.9994
29635059,1769155092000,35,0,0,0,0,0,597,0
29635060,1769155098000,20,35,0,0,35,35,597,0.9992
29635061,1769155104000,33,20,0,0,20,20,597,0.9992
29635062,1769155110000,19,33,0,0,33,33,597,0.9997
29635063,1769155116000,33,19,0,0,19,19,596,0.9992
29635064,1769155122000,18,33,0,0,33,33,597,0.9989
29635065,1769155128000,31,18,0,0,18,18,597,0.9986
29635066,1769155134000,22,31,0,0,31,31,597,0.9988
29635067,1769155140000,30,22,0,0,22,22,597,0.999
29635068,1769155146000,24,30,0,0,30,30,597,0.9993
29635069,1769155152000,30,24,0,0,24,24,597,0.9997
29635070,1769155158000,22,30,0,0,30,30,597,0.9993
29635071,1769155164000,31,22,0,0,22,22,597,0.9992
29635072,1769155170000,21,31,0,0,31,31,596,0.9981
29635073,1769155176000,29,21,0,0,21,21,597,0.9987
29635074,1769155182000,21,29,0,0,29,29,597,0.9993
29635075,1769155188000,30,21,0,0,21,21,597,0.9994
29635076,1769155194000,24,30,0,0,30,30,597,0.9993
29635077,1769155200000,29,24,0,0,24,24,597,0.9994
29635078,1769155206000,19,29,0,0,29,29,596,0.999
29635079,1769155212000,29,19,0,0,19,19,597,0.9968
29635080,1769155218000,22,29,0,0,29,29,596,0.9991
29635081,1769155224000,29,22,0,0,22,22,597,0.9986
29635082,1769155230000,19,29,0,0,29,29,597,0.9992
29635083,1769155236000,29,19,0,0,19,19,597,0.9993
29635084,1769155242000,19,29,0,0,29,29,597,0.9994
29635085,1769155248000,25,19,0,0,19,19,597,0.999
29635086,1769155254000,22,25,0,0,25,25,597,0.9991
29635087,1769155260000,27,22,0,0,22,22,597,0.9995
29635088,1769155266000,22,27,0,0,27,27,597,0.9995
29635089,1769155272000,30,22,0,0,22,22,597,0.9993
29635090,1769155278000,22,30,0,0,30,30,597,0.9984
29635091,1769155284000,28,22,0,0,22,22,597,0.9989
29635092,1769155290000,20,28,0,0,28,28,597,0.9992
29635093,1769155296000,25,20,0,0,20,20,597,0.9988
29635094,1769155302000,19,25,0,0,25,25,597,0.9985
29635095,1769155308000,25,19,0,0,19,19,597,0.9996
29635096,1769155314000,20,25,0,0,25,25,597,0.9997
29635097,1769155320000,30,20,0,0,20,20,597,0.9993
29635098,1769155326000,26,30,0,0,30,30,597,0.9996
29635099,1769155332000,30,26,0,0,26,26,597,0.9987
29635100,1769155338000,24,30,0,0,30,30,597,0.9994
29635101,1769155344000,28,24,0,0,24,24,597,0.9995
29635102,1769155350000,23,28,0,0,28,28,597,0.9992
29635103,1769155356000,27,23,0,0,23,23,597,0.9991
29635104,1769155362000,23,27,0,0,27,27,597,0.9993
29635105,1769155368000,26,23,0,0,23,23,597,0.9996
29635106,1769155374000,25,26,0,0,26,26,597,0.9997
29635107,1769155380000,29,25,0,0,25,25,597,0.9996
29635108,1769155386000,22,29,0,0,29,29,597,0.999
29635109,1769155392000,24,22,0,0,22,22,597,0.9973
29635110,1769155398000,23,24,0,0,24,24,597,0.9988
29635111,1769155404000,26,23,0,0,23,23,597,0.9988
29635112,1769155410000,24,26,0,0,26,26,597,0.9988
29635113,1769155416000,25,24,0,0,24,24,597,0.9994
29635114,1769155422000,21,25,0,0,25,25,597,0.9938
29635115,1769155428000,28,21,0,0,21,21,597,0.9927
29635116,1769155434000,25,28,0,0,28,28,597,0.9995
29635117,1769155440000,29,25,0,0,25,25,597,0.9993
29635118,1769155446000,27,29,0,0,29,29,597,0.9994
29635119,1769155452000,26,27,0,0,27,27,597,0.9992
29635120,1769155458000,21,26,0,0,26,26,597,0.9994
29635121,1769155464000,26,21,0,0,21,21,597,0.9994
29635122,1769155470000,21,26,0,0,26,26,597,0.9979
29635123,1769155476000,26,21,0,0,21,21,597,0.9988
29635124,1769155482000,21,26,0,0,26,26,597,0.999
29635125,1769155488000,26,21,0,0,21,21,597,0.997
29635126,1769155494000,20,26,0,0,26,26,597,0.9994
29635127,1769155500000,23,20,0,0,20,20,597,0.9996
29635128,1769155506000,24,23,0,0,23,23,597,0.9997
29635129,1769155512000,27,24,0,0,24,24,597,0.9978
29635130,1769155518000,25,27,0,0,27,27,596,0.9991
29635131,1769155524000,27,25,0,0,25,25,597,0.9996
29635132,1769155530000,21,27,0,0,27,27,597,0.999
29635133,1769155536000,25,21,0,0,21,21,597,0.9986
29635134,1769155542000,20,25,0,0,25,25,596,0.9993
29635135,1769155548000,28,20,0,0,20,20,597,0.9991
29635136,1769155554000,24,28,0,0,28,28,597,0.9987
29635137,1769155560000,25,24,0,0,24,24,597,0.9996
29635138,1769155566000,22,25,0,0,25,25,597,0.9997
29635139,1769155572000,26,22,0,0,22,22,597,0.9987
29635140,1769155578000,22,26,0,0,26,26,597,0.9979
29635141,1769155584000,26,22,0,0,22,22,597,0.9983
29635142,1769155590000,24,26,0,0,26,26,597,0.9994
29635143,1769155596000,26,24,0,0,24,24,597,0.999
29635144,1769155602000,25,26,0,0,26,26,597,0.9992
29635145,1769155608000,27,25,0,0,25,25,597,0.999
29635146,1769155614000,26,27,0,0,27,27,597,0.9995
29635147,1769155620000,27,26,0,0,26,26,597,0.9991
29635148,1769155626000,20,27,0,0,27,27,597,0.9997
29635149,1769155632000,27,20,0,0,20,20,596,0.9998
29635150,1769155638000,24,27,0,0,27,27,597,0.9988
29635151,1769155644000,26,24,0,0,24,24,597,0.9992
29635152,1769155650000,24,26,0,0,26,26,597,0.9989
29635153,1769155656000,25,24,0,0,24,24,597,0.9996
29635154,1769155662000,22,25,0,0,25,25,597,0.999
29635155,1769155668000,27,22,0,0,22,22,597,0.9986
29635156,1769155674000,23,27,0,0,27,27,597,0.9995
29635157,1769155680000,26,23,0,0,23,23,596,0.9999
29635158,1769155686000,23,26,0,0,26,26,597,0.999
29635159,1769155692000,24,23,0,0,23,23,597,0.9985
29635160,1769155698000,26,24,0,0,24,24,597,0.9987
29635161,1769155704000,29,26,0,0,26,26,597,0.9996
29635162,1769155710000,24,29,0,0,29,29,597,0.9997
29635163,1769155716000,26,24,0,0,24,24,597,0.9999
29635164,1769155722000,25,26,0,0,26,26,597,0.9994
29635165,1769155728000,27,25,0,0,25,25,597,0.9993
29635166,1769155734000,27,27,0,0,27,27,597,0.9988
29635167,1769155740000,26,27,0,0,27,27,596,0.9993
29635168,1769155746000,25,26,0,0,26,26,596,0.9988
29635169,1769155752000,26,25,0,0,25,25,597,0.9991
29635170,1769155758000,24,26,0,0,26,26,597,0.9983
29635171,1769155764000,25,24,0,0,24,24,594,0.9993
29635172,1769155770000,25,25,0,0,25,25,596,0.9993
29635173,1769155776000,25,25,0,0,25,25,597,0.9984
29635174,1769155782000,24,25,0,0,25,25,597,0.9993
29635175,1769155788000,25,24,0,0,24,24,597,0.9996
29635176,1769155794000,26,25,0,0,25,25,597,0.9993
29635177,1769155800000,23,26,0,0,26,26,597,0.9994
29635178,1769155806000,23,23,0,0,23,23,597,0.9994
29635179,1769155812000,24,23,0,0,23,23,597,0.9983
29635180,1769155818000,26,24,0,0,24,24,597,0.9953
29635181,1769155824000,26,26,0,0,26,26,597,0.9977
29635182,1769155830000,26,26,0,0,26,26,597,0.9995
29635183,1769155836000,23,26,0,0,26,26,597,0.9987
29635184,1769155842000,25,23,0,0,23,23,597,0.9989
29635185,1769155848000,22,25,0,0,25,25,597,0.9993
29635186,1769155854000,26,22,0,0,22,22,597,0.9992
29635187,1769155860000,23,26,0,0,26,26,597,0.9981
29635188,1769155866000,27,23,0,0,23,23,597,0.998
29635189,1769155872000,26,27,0,0,27,27,597,0.9991
29635190,1769155878000,25,26,0,0,26,26,597,0.9983
29635191,1769155884000,23,25,0,0,25,25,596,0.9989
29635192,1769155890000,24,23,0,0,23,23,597,0.9987
29635193,1769155896000,24,24,0,0,24,24,597,0.9979
29635194,1769155902000,27,24,0,0,24,24,596,0.9962
29635195,1769155908000,26,27,0,0,27,27,597,0.9991
29635196,1769155914000,28,26,0,0,26,26,597,0.9992
29635197,1769155920000,24,28,0,0,28,28,597,0.9987
29635198,1769155926000,26,24,0,0,24,24,597,0.9992
29635199,1769155932000,25,26,0,0,26,26,597,0.9986
29635200,1769155938000,29,25,0,0,25,25,594,0.9989
29635201,1769155944000,25,29,0,0,29,29,597,0.9983
29635202,1769155950000,27,25,0,0,25,25,597,0.9987
29635203,1769155956000,22,27,0,0,27,27,597,0.9995
29635204,1769155962000,26,22,0,0,22,22,596,0.9995
29635205,1769155968000,24,26,0,0,26,26,597,0.9988
29635206,1769155974000,26,24,0,0,24,24,597,0.9985
29635207,1769155980000,24,26,0,0,26,26,597,0.9994
29635208,1769155986000,28,24,0,0,24,24,597,0.9997
29635209,1769155992000,24,28,0,0,28,28,597,0.9984
29635210,1769155998000,25,24,0,0,24,24,597,0.9996
29635211,1769156004000,22,25,0,0,25,25,597,0.9993
29635212,1769156010000,27,22,0,0,22,22,597,0.9996
29635213,1769156016000,23,27,0,0,27,27,596,0.9989
29635214,1769156022000,23,23,0,0,23,23,597,0.9993
29635215,1769156028000,24,23,0,0,23,23,597,0.9996
29635216,1769156034000,24,24,0,0,24,24,597,0.999
29635217,1769156040000,25,24,0,0,24,24,597,0.9991
29635218,1769156046000,25,25,0,0,25,25,597,0.9991
29635219,1769156052000,24,25,0,0,25,25,597,0.9994
29635220,1769156058000,24,24,0,0,24,24,597,0.9983
29635221,1769156064000,26,24,0,0,24,24,597,0.9992
29635222,1769156070000,22,26,0,0,26,26,597,0.9969
29635223,1769156076000,26,22,0,0,22,22,597,0.9996
29635224,1769156082000,23,26,0,0,26,26,597,0.9995
29635225,1769156088000,26,23,0,0,23,23,597,0.9993
29635226,1769156094000,23,26,0,0,26,26,597,0.9991
29635227,1769156100000,23,23,0,0,23,23,597,0.9995
29635228,1769156106000,25,23,0,0,23,23,597,0.9992
29635229,1769156112000,31,25,0,0,25,25,597,0.9999
29635230,1769156118000,24,31,0,0,31,31,597,0.999
29635231,1769156124000,28,24,0,0,24,24,597,0.9994
29635232,1769156130000,21,28,0,0,28,28,597,0.9988
29635233,1769156136000,27,21,0,0,21,21,597,0.9994
29635234,1769156142000,24,27,0,0,27,27,597,0.9988
29635235,1769156148000,28,24,0,0,24,24,596,0.9993
29635236,1769156154000,23,28,0,0,28,28,597,0.9991
29635237,1769156160000,30,23,0,0,23,23,597,0.9993
29635238,1769156166000,24,30,0,0,30,30,597,0.9982
29635239,1769156172000,29,24,0,0,24,24,597,0.9999
29635240,1769156178000,22,29,0,0,29,29,597,0.9996
29635241,1769156184000,29,22,0,0,22,22,597,0.9995
29635242,1769156190000,23,29,0,0,29,29,597,0.9991
29635243,1769156196000,30,23,0,0,23,23,597,0.9995
29635244,1769156202000,21,30,0,0,30,30,597,0.9991
29635245,1769156208000,0,21,0,0,21,21,597,0.9988
29635246,1769156214000,33,0,0,0,0,0,597,0
29635247,1769156220000,21,33,0,0,33,33,597,0.9995
29635248,1769156226000,31,21,0,0,21,21,597,0.9995
29635249,1769156232000,21,31,0,0,31,31,597,0.999
29635250,1769156238000,32,21,0,0,21,21,597,0.9994
29635251,1769156244000,19,32,0,0,32,32,597,0.9994
29635252,1769156250000,30,19,0,0,19,19,597,0.9996
29635253,1769156256000,21,30,0,0,30,30,597,0.9984
29635254,1769156262000,31,21,0,0,21,21,597,0.9988
29635255,1769156268000,24,31,0,0,31,31,597,0.9993
29635256,1769156274000,30,24,0,0,24,24,597,0.9998
29635257,1769156280000,21,30,0,0,30,30,597,0.9995
29635258,1769156286000,31,21,0,0,21,21,597,0.9991
29635259,1769156292000,23,31,0,0,31,31,597,0.9986
29635260,1769156298000,31,23,0,0,23,23,596,0.9989
29635261,1769156304000,23,31,0,0,31,31,597,0.9994
29635262,1769156310000,30,23,0,0,23,23,597,0.9995
29635263,1769156316000,22,30,0,0,30,30,597,0.9994
29635264,1769156322000,30,22,0,0,22,22,597,0.9995
29635265,1769156328000,24,30,0,0,30,30,597,0.9993
29635266,1769156334000,31,24,0,0,24,24,597,0.9998
29635267,1769156340000,24,31,0,0,31,31,597,0.9991
29635268,1769156346000,28,24,0,0,24,24,597,0.9998
29635269,1769156352000,19,28,0,0,28,28,597,0.9993
29635270,1769156358000,29,19,0,0,19,19,597,0.9993
29635271,1769156364000,22,29,0,0,29,29,597,0.9983
29635272,1769156370000,27,22,0,0,22,22,597,0.9994
29635273,1769156376000,21,27,0,0,27,27,597,0.9986
29635274,1769156382000,30,21,0,0,21,21,597,0.9992
29635275,1769156388000,22,30,0,0,30,30,597,0.9994
29635276,1769156394000,27,22,0,0,22,22,597,0.9995
29635277,1769156400000,25,27,0,0,27,27,597,0.9976
29635278,1769156406000,27,25,0,0,25,25,597,0.9996
29635279,1769156412000,26,27,0,0,27,27,597,0.9999
29635280,1769156418000,28,26,0,0,26,26,597,0.999
29635281,1769156424000,22,28,0,0,28,28,597,0.9995
29635282,1769156430000,25,22,0,0,22,22,597,0.9998
29635283,1769156436000,24,25,0,0,25,25,597,0.9987
29635284,1769156442000,27,24,0,0,24,24,597,0.9992
29635285,1769156448000,24,27,0,0,27,27,597,0.9991
29635286,1769156454000,24,24,0,0,24,24,596,0.9999
29635287,1769156460000,23,24,0,0,24,24,597,0.9993
29635288,1769156466000,27,23,0,0,23,23,597,0.9989
29635289,1769156472000,22,27,0,0,27,27,596,0.9997
29635290,1769156478000,29,22,0,0,22,22,597,0.9993
29635291,1769156484000,25,29,0,0,29,29,597,0.9994
29635292,1769156490000,26,25,0,0,25,25,597,0.9995
29635293,1769156496000,23,26,0,0,26,26,597,0.9986
29635294,1769156502000,29,23,0,0,23,23,597,0.9988
29635295,1769156508000,26,29,0,0,29,29,597,0.9994
29635296,1769156514000,27,26,0,0,26,26,597,0.9994
29635297,1769156520000,27,27,0,0,27,27,597,0.9992
29635298,1769156526000,27,27,0,0,27,27,597,0.9996
29635299,1769156532000,27,27,0,0,27,27,596,0.9989
29635300,1769156538000,24,27,0,0,27,27,596,0.9997
29635301,1769156544000,25,24,0,0,24,24,597,0.9957
29635302,1769156550000,21,25,0,0,25,25,597,0.9993
29635303,1769156556000,28,21,0,0,21,21,597,0.9985
29635304,1769156562000,20,28,0,0,28,28,597,0.999
29635305,1769156568000,23,20,0,0,20,20,597,0.9988
29635306,1769156574000,22,23,0,0,23,23,594,0.9994
29635307,1769156580000,25,22,0,0,22,22,597,0.9997
29635308,1769156586000,21,25,0,0,25,25,597,0.9989
29635309,1769156592000,29,21,0,0,21,21,597,0.9979
29635310,1769156598000,22,29,0,0,29,29,597,0.9983
29635311,1769156604000,27,22,0,0,22,22,597,0.9996
29635312,1769156610000,21,27,0,0,27,27,597,0.9993
29635313,1769156616000,28,21,0,0,21,21,597,0.9984
29635314,1769156622000,24,28,0,0,28,28,597,0.9992
29635315,1769156628000,30,24,0,0,24,24,597,0.999
29635316,1769156634000,24,30,0,0,30,30,597,0.9985
29635317,1769156640000,30,24,0,0,24,24,597,0.9986
29635318,1769156646000,23,30,0,0,30,30,597,0.9996
29635319,1769156652000,30,23,0,0,23,23,597,0.9989
29635320,1769156658000,22,30,0,0,30,30,597,0.9985
29635321,1769156664000,30,22,0,0,22,22,597,0.9993
29635322,1769156670000,23,30,0,0,30,30,597,0.9994
29635323,1769156676000,30,23,0,0,23,23,597,0.9994
29635324,1769156682000,20,30,0,0,30,30,597,0.9996
29635325,1769156688000,30,20,0,0,20,20,597,0.9992
29635326,1769156694000,24,30,0,0,30,30,596,0.9993
29635327,1769156700000,30,24,0,0,24,24,597,0.9994
29635328,1769156706000,24,30,0,0,30,30,597,0.9974
29635329,1769156712000,29,24,0,0,24,24,596,0.9974
29635330,1769156718000,24,29,0,0,29,29,597,0.9973
29635331,1769156724000,29,24,0,0,24,24,597,0.9987
29635332,1769156730000,24,29,0,0,29,29,597,0.9989
29635333,1769156736000,30,24,0,0,24,24,597,0.9992
29635334,1769156742000,25,30,0,0,30,30,597,0.9991
29635335,1769156748000,28,25,0,0,25,25,597,0.9994
29635336,1769156754000,24,28,0,0,28,28,597,0.999
29635337,1769156760000,27,24,0,0,24,24,597,0.9994
29635338,1769156766000,26,27,0,0,27,27,597,0.9988
29635339,1769156772000,29,26,0,0,26,26,597,0.9994
29635340,1769156778000,26,29,0,0,29,29,597,0.9995
29635341,1769156784000,27,26,0,0,26,26,597,0.9995
29635342,1769156790000,24,27,0,0,27,27,597,0.9993
29635343,1769156796000,27,24,0,0,24,24,597,0.9992
29635344,1769156802000,23,27,0,0,27,27,597,0.9994
29635345,1769156808000,27,23,0,0,23,23,597,0.9995
29635346,1769156814000,24,27,0,0,27,27,597,0.9996
29635347,1769156820000,25,24,0,0,24,24,597,0.9997
29635348,1769156826000,24,25,0,0,25,25,597,0.9997
29635349,1769156832000,26,24,0,0,24,24,597,0.9985
29635350,1769156838000,23,26,0,0,26,26,596,0.9983
29635351,1769156844000,26,23,0,0,23,23,597,0.9976
29635352,1769156850000,25,26,0,0,26,26,596,0.9994
29635353,1769156856000,27,25,0,0,25,25,597,0.9999
29635354,1769156862000,24,27,0,0,27,27,596,0.9998
29635355,1769156868000,30,24,0,0,24,24,597,0.9981
29635356,1769156874000,25,30,0,0,30,30,597,0.9994
29635357,1769156880000,27,25,0,0,25,25,597,0.9993
29635358,1769156886000,25,27,0,0,27,27,596,0.9993
29635359,1769156892000,27,25,0,0,25,25,597,0.9961
29635360,1769156898000,23,27,0,0,27,27,596,0.9982
29635361,1769156904000,28,23,0,0,23,23,597,0.9965
29635362,1769156910000,24,28,0,0,28,28,597,0.9998
29635363,1769156916000,29,24,0,0,24,24,597,0.9991
29635364,1769156922000,22,29,0,0,29,29,597,0.9999
29635365,1769156928000,25,22,0,0,22,22,597,0.9992
29635366,1769156934000,21,25,0,0,25,25,597,0.9993
29635367,1769156940000,28,21,0,0,21,21,597,0.9998
29635368,1769156946000,24,28,0,0,28,28,597,0.9989
29635369,1769156952000,29,24,0,0,24,24,597,0.999
29635370,1769156958000,24,29,0,0,29,29,597,0.999
29635371,1769156964000,24,24,0,0,24,24,597,0.9992
29635372,1769156970000,24,24,0,0,24,24,597,0.9992
29635373,1769156976000,25,24,0,0,24,24,593,0.9982
29635374,1769156982000,25,25,0,0,25,25,597,0.9991
29635375,1769156988000,25,25,0,0,25,25,597,0.9991
29635376,1769156994000,24,25,0,0,25,25,597,0.9987
29635377,1769157000000,23,24,0,0,24,24,597,0.9991
29635378,1769157006000,28,23,0,0,23,23,597,0.9983
29635379,1769157012000,24,28,0,0,28,28,597,0.9992
29635380,1769157018000,26,24,0,0,24,24,597,0.999
29635381,1769157024000,27,26,0,0,26,26,597,0.9995
29635382,1769157030000,28,27,0,0,27,27,596,0.9994
29635383,1769157036000,23,28,0,0,28,28,597,0.9994
29635384,1769157042000,24,23,0,0,23,23,597,0.9975
29635385,1769157048000,27,24,0,0,24,24,597,0.9977
29635386,1769157054000,26,27,0,0,27,27,597,0.9994
29635387,1769157060000,27,26,0,0,26,26,597,0.9988
29635388,1769157066000,25,27,0,0,27,27,597,0.9992
29635389,1769157072000,23,25,0,0,25,25,597,0.9985
29635390,1769157078000,26,23,0,0,23,23,597,0.9989
29635391,1769157084000,21,26,0,0,26,26,597,0.9999
29635392,1769157090000,24,21,0,0,21,21,597,0.9997
29635393,1769157096000,27,24,0,0,24,24,597,0.9992
29635394,1769157102000,24,27,0,0,27,27,597,0.9973
29635395,1769157108000,24,24,0,0,24,24,597,0.9983
29635396,1769157114000,22,24,0,0,24,24,597,0.9999
29635397,1769157120000,23,22,0,0,22,22,596,0.9995
29635398,1769157126000,29,23,0,0,23,23,597,0.9995
29635399,1769157132000,25,29,0,0,29,29,597,0.9992
29635400,1769157138000,28,25,0,0,25,25,597,0.9996
29635401,1769157144000,21,28,0,0,28,28,597,0.9992
29635402,1769157150000,27,21,0,0,21,21,597,0.999
29635403,1769157156000,25,27,0,0,27,27,597,0.9996
29635404,1769157162000,29,25,0,0,25,25,597,0.9993
29635405,1769157168000,26,29,0,0,29,29,597,0.9996
29635406,1769157174000,27,26,0,0,26,26,597,0.9995
29635407,1769157180000,22,27,0,0,27,27,597,0.9999
29635408,1769157186000,29,22,0,0,22,22,597,0.9993
29635409,1769157192000,25,29,0,0,29,29,596,0.9987
29635410,1769157198000,27,25,0,0,25,25,597,0.9995
29635411,1769157204000,24,27,0,0,27,27,597,0.9989
29635412,1769157210000,25,24,0,0,24,24,597,0.9997
29635413,1769157216000,24,25,0,0,25,25,595,0.999
29635414,1769157222000,26,24,0,0,24,24,597,0.9992
29635415,1769157228000,26,26,0,0,26,26,597,0.9968
29635416,1769157234000,26,26,0,0,26,26,597,0.999
29635417,1769157240000,26,26,0,0,26,26,597,0.9988
29635418,1769157246000,28,26,0,0,26,26,597,0.9993
29635419,1769157252000,23,28,0,0,28,28,595,0.9998
29635420,1769157258000,25,23,0,0,23,23,597,0.9988
29635421,1769157264000,22,25,0,0,25,25,597,0.999
29635422,1769157270000,24,22,0,0,22,22,597,0.9876
29635423,1769157276000,22,24,0,0,24,24,597,0.9992
29635424,1769157282000,28,22,0,0,22,22,597,0.9991
29635425,1769157288000,23,28,0,0,28,28,597,0.9993
29635426,1769157294000,28,23,0,0,23,23,597,0.9989
29635427,1769157300000,24,28,0,0,28,28,597,0.9988
29635428,1769157306000,26,24,0,0,24,24,597,0.9992
29635429,1769157312000,26,26,0,0,26,26,597,0.999
29635430,1769157318000,27,26,0,0,26,26,597,0.9986
29635431,1769157324000,24,27,0,0,27,27,597,0.999
29635432,1769157330000,25,24,0,0,24,24,597,0.999
29635433,1769157336000,27,25,0,0,25,25,597,0.9987
29635434,1769157342000,27,27,0,0,27,27,597,0.999
29635435,1769157348000,26,27,0,0,27,27,597,0.9991
29635436,1769157354000,25,26,0,0,26,26,595,0.9989
29635437,1769157360000,26,25,0,0,25,25,596,0.9996
29635438,1769157366000,27,26,0,0,26,26,597,0.9981
29635439,1769157372000,26,27,0,0,27,27,597,0.9964
29635440,1769157378000,26,26,0,0,26,26,597,0.9977
29635441,1769157384000,24,26,0,0,26,26,597,0.9985
29635442,1769157390000,26,24,0,0,24,24,597,0.9987
29635443,1769157396000,23,26,0,0,26,26,596,0.9997
29635444,1769157402000,28,23,0,0,23,23,595,0.9993
29635445,1769157408000,27,28,0,0,28,28,596,0.9989
29635446,1769157414000,28,27,0,0,27,27,596,0.9997
29635447,1769157420000,25,28,0,0,28,28,597,0.9995
29635448,1769157426000,27,25,0,0,25,25,597,0.998
29635449,1769157432000,25,27,0,0,27,27,597,0.9992
29635450,1769157438000,25,25,0,0,25,25,597,0.9989
29635451,1769157444000,24,25,0,0,25,25,597,0.9977
29635452,1769157450000,26,24,0,0,24,24,597,0.9982
29635453,1769157456000,23,26,0,0,26,26,597,0.999
29635454,1769157462000,28,23,0,0,23,23,597,0.9991
29635455,1769157468000,26,28,0,0,28,28,597,0.9997
29635456,1769157474000,26,26,0,0,26,26,597,0.9998
29635457,1769157480000,27,26,0,0,26,26,597,0.9994
29635458,1769157486000,26,27,0,0,27,27,597,0.9986
29635459,1769157492000,27,26,0,0,26,26,597,0.9995
29635460,1769157498000,26,27,0,0,27,27,597,0.9996
29635461,1769157504000,25,26,0,0,26,26,597,0.9994
29635462,1769157510000,25,25,0,0,25,25,596,0.9988
29635463,1769157516000,26,25,0,0,25,25,597,0.9993
29635464,1769157522000,27,26,0,0,26,26,597,0.9981
29635465,1769157528000,29,27,0,0,27,27,597,0.9991
29635466,1769157534000,27,29,0,0,29,29,595,0.999
29635467,1769157540000,27,27,0,0,27,27,596,0.9988
29635468,1769157546000,25,27,0,0,27,27,596,0.9996
29635469,1769157552000,26,25,0,0,25,25,596,0.9977
29635470,1769157558000,22,26,0,0,26,26,596,0.9981
29635471,1769157564000,23,22,0,0,22,22,596,0.9996
29635472,1769157570000,27,23,0,0,23,23,596,0.9985
29635473,1769157576000,25,27,0,0,27,27,597,0.9993
29635474,1769157582000,26,25,0,0,25,25,597,0.9989
29635475,1769157588000,28,26,0,0,26,26,592,0.9987
29635476,1769157594000,26,28,0,0,28,28,597,0.9993
29635477,1769157600000,24,26,0,0,26,26,597,0.9991
29635478,1769157606000,24,24,0,0,24,24,597,0.9998
29635479,1769157612000,26,24,0,0,24,24,597,0.9995
29635480,1769157618000,24,26,0,0,26,26,597,0.9989
29635481,1769157624000,26,24,0,0,24,24,597,0.9987
29635482,1769157630000,21,26,0,0,26,26,595,0.9986
29635483,1769157636000,25,21,0,0,21,21,597,0.9998
29635484,1769157642000,22,25,0,0,25,25,595,0.9999
29635485,1769157648000,26,22,0,0,22,22,597,0.9991
29635486,1769157654000,25,26,0,0,26,26,597,0.9989
29635487,1769157660000,26,25,0,0,25,25,597,0.9999
29635488,1769157666000,25,26,0,0,26,26,597,0.9996
29635489,1769157672000,25,25,0,0,25,25,597,0.9993
29635490,1769157678000,25,25,0,0,25,25,597,0.9988
29635491,1769157684000,26,25,0,0,25,25,597,0.998
29635492,1769157690000,22,26,0,0,26,26,597,0.9993
29635493,1769157696000,24,22,0,0,22,22,597,0.9995
29635494,1769157702000,25,24,0,0,24,24,595,0.9987
29635495,1769157708000,26,25,0,0,25,25,597,0.9994
29635496,1769157714000,24,26,0,0,26,26,597,0.9994
29635497,1769157720000,27,24,0,0,24,24,597,0.9992
29635498,1769157726000,24,27,0,0,27,27,597,0.9975
29635499,1769157732000,26,24,0,0,24,24,597,0.9995
29635500,1769157738000,24,26,0,0,26,26,597,0.999
29635501,1769157744000,26,24,0,0,24,24,597,0.9996
29635502,1769157750000,28,26,0,0,26,26,597,0.9995
29635503,1769157756000,20,28,0,0,28,28,597,0.9993
29635504,1769157762000,28,20,0,0,20,20,597,0.9985
29635505,1769157768000,23,28,0,0,28,28,597,0.9987
29635506,1769157774000,29,23,0,0,23,23,597,0.9993
29635507,1769157780000,24,29,0,0,29,29,597,0.9995
29635508,1769157786000,29,24,0,0,24,24,597,0.9994
29635509,1769157792000,21,29,0,0,29,29,597,0.9991
29635510,1769157798000,29,21,0,0,21,21,597,0.9998
29635511,1769157804000,23,29,0,0,29,29,597,0.9993
29635512,1769157810000,30,23,0,0,23,23,597,0.9996
29635513,1769157816000,24,30,0,0,30,30,597,0.9997
29635514,1769157822000,30,24,0,0,24,24,597,0.9987
29635515,1769157828000,23,30,0,0,30,30,597,0.9994
29635516,1769157834000,30,23,0,0,23,23,597,0.9995
29635517,1769157840000,22,30,0,0,30,30,597,0.9994
29635518,1769157846000,31,22,0,0,22,22,597,0.9995
29635519,1769157852000,22,31,0,0,31,31,597,0.9994
29635520,1769157858000,29,22,0,0,22,22,597,0.9989
29635521,1769157864000,21,29,0,0,29,29,597,0.9993
29635522,1769157870000,33,21,0,0,21,21,597,0.9995
29635523,1769157876000,21,33,0,0,33,33,597,0.9985
29635524,1769157882000,31,21,0,0,21,21,597,0.9993
29635525,1769157888000,20,31,0,0,31,31,597,0.9998
29635526,1769157894000,31,20,0,0,20,20,596,0.9997
29635527,1769157900000,21,31,0,0,31,31,597,0.9992
29635528,1769157906000,31,21,0,0,21,21,597,0.9978
29635529,1769157912000,20,31,0,0,31,31,596,0.9998
29635530,1769157918000,29,20,0,0,20,20,596,0.9994
29635531,1769157924000,21,29,0,0,29,29,597,0.9996
29635532,1769157930000,29,21,0,0,21,21,597,0.9994
29635533,1769157936000,23,29,0,0,29,29,597,0.9992
29635534,1769157942000,30,23,0,0,23,23,597,0.9986
29635535,1769157948000,22,30,0,0,30,30,597,0.9983
29635536,1769157954000,32,22,0,0,22,22,597,0.9997
29635537,1769157960000,22,32,0,0,32,32,596,0.9999
29635538,1769157966000,31,22,0,0,22,22,597,0.9998
29635539,1769157972000,21,31,0,0,31,31,597,0.9986
29635540,1769157978000,31,21,0,0,21,21,597,0.9988
29635541,1769157984000,21,31,0,0,31,31,597,0.9981
29635542,1769157990000,31,21,0,0,21,21,597,0.9988
29635543,1769157996000,20,31,0,0,31,31,597,0.9994
29635544,1769158002000,31,20,0,0,20,20,597,0.9997
29635545,1769158008000,21,31,0,0,31,31,596,0.9998
29635546,1769158014000,30,21,0,0,21,21,597,0.9988
29635547,1769158020000,20,30,0,0,30,30,597,0.9987
29635548,1769158026000,32,20,0,0,20,20,597,0.9985
29635549,1769158032000,18,32,0,0,32,32,596,0.999
29635550,1769158038000,26,18,0,0,18,18,597,0.999
29635551,1769158044000,20,26,0,0,26,26,597,0.9991
29635552,1769158050000,28,20,0,0,20,20,597,0.9991
29635553,1769158056000,21,28,0,0,28,28,597,0.999
29635554,1769158062000,29,21,0,0,21,21,597,0.9986
29635555,1769158068000,18,29,0,0,29,29,597,0.9982
29635556,1769158074000,28,18,0,0,18,18,597,0.9995
29635557,1769158080000,20,28,0,0,28,28,597,0.9981
29635558,1769158086000,30,20,0,0,20,20,597,0.9994
29635559,1769158092000,20,30,0,0,30,30,597,0.9989
29635560,1769158098000,27,20,0,0,20,20,596,0.9997
29635561,1769158104000,20,27,0,0,27,27,597,0.9998
29635562,1769158110000,30,20,0,0,20,20,597,0.9972
29635563,1769158116000,20,30,0,0,30,30,597,0.9996
29635564,1769158122000,28,20,0,0,20,20,597,0.9998
29635565,1769158128000,20,28,0,0,28,28,597,0.9992
29635566,1769158134000,29,20,0,0,20,20,597,0.9994
29635567,1769158140000,21,29,0,0,29,29,597,0.9996
29635568,1769158146000,32,21,0,0,21,21,597,0.9987
29635569,1769158152000,21,32,0,0,32,32,597,0.9998
29635570,1769158158000,28,21,0,0,21,21,597,0.9991
29635571,1769158164000,19,28,0,0,28,28,597,0.9994
29635572,1769158170000,29,19,0,0,19,19,597,0.9993
29635573,1769158176000,22,29,0,0,29,29,595,0.9992
29635574,1769158182000,29,22,0,0,22,22,597,0.9996
29635575,1769158188000,20,29,0,0,29,29,597,0.9994
29635576,1769158194000,30,20,0,0,20,20,597,0.9996
29635577,1769158200000,20,30,0,0,30,30,597,0.9996
29635578,1769158206000,32,20,0,0,20,20,597,0.9997
29635579,1769158212000,22,32,0,0,32,32,597,0.999
29635580,1769158218000,28,22,0,0,22,22,596,0.9995
29635581,1769158224000,20,28,0,0,28,28,597,0.9995
29635582,1769158230000,29,20,0,0,20,20,597,0.9997
29635583,1769158236000,21,29,0,0,29,29,596,0.9997
29635584,1769158242000,32,21,0,0,21,21,597,0.9994
29635585,1769158248000,21,32,0,0,32,32,595,0.9998
29635586,1769158254000,29,21,0,0,21,21,597,0.9993
29635587,1769158260000,21,29,0,0,29,29,597,0.9999
29635588,1769158266000,29,21,0,0,21,21,597,0.9999
29635589,1769158272000,20,29,0,0,29,29,597,0.9994
29635590,1769158278000,29,20,0,0,20,20,597,0.9983
29635591,1769158284000,20,29,0,0,29,29,597,0.9991
29635592,1769158290000,29,20,0,0,20,20,597,0.9976
29635593,1769158296000,21,29,0,0,29,29,597,0.9981
29635594,1769158302000,33,21,0,0,21,21,597,0.9994
29635595,1769158308000,20,33,0,0,33,33,597,0.9995
29635596,1769158314000,31,20,0,0,20,20,597,0.9989
29635597,1769158320000,21,31,0,0,31,31,597,0.9991
29635598,1769158326000,32,21,0,0,21,21,596,0.9986
29635599,1769158332000,21,32,0,0,32,32,597,0.9992
29635600,1769158338000,32,21,0,0,21,21,597,0.9996
29635601,1769158344000,21,32,0,0,32,32,597,0.9997
29635602,1769158350000,32,21,0,0,21,21,597,0.9994
29635603,1769158356000,21,32,0,0,32,32,596,0.9984
29635604,1769158362000,31,21,0,0,21,21,597,0.9993
29635605,1769158368000,21,31,0,0,31,31,597,0.999
29635606,1769158374000,32,21,0,0,21,21,596,0.9996
29635607,1769158380000,21,32,0,0,32,32,597,0.999
29635608,1769158386000,30,21,0,0,21,21,597,0.9988
29635609,1769158392000,20,30,0,0,30,30,597,0.9996
29635610,1769158398000,29,20,0,0,20,20,597,0.9992
29635611,1769158404000,18,29,0,0,29,29,597,0.9993
29635612,1769158410000,29,18,0,0,18,18,597,0.9989
29635613,1769158416000,22,29,0,0,29,29,597,0.9988
29635614,1769158422000,32,22,0,0,22,22,597,0.9991
29635615,1769158428000,21,32,0,0,32,32,597,0.9998
29635616,1769158434000,29,21,0,0,21,21,597,0.9988
29635617,1769158440000,21,29,0,0,29,29,597,0.9993
29635618,1769158446000,30,21,0,0,21,21,597,0.9994
29635619,1769158452000,20,30,0,0,30,30,597,0.999
29635620,1769158458000,29,20,0,0,20,20,597,0.9997
29635621,1769158464000,21,29,0,0,29,29,597,0.9999
29635622,1769158470000,28,21,0,0,21,21,597,0.9976
29635623,1769158476000,23,28,0,0,28,28,597,0.9988
29635624,1769158482000,30,23,0,0,23,23,597,0.9993
29635625,1769158488000,1,30,0,0,30,30,597,0.9993
29635626,1769158494000,33,1,0,0,1,1,597,0.9983
29635627,1769158500000,18,33,0,0,33,33,597,0.9991
29635628,1769158506000,34,18,0,0,18,18,597,0.9997
29635629,1769158512000,15,34,0,0,34,34,597,0.9994
29635630,1769158518000,30,15,0,0,15,15,597,0.9987
29635631,1769158524000,20,30,0,0,30,30,597,0.999
29635632,1769158530000,32,20,0,0,20,20,597,0.9986
29635633,1769158536000,19,32,0,0,32,32,596,0.9997
29635634,1769158542000,32,19,0,0,19,19,596,0.9994
29635635,1769158548000,18,32,0,0,32,32,596,0.9996
29635636,1769158554000,33,18,0,0,18,18,597,0.9995
29635637,1769158560000,17,33,0,0,33,33,592,0.9986
29635638,1769158566000,34,17,0,0,17,17,597,0.9995
29635639,1769158572000,19,34,0,0,34,34,596,0.9996
29635640,1769158578000,32,19,0,0,19,19,596,0.9996
29635641,1769158584000,18,32,0,0,32,32,596,0.9993
29635642,1769158590000,33,18,0,0,18,18,597,0.9996
29635643,1769158596000,20,33,0,0,33,33,597,0.9992
29635644,1769158602000,32,20,0,0,20,20,597,0.9996
29635645,1769158608000,22,32,0,0,32,32,597,0.999
29635646,1769158614000,30,22,0,0,22,22,597,0.9994
29635647,1769158620000,21,30,0,0,30,30,596,0.999
29635648,1769158626000,31,21,0,0,21,21,597,0.9994
29635649,1769158632000,22,31,0,0,31,31,596,0.9995
29635650,1769158638000,29,22,0,0,22,22,596,0.9989
29635651,1769158644000,21,29,0,0,29,29,597,0.9995
29635652,1769158650000,28,21,0,0,21,21,597,0.9991
29635653,1769158656000,22,28,0,0,28,28,597,0.9991
29635654,1769158662000,32,22,0,0,22,22,597,0.9991
29635655,1769158668000,21,32,0,0,32,32,597,0.9991
29635656,1769158674000,30,21,0,0,21,21,597,0.9986
29635657,1769158680000,22,30,0,0,30,30,597,0.9995
29635658,1769158686000,28,22,0,0,22,22,597,0.999
29635659,1769158692000,22,28,0,0,28,28,597,0.9996
29635660,1769158698000,30,22,0,0,22,22,597,0.9987
29635661,1769158704000,22,30,0,0,30,30,597,0.9978
29635662,1769158710000,28,22,0,0,22,22,597,0.9997
29635663,1769158716000,21,28,0,0,28,28,597,0.9987
29635664,1769158722000,29,21,0,0,21,21,597,0.9997
29635665,1769158728000,22,29,0,0,29,29,597,0.9988
29635666,1769158734000,30,22,0,0,22,22,597,0.9986
29635667,1769158740000,20,30,0,0,30,30,597,0.9997
29635668,1769158746000,31,20,0,0,20,20,597,0.9981
29635669,1769158752000,21,31,0,0,31,31,597,0.9995
29635670,1769158758000,29,21,0,0,21,21,597,0.999
29635671,1769158764000,21,29,0,0,29,29,597,0.9997
29635672,1769158770000,29,21,0,0,21,21,597,0.9988
29635673,1769158776000,21,29,0,0,29,29,597,0.9992
29635674,1769158782000,30,21,0,0,21,21,594,0.9995
29635675,1769158788000,19,30,0,0,30,30,596,0.9999
29635676,1769158794000,30,19,0,0,19,19,597,0.9993
29635677,1769158800000,21,30,0,0,30,30,597,0.9982
29635678,1769158806000,33,21,0,0,21,21,597,0.9974
29635679,1769158812000,22,33,0,0,33,33,597,0.9988
29635680,1769158818000,31,22,0,0,22,22,597,0.9988
29635681,1769158824000,20,31,0,0,31,31,597,0.9985
29635682,1769158830000,31,20,0,0,20,20,597,0.9994
29635683,1769158836000,20,31,0,0,31,31,597,0.9995
29635684,1769158842000,31,20,0,0,20,20,597,0.9995
29635685,1769158848000,21,31,0,0,31,31,597,0.9997
29635686,1769158854000,31,21,0,0,21,21,597,0.999
29635687,1769158860000,21,31,0,0,31,31,597,0.9996
29635688,1769158866000,29,21,0,0,21,21,597,0.9992
29635689,1769158872000,21,29,0,0,29,29,597,0.9992
29635690,1769158878000,31,21,0,0,21,21,596,0.9996
29635691,1769158884000,22,31,0,0,31,31,597,0.9993
29635692,1769158890000,31,22,0,0,22,22,597,0.9991
29635693,1769158896000,21,31,0,0,31,31,597,0.9996
29635694,1769158902000,33,21,0,0,21,21,597,0.999
29635695,1769158908000,19,33,0,0,33,33,597,0.9996
29635696,1769158914000,32,19,0,0,19,19,597,0.9996
29635697,1769158920000,18,32,0,0,32,32,597,0.9998
29635698,1769158926000,32,18,0,0,18,18,597,0.9996
29635699,1769158932000,19,32,0,0,32,32,597,0.9995
29635700,1769158938000,29,19,0,0,19,19,597,0.9994
29635701,1769158944000,19,29,0,0,29,29,597,0.9995
29635702,1769158950000,32,19,0,0,19,19,597,0.9974
29635703,1769158956000,21,32,0,0,32,32,597,0.9997
29635704,1769158962000,33,21,0,0,21,21,597,0.9994
29635705,1769158968000,18,33,0,0,33,33,597,0.9992
29635706,1769158974000,32,18,0,0,18,18,597,0.9993
29635707,1769158980000,21,32,0,0,32,32,597,0.9994
29635708,1769158986000,34,21,0,0,21,21,597,0.9996
29635709,1769158992000,19,34,0,0,34,34,597,0.9986
29635710,1769158998000,31,19,0,0,19,19,596,0.9998
29635711,1769159004000,20,31,0,0,31,31,596,0.9998
29635712,1769159010000,30,20,0,0,20,20,596,0.9993
29635713,1769159016000,17,30,0,0,30,30,596,0.9996
29635714,1769159022000,30,17,0,0,17,17,596,0.9989
29635715,1769159028000,20,30,0,0,30,30,596,0.9993
29635716,1769159034000,31,20,0,0,20,20,596,0.9996
29635717,1769159040000,22,31,0,0,31,31,596,0.9985
29635718,1769159046000,30,22,0,0,22,22,597,0.9989
29635719,1769159052000,21,30,0,0,30,30,597,0.9982
29635720,1769159058000,31,21,0,0,21,21,597,0.9986
29635721,1769159064000,21,31,0,0,31,31,597,0.9992
29635722,1769159070000,32,21,0,0,21,21,597,0.9992
29635723,1769159076000,21,32,0,0,32,32,597,0.9986
29635724,1769159082000,32,21,0,0,21,21,597,0.9982
29635725,1769159088000,21,32,0,0,32,32,597,0.9994
29635726,1769159094000,32,21,0,0,21,21,596,0.9991
29635727,1769159100000,22,32,0,0,32,32,597,0.9996
29635728,1769159106000,31,22,0,0,22,22,597,0.9995
29635729,1769159112000,21,31,0,0,31,31,597,0.9998
29635730,1769159118000,31,21,0,0,21,21,597,0.9997
29635731,1769159124000,22,31,0,0,31,31,597,0.9993
29635732,1769159130000,31,22,0,0,22,22,597,0.9995
29635733,1769159136000,23,31,0,0,31,31,597,0.9985
29635734,1769159142000,32,23,0,0,23,23,597,0.9992
29635735,1769159148000,20,32,0,0,32,32,596,0.9997
29635736,1769159154000,31,20,0,0,20,20,596,0.9994
29635737,1769159160000,21,31,0,0,31,31,597,0.9994
29635738,1769159166000,34,21,0,0,21,21,597,0.9997
29635739,1769159172000,19,34,0,0,34,34,597,0.9987
29635740,1769159178000,30,19,0,0,19,19,597,0.9981
29635741,1769159184000,18,30,0,0,30,30,597,0.9998
29635742,1769159190000,30,18,0,0,18,18,597,0.9988
29635743,1769159196000,19,30,0,0,30,30,597,0.9994
29635744,1769159202000,30,19,0,0,19,19,597,0.9996
29635745,1769159208000,17,30,0,0,30,30,597,0.9993
29635746,1769159214000,30,17,0,0,17,17,597,0.9996
29635747,1769159220000,19,30,0,0,30,30,597,0.9996
29635748,1769159226000,29,19,0,0,19,19,597,0.999
29635749,1769159232000,18,29,0,0,29,29,597,0.999
29635750,1769159238000,33,18,0,0,18,18,597,0.9986
29635751,1769159244000,20,33,0,0,33,33,597,0.9993
29635752,1769159250000,32,20,0,0,20,20,597,0.9992
29635753,1769159256000,20,32,0,0,32,32,597,0.9987
29635754,1769159262000,33,20,0,0,20,20,596,0.9992
29635755,1769159268000,21,33,0,0,33,33,597,0.9989
29635756,1769159274000,29,21,0,0,21,21,597,0.9997
29635757,1769159280000,20,29,0,0,29,29,597,0.9976
29635758,1769159286000,32,20,0,0,20,20,597,0.9989
29635759,1769159292000,23,32,0,0,32,32,597,0.9995
29635760,1769159298000,29,23,0,0,23,23,597,0.9993
29635761,1769159304000,22,29,0,0,29,29,597,0.9986
29635762,1769159310000,30,22,0,0,22,22,597,0.9996
29635763,1769159316000,22,30,0,0,30,30,597,0.9986
29635764,1769159322000,29,22,0,0,22,22,597,0.9966
29635765,1769159328000,21,29,0,0,29,29,597,0.9988
29635766,1769159334000,31,21,0,0,21,21,597,0.9995
29635767,1769159340000,21,31,0,0,31,31,597,0.9984
29635768,1769159346000,29,21,0,0,21,21,597,0.9995
29635769,1769159352000,20,29,0,0,29,29,597,0.9984
29635770,1769159358000,29,20,0,0,20,20,597,0.9995
29635771,1769159364000,19,29,0,0,29,29,596,0.9999
29635772,1769159370000,31,19,0,0,19,19,596,0.9996
29635773,1769159376000,22,31,0,0,31,31,597,0.9992
29635774,1769159382000,32,22,0,0,22,22,597,0.9993
29635775,1769159388000,19,32,0,0,32,32,596,0.9995
29635776,1769159394000,30,19,0,0,19,19,597,0.9994
29635777,1769159400000,21,30,0,0,30,30,597,0.9998
29635778,1769159406000,33,21,0,0,21,21,597,0.9996
29635779,1769159412000,20,33,0,0,33,33,596,0.9997
29635780,1769159418000,31,20,0,0,20,20,597,1
29635781,1769159424000,19,31,0,0,31,31,597,0.9999
29635782,1769159430000,28,19,0,0,19,19,597,1
29635783,1769159436000,18,28,0,0,28,28,596,0.9998
29635784,1769159442000,27,18,0,0,18,18,597,0.9993
29635785,1769159448000,18,27,0,0,27,27,597,0.9994
29635786,1769159454000,29,18,0,0,18,18,597,0.9998
29635787,1769159460000,20,29,0,0,29,29,597,0.9986
29635788,1769159466000,30,20,0,0,20,20,597,0.9989
29635789,1769159472000,21,30,0,0,30,30,597,0.9993
29635790,1769159478000,27,21,0,0,21,21,597,0.9984
29635791,1769159484000,21,27,0,0,27,27,597,0.9989
29635792,1769159490000,30,21,0,0,21,21,597,0.9999
29635793,1769159496000,22,30,0,0,30,30,597,0.9989
29635794,1769159502000,29,22,0,0,22,22,597,0.9998
29635795,1769159508000,23,29,0,0,29,29,597,0.9999
29635796,1769159514000,29,23,0,0,23,23,594,0.9992
29635797,1769159520000,24,29,0,0,29,29,597,0.9998
29635798,1769159526000,29,24,0,0,24,24,597,0.999
29635799,1769159532000,21,29,0,0,29,29,597,0.9974
29635800,1769159538000,30,21,0,0,21,21,597,0.9995
29635801,1769159544000,23,30,0,0,30,30,597,0.9997
29635802,1769159550000,29,23,0,0,23,23,597,0.9996
29635803,1769159556000,21,29,0,0,29,29,597,0.9991
29635804,1769159562000,29,21,0,0,21,21,597,0.9987
29635805,1769159568000,24,29,0,0,29,29,597,0.9983
29635806,1769159574000,28,24,0,0,24,24,597,0.9996
29635807,1769159580000,26,28,0,0,28,28,597,0.9996
29635808,1769159586000,28,26,0,0,26,26,597,0.9994
29635809,1769159592000,25,28,0,0,28,28,597,0.9992
29635810,1769159598000,27,25,0,0,25,25,597,0.9989
29635811,1769159604000,24,27,0,0,27,27,597,0.9986
29635812,1769159610000,26,24,0,0,24,24,597,0.999
29635813,1769159616000,24,26,0,0,26,26,597,0.9986
29635814,1769159622000,29,24,0,0,24,24,597,0.999
29635815,1769159628000,23,29,0,0,29,29,597,0.9992
29635816,1769159634000,31,23,0,0,23,23,597,0.9997
29635817,1769159640000,24,31,0,0,31,31,595,0.9994
29635818,1769159646000,31,24,0,0,24,24,597,0.9996
29635819,1769159652000,24,31,0,0,31,31,597,0.9983
29635820,1769159658000,30,24,0,0,24,24,597,0.9976
29635821,1769159664000,22,30,0,0,30,30,596,0.999
29635822,1769159670000,31,22,0,0,22,22,597,0.9995
29635823,1769159676000,22,31,0,0,31,31,597,0.9993
29635824,1769159682000,33,22,0,0,22,22,597,0.9992
29635825,1769159688000,23,33,0,0,33,33,597,0.9992
29635826,1769159694000,30,23,0,0,23,23,597,0.9993
29635827,1769159700000,24,30,0,0,30,30,597,0.9996
29635828,1769159706000,31,24,0,0,24,24,597,0.9987
29635829,1769159712000,22,31,0,0,31,31,597,0.9988
29635830,1769159718000,31,22,0,0,22,22,597,0.9986
29635831,1769159724000,23,31,0,0,31,31,597,0.9991
29635832,1769159730000,27,23,0,0,23,23,597,0.9998
29635833,1769159736000,23,27,0,0,27,27,597,0.9988
29635834,1769159742000,32,23,0,0,23,23,596,0.9997
29635835,1769159748000,22,32,0,0,32,32,597,0.9986
29635836,1769159754000,28,22,0,0,22,22,597,0.9986
29635837,1769159760000,23,28,0,0,28,28,597,0.999
29635838,1769159766000,29,23,0,0,23,23,597,0.9952
29635839,1769159772000,25,29,0,0,29,29,597,0.9982
29635840,1769159778000,28,25,0,0,25,25,597,0.9987
29635841,1769159784000,24,28,0,0,28,28,597,0.9993
29635842,1769159790000,29,24,0,0,24,24,597,0.9987
29635843,1769159796000,23,29,0,0,29,29,597,0.9992
29635844,1769159802000,29,23,0,0,23,23,597,0.9988
29635845,1769159808000,23,29,0,0,29,29,597,0.9988
29635846,1769159814000,29,23,0,0,23,23,597,0.9998
29635847,1769159820000,22,29,0,0,29,29,597,0.9992
29635848,1769159826000,30,22,0,0,22,22,597,0.9998
29635849,1769159832000,22,30,0,0,30,30,597,0.9992
29635850,1769159838000,29,22,0,0,22,22,597,0.999
29635851,1769159844000,24,29,0,0,29,29,597,0.9997
29635852,1769159850000,30,24,0,0,24,24,597,0.9996
29635853,1769159856000,23,30,0,0,30,30,595,0.9992
29635854,1769159862000,30,23,0,0,23,23,597,0.9996
29635855,1769159868000,24,30,0,0,30,30,597,0.9992
29635856,1769159874000,30,24,0,0,24,24,597,0.9998
29635857,1769159880000,24,30,0,0,30,30,597,0.9999
29635858,1769159886000,31,24,0,0,24,24,597,0.9992
29635859,1769159892000,23,31,0,0,31,31,597,0.9996
29635860,1769159898000,29,23,0,0,23,23,597,0.9998
29635861,1769159904000,25,29,0,0,29,29,597,0.9985
29635862,1769159910000,28,25,0,0,25,25,597,0.9996
29635863,1769159916000,24,28,0,0,28,28,597,1
29635864,1769159922000,29,24,0,0,24,24,597,0.999
29635865,1769159928000,24,29,0,0,29,29,597,0.999
29635866,1769159934000,30,24,0,0,24,24,597,0.9999
29635867,1769159940000,24,30,0,0,30,30,597,0.9995
29635868,1769159946000,28,24,0,0,24,24,597,0.9996
29635869,1769159952000,20,28,0,0,28,28,597,0.9997
29635870,1769159958000,28,20,0,0,20,20,597,0.9987
29635871,1769159964000,25,28,0,0,28,28,597,0.9996
29635872,1769159970000,30,25,0,0,25,25,597,0.9998
29635873,1769159976000,23,30,0,0,30,30,597,0.9997
29635874,1769159982000,31,23,0,0,23,23,595,0.9999
29635875,1769159988000,23,31,0,0,31,31,597,0.9995
29635876,1769159994000,33,23,0,0,23,23,597,0.9996
29635877,1769160000000,23,33,0,0,33,33,597,0.9991
29635878,1769160006000,32,23,0,0,23,23,597,0.9991
29635879,1769160012000,23,32,0,0,32,32,597,0.9992
29635880,1769160018000,29,23,0,0,23,23,597,0.9989
29635881,1769160024000,27,29,0,0,29,29,597,0.999
29635882,1769160030000,1,27,0,0,27,27,596,0.9996
29635883,1769160036000,34,1,0,0,1,1,597,0.9899
29635884,1769160042000,21,34,0,0,34,34,597,1
29635885,1769160048000,32,21,0,0,21,21,597,0.9992
29635886,1769160054000,21,32,0,0,32,32,597,0.9992
29635887,1769160060000,34,21,0,0,21,21,597,0.999
29635888,1769160066000,19,34,0,0,34,34,597,0.9999
29635889,1769160072000,34,19,0,0,19,19,597,0.9993
29635890,1769160078000,18,34,0,0,34,34,597,0.9994
29635891,1769160084000,33,18,0,0,18,18,597,0.9998
29635892,1769160090000,19,33,0,0,33,33,597,0.9995
29635893,1769160096000,34,19,0,0,19,19,597,0.9996
29635894,1769160102000,19,34,0,0,34,34,597,0.9976
29635895,1769160108000,32,19,0,0,19,19,597,0.999
29635896,1769160114000,20,32,0,0,32,32,596,0.9998
29635897,1769160120000,32,20,0,0,20,20,596,0.9997
29635898,1769160126000,19,32,0,0,32,32,596,0.9996
29635899,1769160132000,32,19,0,0,19,19,596,0.9999
29635900,1769160138000,19,32,0,0,32,32,596,1
29635901,1769160144000,33,19,0,0,19,19,596,0.9995
29635902,1769160150000,19,33,0,0,33,33,596,0.9998
29635903,1769160156000,32,19,0,0,19,19,596,0.9997
29635904,1769160162000,19,32,0,0,32,32,596,0.9998
29635905,1769160168000,29,19,0,0,19,19,597,0.9994
29635906,1769160174000,19,29,0,0,29,29,596,0.9998
29635907,1769160180000,31,19,0,0,19,19,595,0.9999
29635908,1769160186000,20,31,0,0,31,31,596,0.9998
29635909,1769160192000,29,20,0,0,20,20,596,1
29635910,1769160198000,22,29,0,0,29,29,595,0.9998
29635911,1769160204000,31,22,0,0,22,22,596,0.9998
29635912,1769160210000,20,31,0,0,31,31,596,0.9996
29635913,1769160216000,33,20,0,0,20,20,596,0.9999
29635914,1769160222000,19,33,0,0,33,33,596,0.9859
29635915,1769160228000,31,19,0,0,19,19,596,0.9995
29635916,1769160234000,20,31,0,0,31,31,596,0.9997
29635917,1769160240000,33,20,0,0,20,20,596,0.9997
29635918,1769160246000,21,33,0,0,33,33,596,0.9999
29635919,1769160252000,30,21,0,0,21,21,596,0.9994
29635920,1769160258000,23,30,0,0,30,30,596,0.9994
29635921,1769160264000,32,23,0,0,23,23,596,0.9998
29635922,1769160270000,22,32,0,0,32,32,596,1
29635923,1769160276000,33,22,0,0,22,22,596,0.9996
29635924,1769160282000,20,33,0,0,33,33,596,0.9999
29635925,1769160288000,34,20,0,0,20,20,596,0.999
29635926,1769160294000,19,34,0,0,34,34,596,0.9998
29635927,1769160300000,32,19,0,0,19,19,596,0.9999
29635928,1769160306000,19,32,0,0,32,32,596,0.9998
29635929,1769160312000,30,19,0,0,19,19,596,0.9998
29635930,1769160318000,19,30,0,0,30,30,596,0.9997
29635931,1769160324000,32,19,0,0,19,19,596,0.9996
29635932,1769160330000,20,32,0,0,32,32,596,0.9996
29635933,1769160336000,31,20,0,0,20,20,596,0.9987
29635934,1769160342000,19,31,0,0,31,31,596,0.9997
29635935,1769160348000,32,19,0,0,19,19,596,0.9992
29635936,1769160354000,23,32,0,0,32,32,596,0.9991
29635937,1769160360000,29,23,0,0,23,23,596,0.9988
29635938,1769160366000,20,29,0,0,29,29,596,0.9987
29635939,1769160372000,29,20,0,0,20,20,596,0.9987
29635940,1769160378000,25,29,0,0,29,29,596,0.9998
29635941,1769160384000,28,25,0,0,25,25,596,0.9997
29635942,1769160390000,26,28,0,0,28,28,596,0.9993
29635943,1769160396000,26,26,0,0,26,26,596,0.9991
29635944,1769160402000,21,26,0,0,26,26,596,0.9994
29635945,1769160408000,27,21,0,0,21,21,596,0.9998
29635946,1769160414000,24,27,0,0,27,27,597,0.9994
29635947,1769160420000,29,24,0,0,24,24,597,0.9986
29635948,1769160426000,23,29,0,0,29,29,596,0.9999
29635949,1769160432000,26,23,0,0,23,23,596,1
29635950,1769160438000,25,26,0,0,26,26,596,0.9993
29635951,1769160444000,28,25,0,0,25,25,597,0.9997
29635952,1769160450000,27,28,0,0,28,28,597,0.9997
29635953,1769160456000,28,27,0,0,27,27,597,0.9998
29635954,1769160462000,28,28,0,0,28,28,597,0.9995
29635955,1769160468000,27,28,0,0,28,28,597,0.9996
29635956,1769160474000,25,27,0,0,27,27,597,0.9998
29635957,1769160480000,28,25,0,0,25,25,597,0.9996
29635958,1769160486000,24,28,0,0,28,28,596,0.9983
29635959,1769160492000,27,24,0,0,24,24,597,0.9984
29635960,1769160498000,26,27,0,0,27,27,597,0.9983
29635961,1769160504000,29,26,0,0,26,26,597,0.9985
29635962,1769160510000,26,29,0,0,29,29,597,0.9999
29635963,1769160516000,27,26,0,0,26,26,597,0.9981
29635964,1769160522000,26,27,0,0,27,27,597,0.9997
29635965,1769160528000,27,26,0,0,26,26,597,0.9995
29635966,1769160534000,25,27,0,0,27,27,597,0.9992
29635967,1769160540000,28,25,0,0,25,25,597,0.9995
29635968,1769160546000,23,28,0,0,28,28,597,0.9995
29635969,1769160552000,27,23,0,0,23,23,597,0.9997
29635970,1769160558000,22,27,0,0,27,27,597,0.9978
29635971,1769160564000,25,22,0,0,22,22,597,0.9995
29635972,1769160570000,28,25,0,0,25,25,597,0.9984
29635973,1769160576000,27,28,0,0,28,28,597,0.9989
29635974,1769160582000,26,27,0,0,27,27,597,0.9991
29635975,1769160588000,28,26,0,0,26,26,597,0.9995
29635976,1769160594000,28,28,0,0,28,28,597,0.9992
29635977,1769160600000,28,28,0,0,28,28,597,0.9989
29635978,1769160606000,23,28,0,0,28,28,597,0.9993
29635979,1769160612000,25,23,0,0,23,23,596,0.9993
29635980,1769160618000,25,25,0,0,25,25,597,0.9988
29635981,1769160624000,26,25,0,0,25,25,597,0.999
29635982,1769160630000,27,26,0,0,26,26,597,0.9994
29635983,1769160636000,26,27,0,0,27,27,597,0.9994
29635984,1769160642000,25,26,0,0,26,26,597,0.9995
29635985,1769160648000,27,25,0,0,25,25,597,0.9999
29635986,1769160654000,26,27,0,0,27,27,597,0.9995
29635987,1769160660000,27,26,0,0,26,26,597,0.9993
29635988,1769160666000,25,27,0,0,27,27,597,0.9994
29635989,1769160672000,24,25,0,0,25,25,597,0.9979
29635990,1769160678000,27,24,0,0,24,24,597,0.9998
29635991,1769160684000,24,27,0,0,27,27,597,0.9994
29635992,1769160690000,24,24,0,0,24,24,597,0.9969
29635993,1769160696000,24,24,0,0,24,24,597,0.9924
29635994,1769160702000,26,24,0,0,24,24,597,0.9996
29635995,1769160708000,25,26,0,0,26,26,597,0.9989
29635996,1769160714000,29,25,0,0,25,25,597,0.9993
29635997,1769160720000,26,29,0,0,29,29,597,0.9998
29635998,1769160726000,26,26,0,0,26,26,597,0.9995
29635999,1769160732000,24,26,0,0,26,26,597,0.9999
29636000,1769160738000,29,24,0,0,24,24,597,0.999
29636001,1769160744000,24,29,0,0,29,29,596,0.9996
29636002,1769160750000,29,24,0,0,24,24,597,0.9997
29636003,1769160756000,24,29,0,0,29,29,597,0.9991
29636004,1769160762000,27,24,0,0,24,24,597,0.9997
29636005,1769160768000,25,27,0,0,27,27,597,0.9991
29636006,1769160774000,26,25,0,0,25,25,597,0.9991
29636007,1769160780000,25,26,0,0,26,26,597,0.9988
29636008,1769160786000,27,25,0,0,25,25,596,0.9993
29636009,1769160792000,25,27,0,0,27,27,597,0.9989
29636010,1769160798000,25,25,0,0,25,25,597,0.9996
29636011,1769160804000,24,25,0,0,25,25,597,0.9989
29636012,1769160810000,27,24,0,0,24,24,597,0.9989
29636013,1769160816000,25,27,0,0,27,27,597,0.9997
29636014,1769160822000,25,25,0,0,25,25,597,0.9991
29636015,1769160828000,24,25,0,0,25,25,597,0.9992
29636016,1769160834000,23,24,0,0,24,24,597,0.9995
29636017,1769160840000,25,23,0,0,23,23,597,0.9994
29636018,1769160846000,26,25,0,0,25,25,597,0.9999
29636019,1769160852000,24,26,0,0,26,26,597,0.9986
29636020,1769160858000,28,24,0,0,24,24,597,0.9996
29636021,1769160864000,24,28,0,0,28,28,597,0.999
29636022,1769160870000,29,24,0,0,24,24,597,0.9994
29636023,1769160876000,25,29,0,0,29,29,597,0.9996
29636024,1769160882000,27,25,0,0,25,25,597,0.9995
29636025,1769160888000,24,27,0,0,27,27,597,0.999
29636026,1769160894000,28,24,0,0,24,24,597,0.9998
29636027,1769160900000,24,28,0,0,28,28,597,0.999
29636028,1769160906000,28,24,0,0,24,24,597,0.9984
29636029,1769160912000,24,28,0,0,28,28,596,0.9998
29636030,1769160918000,25,24,0,0,24,24,597,0.9992
29636031,1769160924000,24,25,0,0,25,25,595,0.9995
29636032,1769160930000,27,24,0,0,24,24,597,0.9985
29636033,1769160936000,22,27,0,0,27,27,597,0.9983
29636034,1769160942000,27,22,0,0,22,22,597,0.9997
29636035,1769160948000,22,27,0,0,27,27,597,0.9996
29636036,1769160954000,27,22,0,0,22,22,597,0.9987
29636037,1769160960000,21,27,0,0,27,27,597,0.9983
29636038,1769160966000,27,21,0,0,21,21,597,0.9998
29636039,1769160972000,21,27,0,0,27,27,597,0.9995
29636040,1769160978000,28,21,0,0,21,21,597,0.9961
29636041,1769160984000,23,28,0,0,28,28,597,0.9978
29636042,1769160990000,28,23,0,0,23,23,595,0.9989
29636043,1769160996000,23,28,0,0,28,28,597,0.9987
29636044,1769161002000,26,23,0,0,23,23,597,0.9989
29636045,1769161008000,25,26,0,0,26,26,594,0.9994
29636046,1769161014000,26,25,0,0,25,25,597,0.9989
29636047,1769161020000,22,26,0,0,26,26,597,0.9996
29636048,1769161026000,27,22,0,0,22,22,597,0.9995
29636049,1769161032000,21,27,0,0,27,27,597,0.9996
29636050,1769161038000,28,21,0,0,21,21,596,0.9995
29636051,1769161044000,23,28,0,0,28,28,597,0.9993
29636052,1769161050000,29,23,0,0,23,23,597,0.9996
29636053,1769161056000,24,29,0,0,29,29,597,0.9991
29636054,1769161062000,30,24,0,0,24,24,595,0.9995
29636055,1769161068000,24,30,0,0,30,30,597,0.9991
29636056,1769161074000,30,24,0,0,24,24,597,0.9989
29636057,1769161080000,24,30,0,0,30,30,597,0.9991
29636058,1769161086000,28,24,0,0,24,24,596,0.998
29636059,1769161092000,22,28,0,0,28,28,597,0.9996
29636060,1769161098000,31,22,0,0,22,22,597,0.9982
29636061,1769161104000,23,31,0,0,31,31,597,0.9996
29636062,1769161110000,29,23,0,0,23,23,597,0.9995
29636063,1769161116000,20,29,0,0,29,29,597,0.9992
29636064,1769161122000,28,20,0,0,20,20,597,0.9997
29636065,1769161128000,23,28,0,0,28,28,597,0.9994
29636066,1769161134000,30,23,0,0,23,23,597,0.9989
29636067,1769161140000,22,30,0,0,30,30,597,0.9996
29636068,1769161146000,26,22,0,0,22,22,597,0.9997
29636069,1769161152000,21,26,0,0,26,26,597,0.9998
29636070,1769161158000,29,21,0,0,21,21,597,0.9993
29636071,1769161164000,23,29,0,0,29,29,597,0.999
29636072,1769161170000,30,23,0,0,23,23,597,0.9994
29636073,1769161176000,22,30,0,0,30,30,597,0.9993
29636074,1769161182000,29,22,0,0,22,22,597,0.9985
29636075,1769161188000,23,29,0,0,29,29,597,0.9992
29636076,1769161194000,27,23,0,0,23,23,597,0.9995
29636077,1769161200000,21,27,0,0,27,27,593,0.9993
29636078,1769161206000,30,21,0,0,21,21,597,0.9989
29636079,1769161212000,20,30,0,0,30,30,597,0.9989
29636080,1769161218000,32,20,0,0,20,20,597,0.9994
29636081,1769161224000,22,32,0,0,32,32,594,0.9997
29636082,1769161230000,32,22,0,0,22,22,597,0.9991
29636083,1769161236000,23,32,0,0,32,32,597,0.9995
29636084,1769161242000,31,23,0,0,23,23,597,0.9988
29636085,1769161248000,24,31,0,0,31,31,597,0.9979
29636086,1769161254000,31,24,0,0,24,24,597,0.9991
29636087,1769161260000,22,31,0,0,31,31,597,0.9997
29636088,1769161266000,29,22,0,0,22,22,597,0.9993
29636089,1769161272000,23,29,0,0,29,29,597,0.9992
29636090,1769161278000,29,23,0,0,23,23,597,0.9996
29636091,1769161284000,23,29,0,0,29,29,597,0.9984
29636092,1769161290000,33,23,0,0,23,23,597,0.9996
29636093,1769161296000,23,33,0,0,33,33,597,0.9996
29636094,1769161302000,31,23,0,0,23,23,597,0.9992
29636095,1769161308000,22,31,0,0,31,31,597,0.9992
29636096,1769161314000,32,22,0,0,22,22,597,0.9986
29636097,1769161320000,23,32,0,0,32,32,597,0.999
29636098,1769161326000,30,23,0,0,23,23,597,0.9993
29636099,1769161332000,23,30,0,0,30,30,597,0.9994
29636100,1769161338000,30,23,0,0,23,23,597,0.9994
29636101,1769161344000,22,30,0,0,30,30,597,0.9984
29636102,1769161350000,31,22,0,0,22,22,597,0.9986
29636103,1769161356000,22,31,0,0,31,31,597,0.9998
29636104,1769161362000,29,22,0,0,22,22,597,0.999
29636105,1769161368000,22,29,0,0,29,29,597,0.9993
29636106,1769161374000,29,22,0,0,22,22,597,0.9995
29636107,1769161380000,23,29,0,0,29,29,597,0.9993
29636108,1769161386000,28,23,0,0,23,23,597,0.9995
29636109,1769161392000,21,28,0,0,28,28,597,0.9994
29636110,1769161398000,29,21,0,0,21,21,597,0.9992
29636111,1769161404000,22,29,0,0,29,29,597,0.9998
29636112,1769161410000,30,22,0,0,22,22,597,0.9989
29636113,1769161416000,22,30,0,0,30,30,597,0.9991
29636114,1769161422000,28,22,0,0,22,22,597,0.9995
29636115,1769161428000,22,28,0,0,28,28,597,0.9985
29636116,1769161434000,30,22,0,0,22,22,597,0.9992
29636117,1769161440000,21,30,0,0,30,30,597,0.9995
29636118,1769161446000,24,21,0,0,21,21,597,0.9978
29636119,1769161452000,19,24,0,0,24,24,597,0.9997
29636120,1769161458000,30,19,0,0,19,19,597,0.9994
29636121,1769161464000,19,30,0,0,30,30,597,0.9994
29636122,1769161470000,29,19,0,0,19,19,597,0.9993
29636123,1769161476000,24,29,0,0,29,29,597,0.9992
29636124,1769161482000,30,24,0,0,24,24,597,0.9993
29636125,1769161488000,24,30,0,0,30,30,597,0.9998
29636126,1769161494000,31,24,0,0,24,24,597,0.9991
29636127,1769161500000,23,31,0,0,31,31,597,0.9992
29636128,1769161506000,30,23,0,0,23,23,597,0.9998
29636129,1769161512000,24,30,0,0,30,30,596,0.9996
29636130,1769161518000,28,24,0,0,24,24,597,0.9983
29636131,1769161524000,20,28,0,0,28,28,597,0.9993
29636132,1769161530000,29,20,0,0,20,20,597,0.9987
29636133,1769161536000,23,29,0,0,29,29,597,0.9984
29636134,1769161542000,31,23,0,0,23,23,597,0.9981
29636135,1769161548000,23,31,0,0,31,31,596,0.9998
29636136,1769161554000,32,23,0,0,23,23,597,0.9993
29636137,1769161560000,21,32,0,0,32,32,597,0.9993
29636138,1769161566000,29,21,0,0,21,21,597,0.9994
29636139,1769161572000,20,29,0,0,29,29,597,0.9979
29636140,1769161578000,31,20,0,0,20,20,597,0.9997
29636141,1769161584000,17,31,0,0,31,31,597,0.9997
29636142,1769161590000,28,17,0,0,17,17,597,0.9985
29636143,1769161596000,20,28,0,0,28,28,597,0.9866
29636144,1769161602000,25,20,0,0,20,20,597,0.9972
29636145,1769161608000,18,25,0,0,25,25,597,0.9981
29636146,1769161614000,25,18,0,0,18,18,597,0.998
29636147,1769161620000,21,25,0,0,25,25,597,0.999
29636148,1769161626000,27,21,0,0,21,21,597,0.9988
29636149,1769161632000,22,27,0,0,27,27,597,0.9974
29636150,1769161638000,26,22,0,0,22,22,597,0.9955
29636151,1769161644000,25,26,0,0,26,26,597,0.9981
29636152,1769161650000,27,25,0,0,25,25,597,0.9991
29636153,1769161656000,21,27,0,0,27,27,597,0.9991
29636154,1769161662000,29,21,0,0,21,21,597,0.999
29636155,1769161668000,24,29,0,0,29,29,596,0.9997
29636156,1769161674000,30,24,0,0,24,24,597,0.9988
29636157,1769161680000,22,30,0,0,30,30,597,0.9989
29636158,1769161686000,30,22,0,0,22,22,597,0.9989
29636159,1769161692000,22,30,0,0,30,30,597,0.9997
29636160,1769161698000,28,22,0,0,22,22,597,0.9986
29636161,1769161704000,21,28,0,0,28,28,597,0.9989
29636162,1769161710000,29,21,0,0,21,21,597,0.9995
29636163,1769161716000,23,29,0,0,29,29,597,0.9976
29636164,1769161722000,28,23,0,0,23,23,597,0.9996
29636165,1769161728000,23,28,0,0,28,28,596,0.9998
29636166,1769161734000,27,23,0,0,23,23,597,0.9997
29636167,1769161740000,22,27,0,0,27,27,597,0.9997
29636168,1769161746000,27,22,0,0,22,22,597,0.9991
29636169,1769161752000,21,27,0,0,27,27,597,0.9994
29636170,1769161758000,25,21,0,0,21,21,597,0.999
29636171,1769161764000,23,25,0,0,25,25,597,0.9995
29636172,1769161770000,30,23,0,0,23,23,597,0.9996
29636173,1769161776000,24,30,0,0,30,30,597,0.9991
29636174,1769161782000,29,24,0,0,24,24,597,0.9993
29636175,1769161788000,22,29,0,0,29,29,597,0.9995
29636176,1769161794000,30,22,0,0,22,22,597,0.9989
29636177,1769161800000,23,30,0,0,30,30,597,0.9996
29636178,1769161806000,27,23,0,0,23,23,597,0.9992
29636179,1769161812000,22,27,0,0,27,27,597,0.9996
29636180,1769161818000,27,22,0,0,22,22,597,0.998
29636181,1769161824000,24,27,0,0,27,27,597,0.999
29636182,1769161830000,29,24,0,0,24,24,597,0.9991
29636183,1769161836000,23,29,0,0,29,29,597,0.9986
29636184,1769161842000,27,23,0,0,23,23,597,0.9995
29636185,1769161848000,22,27,0,0,27,27,597,0.9993
29636186,1769161854000,26,22,0,0,22,22,597,0.9987
29636187,1769161860000,21,26,0,0,26,26,597,0.9996
29636188,1769161866000,27,21,0,0,21,21,597,1
29636189,1769161872000,22,27,0,0,27,27,597,0.9985
29636190,1769161878000,29,22,0,0,22,22,597,0.9979
29636191,1769161884000,23,29,0,0,29,29,597,0.9986
29636192,1769161890000,30,23,0,0,23,23,597,0.9995
29636193,1769161896000,23,30,0,0,30,30,597,0.9996
29636194,1769161902000,30,23,0,0,23,23,597,0.9996
29636195,1769161908000,24,30,0,0,30,30,597,0.9993
29636196,1769161914000,30,24,0,0,24,24,597,0.999
29636197,1769161920000,24,30,0,0,30,30,597,0.9993
29636198,1769161926000,27,24,0,0,24,24,597,0.9964
29636199,1769161932000,24,27,0,0,27,27,597,0.9989
29636200,1769161938000,29,24,0,0,24,24,597,0.999
29636201,1769161944000,24,29,0,0,29,29,597,0.9993
29636202,1769161950000,29,24,0,0,24,24,597,0.9966
29636203,1769161956000,22,29,0,0,29,29,597,0.9988
29636204,1769161962000,28,22,0,0,22,22,597,0.9992
29636205,1769161968000,25,28,0,0,28,28,597,0.9989
29636206,1769161974000,30,25,0,0,25,25,597,0.9999
29636207,1769161980000,21,30,0,0,30,30,597,0.9991
29636208,1769161986000,29,21,0,0,21,21,597,0.9996
29636209,1769161992000,23,29,0,0,29,29,597,0.9994
29636210,1769161998000,30,23,0,0,23,23,597,0.9996
29636211,1769162004000,20,30,0,0,30,30,597,0.9992
29636212,1769162010000,29,20,0,0,20,20,597,0.9993
29636213,1769162016000,22,29,0,0,29,29,597,0.9988
29636214,1769162022000,29,22,0,0,22,22,597,0.9992
29636215,1769162028000,21,29,0,0,29,29,597,0.9998
29636216,1769162034000,29,21,0,0,21,21,597,0.9999
29636217,1769162040000,22,29,0,0,29,29,597,0.9998
29636218,1769162046000,30,22,0,0,22,22,597,0.9991
29636219,1769162052000,23,30,0,0,30,30,597,0.9995
29636220,1769162058000,29,23,0,0,23,23,597,0.9996
29636221,1769162064000,21,29,0,0,29,29,597,0.9995
29636222,1769162070000,29,21,0,0,21,21,597,0.9994
29636223,1769162076000,21,29,0,0,29,29,597,0.9991
29636224,1769162082000,29,21,0,0,21,21,597,0.9996
29636225,1769162088000,20,29,0,0,29,29,597,0.9992
29636226,1769162094000,28,20,0,0,20,20,597,0.9997
29636227,1769162100000,19,28,0,0,28,28,597,0.9995
29636228,1769162106000,28,19,0,0,19,19,597,0.9997
29636229,1769162112000,23,28,0,0,28,28,597,0.9992
29636230,1769162118000,28,23,0,0,23,23,597,0.9987
29636231,1769162124000,23,28,0,0,28,28,597,0.9975
29636232,1769162130000,31,23,0,0,23,23,597,0.9991
29636233,1769162136000,22,31,0,0,31,31,597,0.9995
29636234,1769162142000,30,22,0,0,22,22,596,0.9994
29636235,1769162148000,20,30,0,0,30,30,597,0.9993
29636236,1769162154000,31,20,0,0,20,20,597,0.9996
29636237,1769162160000,21,31,0,0,31,31,597,0.9973
29636238,1769162166000,28,21,0,0,21,21,597,0.9992
29636239,1769162172000,22,28,0,0,28,28,597,0.9981
29636240,1769162178000,31,22,0,0,22,22,597,0.9995
29636241,1769162184000,21,31,0,0,31,31,597,0.9987
29636242,1769162190000,31,21,0,0,21,21,597,0.9993
