block_number,timestamp_ms,blob_count,blob_gas_used,excess_blob_gas
23200064,1755907211000,0,0,0
23200065,1755907223000,3,393216,0
23200066,1755907235000,0,0,0
23200067,1755907247000,7,917504,0
23200068,1755907259000,9,1179648,131072
23200069,1755907271000,6,786432,524288
23200070,1755907283000,3,393216,524288
23200071,1755907295000,9,1179648,131072
23200072,1755907307000,0,0,524288
23200073,1755907319000,0,0,0
23200074,1755907331000,0,0,0
23200075,1755907343000,9,1179648,0
23200076,1755907355000,9,1179648,393216
23200077,1755907367000,9,1179648,786432
23200078,1755907379000,0,0,1179648
23200079,1755907391000,7,917504,393216
23200080,1755907403000,0,0,524288
23200081,1755907427000,7,917504,0
23200082,1755907439000,9,1179648,131072
23200083,1755907451000,7,917504,524288
23200084,1755907463000,0,0,655360
23200085,1755907475000,0,0,0
23200086,1755907487000,7,917504,0
23200087,1755907499000,7,917504,131072
23200088,1755907511000,6,786432,262144
23200089,1755907523000,6,786432,262144
23200090,1755907535000,0,0,262144
23200091,1755907547000,3,393216,0
23200092,1755907559000,9,1179648,0
23200093,1755907571000,7,917504,393216
23200094,1755907583000,7,917504,524288
23200095,1755907595000,9,1179648,655360
23200096,1755907607000,9,1179648,1048576
23200097,1755907619000,7,917504,1441792
23200098,1755907631000,0,0,1572864
23200099,1755907643000,3,393216,786432
23200100,1755907655000,0,0,393216
23200101,1755907667000,9,1179648,0
23200102,1755907679000,7,917504,393216
23200103,1755907691000,3,393216,524288
23200104,1755907703000,0,0,131072
23200105,1755907715000,7,917504,0
23200106,1755907727000,0,0,131072
23200107,1755907739000,0,0,0
23200108,1755907751000,7,917504,0
23200109,1755907763000,9,1179648,131072
23200110,1755907775000,9,1179648,524288
23200111,1755907787000,9,1179648,917504
23200112,1755907799000,0,0,1310720
23200113,1755907811000,3,393216,524288
23200114,1755907823000,3,393216,131072
23200115,1755907835000,9,1179648,0
23200116,1755907847000,7,917504,393216
23200117,1755907859000,0,0,524288
23200118,1755907871000,7,917504,0
23200119,1755907883000,3,393216,131072
23200120,1755907895000,0,0,0
23200121,1755907907000,3,393216,0
23200122,1755907919000,9,1179648,0
23200123,1755907931000,3,393216,393216
23200124,1755907943000,0,0,0
23200125,1755907955000,0,0,0
23200126,1755907967000,4,524288,0
23200127,1755907979000,6,786432,0
23200128,1755907991000,6,786432,0
23200129,1755908003000,5,655360,0
23200130,1755908015000,3,393216,0
23200131,1755908027000,4,524288,0
23200132,1755908039000,4,524288,0
23200133,1755908051000,6,786432,0
23200134,1755908063000,0,0,0
23200135,1755908075000,7,917504,0
23200136,1755908087000,7,917504,131072
23200137,1755908099000,7,917504,262144
23200138,1755908111000,6,786432,393216
23200139,1755908123000,3,393216,393216
23200140,1755908135000,0,0,0
23200141,1755908147000,3,393216,0
23200142,1755908159000,6,786432,0
23200143,1755908171000,6,786432,0
23200144,1755908183000,3,393216,0
23200145,1755908195000,0,0,0
23200146,1755908207000,0,0,0
23200147,1755908219000,7,917504,0
23200148,1755908231000,6,786432,131072
23200149,1755908243000,7,917504,131072
23200150,1755908255000,7,917504,262144
23200151,1755908267000,3,393216,393216
23200152,1755908279000,3,393216,0
23200153,1755908291000,9,1179648,0
23200154,1755908303000,4,524288,393216
23200155,1755908315000,0,0,131072
23200156,1755908327000,6,786432,0
23200157,1755908339000,3,393216,0
23200158,1755908351000,6,786432,0
23200159,1755908363000,6,786432,0
23200160,1755908375000,9,1179648,0
23200161,1755908387000,8,1048576,393216
23200162,1755908399000,6,786432,655360
23200163,1755908411000,0,0,655360
23200164,1755908423000,6,786432,0
23200165,1755908435000,6,786432,0
23200166,1755908447000,6,786432,0
23200167,1755908459000,9,1179648,0
23200168,1755908471000,3,393216,393216
23200169,1755908483000,6,786432,0
23200170,1755908495000,6,786432,0
23200171,1755908507000,7,917504,0
23200172,1755908519000,0,0,131072
23200173,1755908531000,5,655360,0
23200174,1755908543000,9,1179648,0
23200175,1755908555000,5,655360,393216
23200176,1755908567000,3,393216,262144
23200177,1755908579000,0,0,0
23200178,1755908591000,6,786432,0
23200179,1755908603000,9,1179648,0
23200180,1755908615000,3,393216,393216
23200181,1755908627000,0,0,0
23200182,1755908639000,3,393216,0
23200183,1755908651000,3,393216,0
23200184,1755908663000,4,524288,0
23200185,1755908675000,9,1179648,0
23200186,1755908687000,6,786432,393216
23200187,1755908699000,0,0,393216
23200188,1755908711000,7,917504,0
23200189,1755908723000,0,0,131072
23200190,1755908735000,9,1179648,0
23200191,1755908747000,0,0,393216
23200192,1755908759000,0,0,0
23200193,1755908771000,9,1179648,0
23200194,1755908783000,3,393216,393216
23200195,1755908795000,7,917504,0
23200196,1755908807000,5,655360,131072
23200197,1755908819000,0,0,0
23200198,1755908831000,6,786432,0
23200199,1755908843000,7,917504,0
23200200,1755908855000,0,0,131072
23200201,1755908867000,9,1179648,0
23200202,1755908879000,0,0,393216
23200203,1755908891000,5,655360,0
23200204,1755908903000,3,393216,0
23200205,1755908915000,7,917504,0
23200206,1755908927000,0,0,131072
23200207,1755908939000,9,1179648,0
23200208,1755908951000,4,524288,393216
23200209,1755908963000,0,0,131072
23200210,1755908975000,4,524288,0
23200211,1755908987000,6,786432,0
23200212,1755908999000,7,917504,0
23200213,1755909011000,8,1048576,131072
23200214,1755909023000,0,0,393216
23200215,1755909035000,9,1179648,0
23200216,1755909047000,6,786432,393216
23200217,1755909059000,7,917504,393216
23200218,1755909071000,6,786432,524288
23200219,1755909083000,3,393216,524288
23200220,1755909095000,4,524288,131072
23200221,1755909107000,3,393216,0
23200222,1755909119000,0,0,0
23200223,1755909131000,9,1179648,0
23200224,1755909143000,0,0,393216
23200225,1755909155000,6,786432,0
23200226,1755909167000,0,0,0
23200227,1755909179000,5,655360,0
23200228,1755909191000,9,1179648,0
23200229,1755909203000,3,393216,393216
23200230,1755909215000,0,0,0
23200231,1755909227000,6,786432,0
23200232,1755909239000,6,786432,0
23200233,1755909251000,7,917504,0
23200234,1755909263000,0,0,131072
23200235,1755909275000,6,786432,0
23200236,1755909287000,1,131072,0
23200237,1755909299000,4,524288,0
23200238,1755909311000,6,786432,0
23200239,1755909323000,6,786432,0
23200240,1755909335000,6,786432,0
23200241,1755909347000,3,393216,0
23200242,1755909359000,8,1048576,0
23200243,1755909371000,0,0,262144
23200244,1755909383000,9,1179648,0
23200245,1755909395000,1,131072,393216
23200246,1755909407000,3,393216,0
23200247,1755909419000,3,393216,0
23200248,1755909431000,0,0,0
23200249,1755909443000,7,917504,0
23200250,1755909455000,0,0,131072
23200251,1755909467000,7,917504,0
23200252,1755909479000,0,0,131072
23200253,1755909491000,9,1179648,0
23200254,1755909503000,6,786432,393216
23200255,1755909515000,4,524288,393216
23200256,1755909527000,1,131072,131072
23200257,1755909539000,0,0,0
23200258,1755909551000,0,0,0
23200259,1755909563000,7,917504,0
23200260,1755909575000,6,786432,131072
23200261,1755909587000,9,1179648,131072
23200262,1755909599000,0,0,524288
23200263,1755909611000,4,524288,0
23200264,1755909623000,0,0,0
23200265,1755909635000,0,0,0
23200266,1755909647000,9,1179648,0
23200267,1755909659000,0,0,393216
23200268,1755909671000,8,1048576,0
23200269,1755909683000,0,0,262144
23200270,1755909695000,8,1048576,0
23200271,1755909707000,7,917504,262144
23200272,1755909719000,0,0,393216
23200273,1755909731000,0,0,0
23200274,1755909743000,9,1179648,0
23200275,1755909755000,0,0,393216
23200276,1755909767000,9,1179648,0
23200277,1755909779000,7,917504,393216
23200278,1755909791000,8,1048576,524288
23200279,1755909803000,3,393216,786432
23200280,1755909815000,9,1179648,393216
23200281,1755909827000,7,917504,786432
23200282,1755909839000,9,1179648,917504
23200283,1755909851000,6,786432,1310720
23200284,1755909863000,1,131072,1310720
23200285,1755909875000,4,524288,655360
23200286,1755909887000,0,0,393216
23200287,1755909899000,9,1179648,0
23200288,1755909911000,6,786432,393216
23200289,1755909923000,7,917504,393216
23200290,1755909935000,0,0,524288
23200291,1755909947000,4,524288,0
23200292,1755909959000,9,1179648,0
23200293,1755909971000,5,655360,393216
23200294,1755909983000,6,786432,262144
23200295,1755909995000,8,1048576,262144
23200296,1755910007000,1,131072,524288
23200297,1755910019000,3,393216,0
23200298,1755910031000,6,786432,0
23200299,1755910043000,6,786432,0
23200300,1755910055000,6,786432,0
23200301,1755910067000,0,0,0
23200302,1755910079000,3,393216,0
23200303,1755910091000,5,655360,0
23200304,1755910103000,9,1179648,0
23200305,1755910115000,0,0,393216
23200306,1755910127000,8,1048576,0
23200307,1755910139000,0,0,262144
23200308,1755910151000,0,0,0
23200309,1755910163000,6,786432,0
23200310,1755910175000,3,393216,0
23200311,1755910187000,6,786432,0
23200312,1755910199000,4,524288,0
23200313,1755910211000,0,0,0
23200314,1755910223000,3,393216,0
23200315,1755910235000,6,786432,0
23200316,1755910247000,4,524288,0
23200317,1755910259000,3,393216,0
23200318,1755910271000,0,0,0
23200319,1755910283000,0,0,0
23200320,1755910295000,9,1179648,0
23200321,1755910307000,0,0,393216
23200322,1755910319000,3,393216,0
23200323,1755910331000,6,786432,0
23200324,1755910343000,6,786432,0
23200325,1755910355000,0,0,0
23200326,1755910367000,6,786432,0
23200327,1755910379000,9,1179648,0
23200328,1755910391000,6,786432,393216
23200329,1755910403000,3,393216,393216
23200330,1755910415000,6,786432,0
23200331,1755910427000,3,393216,0
23200332,1755910439000,6,786432,0
23200333,1755910451000,8,1048576,0
23200334,1755910463000,7,917504,262144
23200335,1755910475000,0,0,393216
23200336,1755910487000,4,524288,0
23200337,1755910499000,6,786432,0
23200338,1755910511000,4,524288,0
23200339,1755910523000,2,262144,0
23200340,1755910535000,3,393216,0
23200341,1755910547000,3,393216,0
23200342,1755910559000,0,0,0
23200343,1755910571000,9,1179648,0
23200344,1755910583000,0,0,393216
23200345,1755910595000,3,393216,0
23200346,1755910607000,0,0,0
23200347,1755910619000,3,393216,0
23200348,1755910631000,6,786432,0
23200349,1755910643000,6,786432,0
23200350,1755910655000,0,0,0
23200351,1755910667000,3,393216,0
23200352,1755910679000,0,0,0
23200353,1755910691000,3,393216,0
23200354,1755910703000,7,917504,0
23200355,1755910715000,0,0,131072
23200356,1755910727000,7,917504,0
23200357,1755910739000,6,786432,131072
23200358,1755910751000,6,786432,131072
23200359,1755910763000,3,393216,131072
23200360,1755910775000,7,917504,0
23200361,1755910787000,3,393216,131072
23200362,1755910799000,9,1179648,0
23200363,1755910811000,0,0,393216
23200364,1755910823000,3,393216,0
23200365,1755910835000,9,1179648,0
23200366,1755910847000,7,917504,393216
23200367,1755910859000,0,0,524288
23200368,1755910883000,8,1048576,0
23200369,1755910895000,3,393216,262144
23200370,1755910907000,9,1179648,0
23200371,1755910919000,3,393216,393216
23200372,1755910931000,3,393216,0
23200373,1755910943000,0,0,0
23200374,1755910955000,3,393216,0
23200375,1755910967000,6,786432,0
23200376,1755910979000,4,524288,0
23200377,1755910991000,4,524288,0
23200378,1755911003000,3,393216,0
23200379,1755911015000,0,0,0
23200380,1755911027000,9,1179648,0
23200381,1755911039000,9,1179648,393216
23200382,1755911051000,9,1179648,786432
23200383,1755911063000,0,0,1179648
23200384,1755911075000,9,1179648,393216
23200385,1755911087000,3,393216,786432
23200386,1755911099000,0,0,393216
23200387,1755911111000,9,1179648,0
23200388,1755911123000,3,393216,393216
23200389,1755911135000,0,0,0
23200390,1755911147000,3,393216,0
23200391,1755911159000,6,786432,0
23200392,1755911171000,0,0,0
23200393,1755911183000,6,786432,0
23200394,1755911195000,0,0,0
23200395,1755911207000,6,786432,0
23200396,1755911219000,4,524288,0
23200397,1755911231000,6,786432,0
23200398,1755911243000,6,786432,0
23200399,1755911255000,3,393216,0
23200400,1755911267000,7,917504,0
23200401,1755911279000,3,393216,131072
23200402,1755911291000,0,0,0
23200403,1755911303000,0,0,0
23200404,1755911315000,9,1179648,0
23200405,1755911327000,9,1179648,393216
23200406,1755911339000,0,0,786432
23200407,1755911351000,6,786432,0
23200408,1755911363000,8,1048576,0
23200409,1755911375000,6,786432,262144
23200410,1755911387000,7,917504,262144
23200411,1755911399000,0,0,393216
23200412,1755911411000,3,393216,0
23200413,1755911423000,0,0,0
23200414,1755911435000,0,0,0
23200415,1755911447000,9,1179648,0
23200416,1755911459000,8,1048576,393216
23200417,1755911471000,6,786432,655360
23200418,1755911483000,3,393216,655360
23200419,1755911495000,6,786432,262144
23200420,1755911507000,4,524288,262144
23200421,1755911519000,3,393216,0
23200422,1755911531000,3,393216,0
23200423,1755911543000,0,0,0
23200424,1755911555000,4,524288,0
23200425,1755911567000,9,1179648,0
23200426,1755911579000,3,393216,393216
23200427,1755911591000,4,524288,0
23200428,1755911603000,3,393216,0
23200429,1755911615000,0,0,0
23200430,1755911627000,9,1179648,0
23200431,1755911639000,0,0,393216
23200432,1755911651000,5,655360,0
23200433,1755911663000,3,393216,0
23200434,1755911675000,0,0,0
23200435,1755911687000,0,0,0
23200436,1755911699000,7,917504,0
23200437,1755911711000,9,1179648,131072
23200438,1755911723000,8,1048576,524288
23200439,1755911735000,0,0,786432
23200440,1755911747000,0,0,0
23200441,1755911759000,9,1179648,0
23200442,1755911771000,9,1179648,393216
23200443,1755911783000,0,0,786432
23200444,1755911795000,0,0,0
23200445,1755911807000,9,1179648,0
23200446,1755911819000,9,1179648,393216
23200447,1755911831000,5,655360,786432
23200448,1755911843000,3,393216,655360
23200449,1755911855000,7,917504,262144
23200450,1755911867000,0,0,393216
23200451,1755911879000,9,1179648,0
23200452,1755911891000,7,917504,393216
23200453,1755911903000,6,786432,524288
23200454,1755911915000,3,393216,524288
23200455,1755911927000,4,524288,131072
23200456,1755911939000,0,0,0
23200457,1755911951000,6,786432,0
23200458,1755911963000,6,786432,0
23200459,1755911975000,6,786432,0
23200460,1755911987000,3,393216,0
23200461,1755911999000,8,1048576,0
23200462,1755912011000,0,0,262144
23200463,1755912023000,9,1179648,0
23200464,1755912035000,6,786432,393216
23200465,1755912047000,0,0,393216
23200466,1755912059000,8,1048576,0
23200467,1755912071000,4,524288,262144
23200468,1755912083000,9,1179648,0
23200469,1755912095000,0,0,393216
23200470,1755912107000,3,393216,0
23200471,1755912119000,6,786432,0
23200472,1755912131000,3,393216,0
23200473,1755912143000,3,393216,0
23200474,1755912155000,9,1179648,0
23200475,1755912167000,2,262144,393216
23200476,1755912179000,0,0,0
23200477,1755912191000,3,393216,0
23200478,1755912203000,3,393216,0
23200479,1755912215000,3,393216,0
23200480,1755912227000,3,393216,0
23200481,1755912239000,3,393216,0
23200482,1755912251000,6,786432,0
23200483,1755912263000,9,1179648,0
23200484,1755912275000,0,0,393216
23200485,1755912287000,3,393216,0
23200486,1755912299000,9,1179648,0
23200487,1755912311000,4,524288,393216
23200488,1755912323000,3,393216,131072
23200489,1755912335000,8,1048576,0
23200490,1755912359000,6,786432,262144
23200491,1755912371000,0,0,262144
23200492,1755912383000,7,917504,0
23200493,1755912395000,9,1179648,131072
23200494,1755912407000,7,917504,524288
23200495,1755912419000,7,917504,655360
23200496,1755912431000,9,1179648,786432
23200497,1755912443000,7,917504,1179648
23200498,1755912455000,4,524288,1310720
23200499,1755912467000,0,0,1048576
23200500,1755912479000,9,1179648,262144
23200501,1755912491000,2,262144,655360
23200502,1755912503000,6,786432,131072
23200503,1755912515000,4,524288,131072
23200504,1755912527000,9,1179648,0
23200505,1755912539000,8,1048576,393216
23200506,1755912551000,6,786432,655360
23200507,1755912563000,6,786432,655360
23200508,1755912575000,6,786432,655360
23200509,1755912587000,7,917504,655360
23200510,1755912599000,0,0,786432
23200511,1755912611000,9,1179648,0
23200512,1755912623000,9,1179648,393216
23200513,1755912635000,0,0,786432
23200514,1755912647000,6,786432,0
23200515,1755912659000,9,1179648,0
23200516,1755912671000,7,917504,393216
23200517,1755912683000,9,1179648,524288
23200518,1755912695000,9,1179648,917504
23200519,1755912707000,0,0,1310720
23200520,1755912719000,9,1179648,524288
23200521,1755912731000,6,786432,917504
23200522,1755912743000,9,1179648,917504
23200523,1755912755000,4,524288,1310720
23200524,1755912767000,6,786432,1048576
23200525,1755912779000,8,1048576,1048576
23200526,1755912791000,6,786432,1310720
23200527,1755912803000,0,0,1310720
23200528,1755912815000,7,917504,524288
23200529,1755912827000,9,1179648,655360
23200530,1755912839000,9,1179648,1048576
23200531,1755912851000,9,1179648,1441792
23200532,1755912863000,6,786432,1835008
23200533,1755912875000,0,0,1835008
23200534,1755912887000,9,1179648,1048576
23200535,1755912899000,5,655360,1441792
23200536,1755912911000,9,1179648,1310720
23200537,1755912923000,0,0,1703936
23200538,1755912935000,8,1048576,917504
23200539,1755912947000,8,1048576,1179648
23200540,1755912959000,3,393216,1441792
23200541,1755912971000,0,0,1048576
23200542,1755912983000,9,1179648,262144
23200543,1755912995000,9,1179648,655360
23200544,1755913007000,0,0,1048576
23200545,1755913019000,9,1179648,262144
23200546,1755913031000,9,1179648,655360
23200547,1755913043000,7,917504,1048576
23200548,1755913055000,9,1179648,1179648
23200549,1755913067000,7,917504,1572864
23200550,1755913079000,0,0,1703936
23200551,1755913091000,8,1048576,917504
23200552,1755913103000,9,1179648,1179648
23200553,1755913115000,0,0,1572864
23200554,1755913127000,9,1179648,786432
23200555,1755913139000,9,1179648,1179648
23200556,1755913151000,9,1179648,1572864
23200557,1755913163000,8,1048576,1966080
23200558,1755913175000,9,1179648,2228224
23200559,1755913187000,8,1048576,2621440
23200560,1755913199000,9,1179648,2883584
23200561,1755913211000,7,917504,3276800
23200562,1755913223000,9,1179648,3407872
23200563,1755913235000,9,1179648,3801088
23200564,1755913247000,5,655360,4194304
23200565,1755913259000,6,786432,4063232
23200566,1755913271000,3,393216,4063232
23200567,1755913283000,6,786432,3670016
23200568,1755913295000,9,1179648,3670016
23200569,1755913307000,9,1179648,4063232
23200570,1755913319000,0,0,4456448
23200571,1755913331000,8,1048576,3670016
23200572,1755913343000,9,1179648,3932160
23200573,1755913355000,6,786432,4325376
23200574,1755913367000,6,786432,4325376
23200575,1755913379000,0,0,4325376
23200576,1755913391000,0,0,3538944
23200577,1755913403000,8,1048576,2752512
23200578,1755913415000,9,1179648,3014656
23200579,1755913427000,7,917504,3407872
23200580,1755913439000,4,524288,3538944
23200581,1755913451000,0,0,3276800
23200582,1755913463000,7,917504,2490368
23200583,1755913475000,9,1179648,2621440
23200584,1755913487000,4,524288,3014656
23200585,1755913499000,0,0,2752512
23200586,1755913511000,6,786432,1966080
23200587,1755913523000,4,524288,1966080
23200588,1755913535000,3,393216,1703936
23200589,1755913547000,0,0,1310720
23200590,1755913559000,9,1179648,524288
23200591,1755913571000,9,1179648,917504
23200592,1755913583000,9,1179648,1310720
23200593,1755913595000,0,0,1703936
23200594,1755913607000,6,786432,917504
23200595,1755913619000,4,524288,917504
23200596,1755913631000,5,655360,655360
23200597,1755913643000,0,0,524288
23200598,1755913655000,9,1179648,0
23200599,1755913667000,9,1179648,393216
23200600,1755913679000,0,0,786432
23200601,1755913691000,6,786432,0
23200602,1755913703000,3,393216,0
23200603,1755913715000,6,786432,0
23200604,1755913727000,6,786432,0
23200605,1755913739000,6,786432,0
23200606,1755913751000,4,524288,0
23200607,1755913763000,0,0,0
23200608,1755913775000,3,393216,0
23200609,1755913787000,6,786432,0
23200610,1755913799000,6,786432,0
23200611,1755913811000,6,786432,0
23200612,1755913823000,9,1179648,0
23200613,1755913835000,2,262144,393216
23200614,1755913847000,3,393216,0
23200615,1755913859000,9,1179648,0
23200616,1755913871000,4,524288,393216
23200617,1755913883000,0,0,131072
23200618,1755913895000,6,786432,0
23200619,1755913907000,1,131072,0
23200620,1755913919000,3,393216,0
23200621,1755913931000,6,786432,0
23200622,1755913943000,6,786432,0
23200623,1755913955000,8,1048576,0
23200624,1755913967000,4,524288,262144
23200625,1755913979000,9,1179648,0
23200626,1755913991000,9,1179648,393216
23200627,1755914003000,3,393216,786432
23200628,1755914015000,6,786432,393216
23200629,1755914027000,0,0,393216
23200630,1755914039000,7,917504,0
23200631,1755914051000,7,917504,131072
23200632,1755914063000,6,786432,262144
23200633,1755914075000,4,524288,262144
23200634,1755914087000,6,786432,0
23200635,1755914099000,4,524288,0
23200636,1755914111000,0,0,0
23200637,1755914123000,4,524288,0
23200638,1755914135000,6,786432,0
23200639,1755914147000,6,786432,0
23200640,1755914159000,3,393216,0
23200641,1755914171000,1,131072,0
23200642,1755914183000,7,917504,0
23200643,1755914195000,3,393216,131072
23200644,1755914207000,6,786432,0
23200645,1755914219000,5,655360,0
23200646,1755914231000,3,393216,0
23200647,1755914243000,3,393216,0
23200648,1755914255000,7,917504,0
23200649,1755914267000,3,393216,131072
23200650,1755914279000,6,786432,0
23200651,1755914291000,6,786432,0
23200652,1755914303000,9,1179648,0
23200653,1755914315000,5,655360,393216
23200654,1755914327000,3,393216,262144
23200655,1755914339000,7,917504,0
23200656,1755914351000,0,0,131072
23200657,1755914363000,4,524288,0
23200658,1755914375000,6,786432,0
23200659,1755914387000,6,786432,0
23200660,1755914399000,3,393216,0
23200661,1755914411000,0,0,0
23200662,1755914423000,0,0,0
23200663,1755914435000,0,0,0
23200664,1755914447000,9,1179648,0
23200665,1755914459000,3,393216,393216
23200666,1755914471000,6,786432,0
23200667,1755914483000,0,0,0
23200668,1755914495000,6,786432,0
23200669,1755914507000,6,786432,0
23200670,1755914519000,9,1179648,0
23200671,1755914531000,0,0,393216
23200672,1755914543000,6,786432,0
23200673,1755914555000,9,1179648,0
23200674,1755914567000,4,524288,393216
23200675,1755914579000,4,524288,131072
23200676,1755914591000,7,917504,0
23200677,1755914603000,3,393216,131072
23200678,1755914615000,8,1048576,0
23200679,1755914627000,6,786432,262144
23200680,1755914639000,6,786432,262144
23200681,1755914651000,3,393216,262144
23200682,1755914663000,3,393216,0
23200683,1755914675000,6,786432,0
23200684,1755914687000,0,0,0
23200685,1755914699000,3,393216,0
23200686,1755914711000,9,1179648,0
23200687,1755914723000,9,1179648,393216
23200688,1755914735000,4,524288,786432
23200689,1755914747000,3,393216,524288
23200690,1755914759000,6,786432,131072
23200691,1755914771000,3,393216,131072
23200692,1755914783000,0,0,0
23200693,1755914795000,8,1048576,0
23200694,1755914807000,0,0,262144
23200695,1755914819000,4,524288,0
23200696,1755914831000,0,0,0
23200697,1755914843000,9,1179648,0
23200698,1755914855000,0,0,393216
23200699,1755914867000,8,1048576,0
23200700,1755914879000,9,1179648,262144
23200701,1755914891000,8,1048576,655360
23200702,1755914903000,9,1179648,917504
23200703,1755914915000,4,524288,1310720
23200704,1755914927000,0,0,1048576
23200705,1755914939000,6,786432,262144
23200706,1755914951000,6,786432,262144
23200707,1755914963000,6,786432,262144
23200708,1755914975000,0,0,262144
23200709,1755914987000,0,0,0
23200710,1755914999000,9,1179648,0
23200711,1755915011000,0,0,393216
23200712,1755915023000,8,1048576,0
23200713,1755915035000,9,1179648,262144
23200714,1755915047000,7,917504,655360
23200715,1755915059000,5,655360,786432
23200716,1755915071000,0,0,655360
23200717,1755915083000,6,786432,0
23200718,1755915095000,8,1048576,0
23200719,1755915107000,6,786432,262144
23200720,1755915119000,4,524288,262144
23200721,1755915131000,0,0,0
23200722,1755915143000,3,393216,0
23200723,1755915155000,3,393216,0
23200724,1755915167000,3,393216,0
23200725,1755915179000,3,393216,0
23200726,1755915191000,6,786432,0
23200727,1755915215000,0,0,0
23200728,1755915227000,9,1179648,0
23200729,1755915239000,6,786432,393216
23200730,1755915251000,6,786432,393216
23200731,1755915263000,0,0,393216
23200732,1755915275000,0,0,0
23200733,1755915287000,9,1179648,0
23200734,1755915299000,8,1048576,393216
23200735,1755915311000,9,1179648,655360
23200736,1755915323000,9,1179648,1048576
23200737,1755915335000,6,786432,1441792
23200738,1755915347000,6,786432,1441792
23200739,1755915359000,3,393216,1441792
23200740,1755915371000,6,786432,1048576
23200741,1755915383000,6,786432,1048576
23200742,1755915395000,9,1179648,1048576
23200743,1755915407000,9,1179648,1441792
23200744,1755915419000,6,786432,1835008
23200745,1755915431000,3,393216,1835008
23200746,1755915443000,7,917504,1441792
23200747,1755915455000,6,786432,1572864
23200748,1755915467000,7,917504,1572864
23200749,1755915479000,3,393216,1703936
23200750,1755915491000,0,0,1310720
23200751,1755915503000,3,393216,524288
23200752,1755915515000,6,786432,131072
23200753,1755915527000,3,393216,131072
23200754,1755915539000,6,786432,0
23200755,1755915563000,6,786432,0
23200756,1755915575000,8,1048576,0
23200757,1755915587000,9,1179648,262144
23200758,1755915599000,8,1048576,655360
23200759,1755915611000,0,0,917504
23200760,1755915623000,6,786432,131072
23200761,1755915635000,3,393216,131072
23200762,1755915647000,6,786432,0
23200763,1755915659000,3,393216,0
23200764,1755915671000,6,786432,0
23200765,1755915683000,3,393216,0
23200766,1755915695000,6,786432,0
23200767,1755915707000,6,786432,0
23200768,1755915719000,0,0,0
23200769,1755915731000,9,1179648,0
23200770,1755915743000,3,393216,393216
23200771,1755915755000,3,393216,0
23200772,1755915767000,0,0,0
23200773,1755915779000,7,917504,0
23200774,1755915791000,3,393216,131072
23200775,1755915803000,0,0,0
23200776,1755915815000,4,524288,0
23200777,1755915827000,5,655360,0
23200778,1755915839000,7,917504,0
23200779,1755915851000,7,917504,131072
23200780,1755915863000,6,786432,262144
23200781,1755915875000,3,393216,262144
23200782,1755915887000,9,1179648,0
23200783,1755915899000,8,1048576,393216
23200784,1755915911000,9,1179648,655360
23200785,1755915923000,9,1179648,1048576
23200786,1755915935000,3,393216,1441792
23200787,1755915947000,6,786432,1048576
23200788,1755915959000,4,524288,1048576
23200789,1755915971000,0,0,786432
23200790,1755915983000,9,1179648,0
23200791,1755915995000,6,786432,393216
23200792,1755916007000,0,0,393216
23200793,1755916019000,0,0,0
23200794,1755916031000,6,786432,0
23200795,1755916043000,8,1048576,0
23200796,1755916055000,9,1179648,262144
23200797,1755916067000,9,1179648,655360
23200798,1755916079000,6,786432,1048576
23200799,1755916091000,6,786432,1048576
23200800,1755916103000,6,786432,1048576
23200801,1755916115000,0,0,1048576
23200802,1755916127000,6,786432,262144
23200803,1755916139000,0,0,262144
23200804,1755916151000,0,0,0
23200805,1755916163000,6,786432,0
23200806,1755916175000,9,1179648,0
23200807,1755916187000,9,1179648,393216
23200808,1755916199000,8,1048576,786432
23200809,1755916211000,0,0,1048576
23200810,1755916223000,6,786432,262144
23200811,1755916235000,9,1179648,262144
23200812,1755916247000,8,1048576,655360
23200813,1755916259000,6,786432,917504
23200814,1755916271000,0,0,917504
23200815,1755916283000,0,0,131072
23200816,1755916295000,9,1179648,0
23200817,1755916307000,0,0,393216
23200818,1755916319000,6,786432,0
23200819,1755916331000,7,917504,0
23200820,1755916343000,0,0,131072
23200821,1755916355000,0,0,0
23200822,1755916367000,0,0,0
23200823,1755916379000,0,0,0
23200824,1755916391000,9,1179648,0
23200825,1755916403000,9,1179648,393216
23200826,1755916415000,9,1179648,786432
23200827,1755916427000,0,0,1179648
23200828,1755916439000,0,0,393216
23200829,1755916451000,9,1179648,0
23200830,1755916463000,0,0,393216
23200831,1755916475000,9,1179648,0
23200832,1755916487000,9,1179648,393216
23200833,1755916499000,9,1179648,786432
23200834,1755916511000,3,393216,1179648
23200835,1755916523000,0,0,786432
23200836,1755916535000,0,0,0
23200837,1755916547000,0,0,0
23200838,1755916559000,0,0,0
23200839,1755916571000,9,1179648,0
23200840,1755916583000,6,786432,393216
23200841,1755916595000,0,0,393216
23200842,1755916607000,9,1179648,0
23200843,1755916619000,8,1048576,393216
23200844,1755916631000,9,1179648,655360
23200845,1755916643000,9,1179648,1048576
23200846,1755916655000,0,0,1441792
23200847,1755916667000,8,1048576,655360
23200848,1755916679000,9,1179648,917504
23200849,1755916691000,0,0,1310720
23200850,1755916703000,9,1179648,524288
23200851,1755916715000,0,0,917504
23200852,1755916727000,9,1179648,131072
23200853,1755916739000,8,1048576,524288
23200854,1755916751000,9,1179648,786432
23200855,1755916763000,8,1048576,1179648
23200856,1755916775000,9,1179648,1441792
23200857,1755916787000,0,0,1835008
23200858,1755916799000,9,1179648,1048576
23200859,1755916811000,8,1048576,1441792
23200860,1755916823000,0,0,1703936
23200861,1755916835000,6,786432,917504
23200862,1755916847000,9,1179648,917504
23200863,1755916859000,8,1048576,1310720
23200864,1755916871000,7,917504,1572864
23200865,1755916883000,9,1179648,1703936
23200866,1755916895000,5,655360,2097152
23200867,1755916907000,9,1179648,1966080
23200868,1755916919000,3,393216,2359296
23200869,1755916931000,9,1179648,1966080
23200870,1755916943000,6,786432,2359296
23200871,1755916955000,3,393216,2359296
23200872,1755916967000,6,786432,1966080
23200873,1755916979000,5,655360,1966080
23200874,1755916991000,0,0,1835008
23200875,1755917003000,6,786432,1048576
23200876,1755917015000,0,0,1048576
23200877,1755917027000,6,786432,262144
23200878,1755917039000,7,917504,262144
23200879,1755917051000,6,786432,393216
23200880,1755917063000,3,393216,393216
23200881,1755917075000,9,1179648,0
23200882,1755917087000,0,0,393216
23200883,1755917099000,0,0,0
23200884,1755917111000,7,917504,0
23200885,1755917123000,8,1048576,131072
23200886,1755917135000,0,0,393216
23200887,1755917147000,9,1179648,0
23200888,1755917159000,4,524288,393216
23200889,1755917171000,3,393216,131072
23200890,1755917183000,6,786432,0
23200891,1755917195000,3,393216,0
23200892,1755917207000,7,917504,0
23200893,1755917219000,7,917504,131072
23200894,1755917231000,7,917504,262144
23200895,1755917243000,9,1179648,393216
23200896,1755917255000,2,262144,786432
23200897,1755917267000,3,393216,262144
23200898,1755917279000,9,1179648,0
23200899,1755917291000,3,393216,393216
23200900,1755917303000,0,0,0
23200901,1755917315000,0,0,0
23200902,1755917327000,3,393216,0
23200903,1755917339000,9,1179648,0
23200904,1755917351000,0,0,393216
23200905,1755917363000,9,1179648,0
23200906,1755917375000,0,0,393216
23200907,1755917387000,3,393216,0
23200908,1755917399000,0,0,0
23200909,1755917411000,8,1048576,0
23200910,1755917423000,8,1048576,262144
23200911,1755917435000,3,393216,524288
23200912,1755917447000,6,786432,131072
23200913,1755917459000,5,655360,131072
23200914,1755917471000,0,0,0
23200915,1755917483000,0,0,0
23200916,1755917495000,9,1179648,0
23200917,1755917507000,3,393216,393216
23200918,1755917519000,3,393216,0
23200919,1755917531000,1,131072,0
23200920,1755917543000,7,917504,0
23200921,1755917555000,0,0,131072
23200922,1755917567000,9,1179648,0
23200923,1755917579000,4,524288,393216
23200924,1755917591000,9,1179648,131072
23200925,1755917603000,0,0,524288
23200926,1755917615000,9,1179648,0
23200927,1755917627000,6,786432,393216
23200928,1755917639000,0,0,393216
23200929,1755917651000,3,393216,0
23200930,1755917663000,7,917504,0
23200931,1755917675000,6,786432,131072
23200932,1755917687000,6,786432,131072
23200933,1755917699000,4,524288,131072
23200934,1755917711000,2,262144,0
23200935,1755917723000,8,1048576,0
23200936,1755917735000,9,1179648,262144
23200937,1755917747000,3,393216,655360
23200938,1755917759000,9,1179648,262144
23200939,1755917771000,0,0,655360
23200940,1755917783000,4,524288,0
23200941,1755917795000,4,524288,0
23200942,1755917807000,3,393216,0
23200943,1755917819000,6,786432,0
23200944,1755917831000,0,0,0
23200945,1755917843000,0,0,0
23200946,1755917855000,6,786432,0
23200947,1755917867000,6,786432,0
23200948,1755917879000,3,393216,0
23200949,1755917891000,0,0,0
23200950,1755917903000,3,393216,0
23200951,1755917915000,0,0,0
23200952,1755917927000,9,1179648,0
23200953,1755917939000,0,0,393216
23200954,1755917951000,6,786432,0
23200955,1755917963000,9,1179648,0
23200956,1755917975000,0,0,393216
23200957,1755917987000,6,786432,0
23200958,1755917999000,9,1179648,0
23200959,1755918011000,9,1179648,393216
23200960,1755918023000,0,0,786432
23200961,1755918035000,0,0,0
23200962,1755918047000,7,917504,0
23200963,1755918059000,6,786432,131072
23200964,1755918071000,0,0,131072
23200965,1755918083000,0,0,0
23200966,1755918095000,9,1179648,0
23200967,1755918107000,9,1179648,393216
23200968,1755918119000,6,786432,786432
23200969,1755918131000,6,786432,786432
23200970,1755918143000,7,917504,786432
23200971,1755918155000,0,0,917504
23200972,1755918167000,0,0,131072
23200973,1755918179000,9,1179648,0
23200974,1755918191000,6,786432,393216
23200975,1755918203000,9,1179648,393216
23200976,1755918215000,4,524288,786432
23200977,1755918227000,8,1048576,524288
23200978,1755918239000,9,1179648,786432
23200979,1755918251000,3,393216,1179648
23200980,1755918263000,9,1179648,786432
23200981,1755918275000,0,0,1179648
23200982,1755918287000,3,393216,393216
23200983,1755918299000,9,1179648,0
23200984,1755918311000,9,1179648,393216
23200985,1755918323000,1,131072,786432
23200986,1755918335000,3,393216,131072
23200987,1755918347000,0,0,0
23200988,1755918359000,0,0,0
23200989,1755918371000,6,786432,0
23200990,1755918383000,8,1048576,0
23200991,1755918395000,3,393216,262144
23200992,1755918407000,7,917504,0
23200993,1755918419000,4,524288,131072
23200994,1755918431000,9,1179648,0
23200995,1755918443000,0,0,393216
23200996,1755918455000,5,655360,0
23200997,1755918467000,9,1179648,0
23200998,1755918479000,8,1048576,393216
23200999,1755918491000,3,393216,655360
23201000,1755918503000,6,786432,262144
23201001,1755918515000,6,786432,262144
23201002,1755918527000,4,524288,262144
23201003,1755918539000,3,393216,0
23201004,1755918551000,3,393216,0
23201005,1755918563000,1,131072,0
23201006,1755918575000,9,1179648,0
23201007,1755918587000,4,524288,393216
23201008,1755918599000,7,917504,131072
23201009,1755918611000,0,0,262144
23201010,1755918623000,3,393216,0
23201011,1755918635000,3,393216,0
23201012,1755918647000,6,786432,0
23201013,1755918659000,6,786432,0
23201014,1755918671000,8,1048576,0
23201015,1755918683000,9,1179648,262144
23201016,1755918695000,0,0,655360
23201017,1755918707000,7,917504,0
23201018,1755918719000,9,1179648,131072
23201019,1755918731000,3,393216,524288
23201020,1755918743000,0,0,131072
23201021,1755918755000,3,393216,0
23201022,1755918767000,0,0,0
23201023,1755918779000,9,1179648,0
23201024,1755918791000,3,393216,393216
23201025,1755918803000,0,0,0
23201026,1755918815000,3,393216,0
23201027,1755918827000,1,131072,0
23201028,1755918839000,3,393216,0
23201029,1755918851000,9,1179648,0
23201030,1755918863000,3,393216,393216
23201031,1755918875000,6,786432,0
23201032,1755918887000,4,524288,0
23201033,1755918899000,4,524288,0
23201034,1755918911000,0,0,0
23201035,1755918923000,9,1179648,0
23201036,1755918935000,4,524288,393216
23201037,1755918947000,3,393216,131072
23201038,1755918959000,1,131072,0
23201039,1755918971000,3,393216,0
23201040,1755918983000,3,393216,0
23201041,1755918995000,8,1048576,0
23201042,1755919007000,6,786432,262144
23201043,1755919019000,3,393216,262144
23201044,1755919031000,1,131072,0
23201045,1755919043000,0,0,0
23201046,1755919055000,0,0,0
23201047,1755919067000,6,786432,0
23201048,1755919079000,9,1179648,0
23201049,1755919091000,0,0,393216
23201050,1755919103000,6,786432,0
23201051,1755919115000,6,786432,0
23201052,1755919127000,7,917504,0
23201053,1755919139000,9,1179648,131072
23201054,1755919151000,5,655360,524288
23201055,1755919163000,0,0,393216
23201056,1755919175000,1,131072,0
23201057,1755919187000,5,655360,0
23201058,1755919199000,0,0,0
23201059,1755919211000,0,0,0
23201060,1755919223000,9,1179648,0
23201061,1755919235000,6,786432,393216
23201062,1755919247000,8,1048576,393216
23201063,1755919259000,4,524288,655360
23201064,1755919271000,6,786432,393216
23201065,1755919283000,6,786432,393216
23201066,1755919295000,6,786432,393216
23201067,1755919307000,8,1048576,393216
23201068,1755919319000,6,786432,655360
23201069,1755919331000,0,0,655360
23201070,1755919343000,0,0,0
23201071,1755919355000,9,1179648,0
23201072,1755919367000,6,786432,393216
23201073,1755919379000,0,0,393216
23201074,1755919391000,3,393216,0
23201075,1755919403000,3,393216,0
23201076,1755919415000,3,393216,0
23201077,1755919427000,7,917504,0
23201078,1755919439000,3,393216,131072
23201079,1755919451000,6,786432,0
23201080,1755919463000,6,786432,0
23201081,1755919475000,0,0,0
23201082,1755919487000,7,917504,0
23201083,1755919499000,7,917504,131072
23201084,1755919511000,4,524288,262144
23201085,1755919523000,3,393216,0
23201086,1755919535000,3,393216,0
23201087,1755919547000,6,786432,0
23201088,1755919559000,0,0,0
23201089,1755919571000,3,393216,0
23201090,1755919583000,3,393216,0
23201091,1755919595000,3,393216,0
23201092,1755919607000,8,1048576,0
23201093,1755919619000,0,0,262144
23201094,1755919631000,9,1179648,0
23201095,1755919643000,6,786432,393216
23201096,1755919655000,7,917504,393216
23201097,1755919667000,2,262144,524288
23201098,1755919679000,3,393216,0
23201099,1755919691000,9,1179648,0
23201100,1755919703000,4,524288,393216
23201101,1755919715000,0,0,131072
23201102,1755919727000,3,393216,0
23201103,1755919739000,0,0,0
23201104,1755919751000,9,1179648,0
23201105,1755919763000,9,1179648,393216
23201106,1755919775000,6,786432,786432
23201107,1755919787000,6,786432,786432
23201108,1755919799000,1,131072,786432
23201109,1755919811000,6,786432,131072
23201110,1755919823000,0,0,131072
23201111,1755919835000,9,1179648,0
23201112,1755919847000,3,393216,393216
23201113,1755919859000,0,0,0
23201114,1755919871000,3,393216,0
23201115,1755919883000,0,0,0
23201116,1755919895000,6,786432,0
23201117,1755919907000,7,917504,0
23201118,1755919919000,0,0,131072
23201119,1755919931000,0,0,0
23201120,1755919943000,6,786432,0
23201121,1755919955000,8,1048576,0
23201122,1755919967000,9,1179648,262144
23201123,1755919979000,4,524288,655360
23201124,1755919991000,0,0,393216
23201125,1755920003000,4,524288,0
23201126,1755920015000,0,0,0
23201127,1755920027000,6,786432,0
23201128,1755920039000,9,1179648,0
23201129,1755920051000,8,1048576,393216
23201130,1755920063000,0,0,655360
23201131,1755920075000,3,393216,0
23201132,1755920087000,0,0,0
23201133,1755920099000,0,0,0
23201134,1755920111000,7,917504,0
23201135,1755920123000,9,1179648,131072
23201136,1755920135000,6,786432,524288
23201137,1755920147000,1,131072,524288
23201138,1755920159000,0,0,0
23201139,1755920171000,9,1179648,0
23201140,1755920183000,4,524288,393216
23201141,1755920195000,7,917504,131072
23201142,1755920207000,3,393216,262144
23201143,1755920219000,6,786432,0
23201144,1755920231000,3,393216,0
23201145,1755920243000,0,0,0
23201146,1755920255000,6,786432,0
23201147,1755920267000,6,786432,0
23201148,1755920279000,5,655360,0
23201149,1755920291000,6,786432,0
23201150,1755920303000,0,0,0
23201151,1755920315000,6,786432,0
23201152,1755920327000,4,524288,0
23201153,1755920339000,0,0,0
23201154,1755920351000,6,786432,0
23201155,1755920363000,5,655360,0
23201156,1755920375000,1,131072,0
23201157,1755920387000,7,917504,0
23201158,1755920399000,7,917504,131072
23201159,1755920411000,4,524288,262144
23201160,1755920423000,9,1179648,0
23201161,1755920435000,0,0,393216
23201162,1755920447000,7,917504,0
23201163,1755920459000,0,0,131072
23201164,1755920471000,3,393216,0
23201165,1755920483000,9,1179648,0
23201166,1755920495000,3,393216,393216
23201167,1755920507000,9,1179648,0
23201168,1755920519000,7,917504,393216
23201169,1755920531000,0,0,524288
23201170,1755920543000,3,393216,0
23201171,1755920555000,6,786432,0
23201172,1755920567000,0,0,0
23201173,1755920579000,7,917504,0
23201174,1755920591000,9,1179648,131072
23201175,1755920603000,1,131072,524288
23201176,1755920615000,3,393216,0
23201177,1755920627000,4,524288,0
23201178,1755920639000,0,0,0
23201179,1755920651000,0,0,0
23201180,1755920663000,6,786432,0
23201181,1755920675000,7,917504,0
23201182,1755920687000,4,524288,131072
23201183,1755920699000,9,1179648,0
23201184,1755920711000,4,524288,393216
23201185,1755920723000,6,786432,131072
23201186,1755920735000,5,655360,131072
23201187,1755920747000,0,0,0
23201188,1755920759000,6,786432,0
23201189,1755920771000,0,0,0
23201190,1755920783000,3,393216,0
23201191,1755920795000,0,0,0
23201192,1755920807000,0,0,0
23201193,1755920819000,9,1179648,0
23201194,1755920831000,9,1179648,393216
23201195,1755920843000,7,917504,786432
23201196,1755920855000,6,786432,917504
23201197,1755920867000,8,1048576,917504
23201198,1755920879000,7,917504,1179648
23201199,1755920891000,0,0,1310720
23201200,1755920903000,9,1179648,524288
23201201,1755920915000,7,917504,917504
23201202,1755920927000,8,1048576,1048576
23201203,1755920939000,4,524288,1310720
23201204,1755920951000,6,786432,1048576
23201205,1755920963000,3,393216,1048576
23201206,1755920975000,6,786432,655360
23201207,1755920987000,3,393216,655360
23201208,1755920999000,3,393216,262144
23201209,1755921011000,3,393216,0
23201210,1755921023000,0,0,0
23201211,1755921035000,7,917504,0
23201212,1755921047000,6,786432,131072
23201213,1755921059000,3,393216,131072
23201214,1755921071000,1,131072,0
23201215,1755921083000,7,917504,0
23201216,1755921095000,3,393216,131072
23201217,1755921107000,1,131072,0
23201218,1755921119000,9,1179648,0
23201219,1755921131000,0,0,393216
23201220,1755921143000,3,393216,0
23201221,1755921155000,1,131072,0
23201222,1755921167000,3,393216,0
23201223,1755921179000,4,524288,0
23201224,1755921191000,9,1179648,0
23201225,1755921203000,8,1048576,393216
23201226,1755921215000,3,393216,655360
23201227,1755921227000,3,393216,262144
23201228,1755921239000,3,393216,0
23201229,1755921251000,0,0,0
23201230,1755921263000,3,393216,0
23201231,1755921275000,6,786432,0
23201232,1755921287000,0,0,0
23201233,1755921299000,4,524288,0
23201234,1755921311000,0,0,0
23201235,1755921323000,3,393216,0
23201236,1755921335000,0,0,0
23201237,1755921347000,8,1048576,0
23201238,1755921359000,0,0,262144
23201239,1755921371000,7,917504,0
23201240,1755921383000,9,1179648,131072
23201241,1755921395000,6,786432,524288
23201242,1755921407000,6,786432,524288
23201243,1755921419000,6,786432,524288
23201244,1755921431000,3,393216,524288
23201245,1755921443000,6,786432,131072
23201246,1755921455000,3,393216,131072
23201247,1755921467000,0,0,0
23201248,1755921479000,9,1179648,0
23201249,1755921491000,1,131072,393216
23201250,1755921503000,3,393216,0
23201251,1755921515000,0,0,0
23201252,1755921527000,8,1048576,0
23201253,1755921539000,3,393216,262144
23201254,1755921551000,3,393216,0
23201255,1755921563000,6,786432,0
23201256,1755921575000,6,786432,0
23201257,1755921587000,4,524288,0
23201258,1755921599000,3,393216,0
23201259,1755921611000,0,0,0
23201260,1755921623000,4,524288,0
23201261,1755921635000,6,786432,0
23201262,1755921647000,7,917504,0
23201263,1755921659000,3,393216,131072
23201264,1755921671000,3,393216,0
23201265,1755921683000,0,0,0
23201266,1755921695000,3,393216,0
23201267,1755921707000,7,917504,0
23201268,1755921719000,6,786432,131072
23201269,1755921731000,1,131072,131072
23201270,1755921743000,5,655360,0
23201271,1755921755000,0,0,0
23201272,1755921767000,0,0,0
23201273,1755921779000,7,917504,0
23201274,1755921791000,7,917504,131072
23201275,1755921803000,9,1179648,262144
23201276,1755921815000,9,1179648,655360
23201277,1755921839000,9,1179648,1048576
23201278,1755921851000,9,1179648,1441792
23201279,1755921863000,0,0,1835008
23201280,1755921875000,9,1179648,1048576
23201281,1755921887000,0,0,1441792
23201282,1755921899000,9,1179648,655360
23201283,1755921911000,6,786432,1048576
23201284,1755921923000,9,1179648,1048576
23201285,1755921935000,6,786432,1441792
23201286,1755921947000,9,1179648,1441792
23201287,1755921959000,9,1179648,1835008
23201288,1755921971000,7,917504,2228224
23201289,1755921983000,6,786432,2359296
23201290,1755921995000,9,1179648,2359296
23201291,1755922007000,0,0,2752512
23201292,1755922019000,6,786432,1966080
23201293,1755922031000,3,393216,1966080
23201294,1755922043000,0,0,1572864
23201295,1755922055000,4,524288,786432
23201296,1755922067000,0,0,524288
23201297,1755922079000,7,917504,0
23201298,1755922091000,7,917504,131072
23201299,1755922103000,6,786432,262144
23201300,1755922115000,0,0,262144
23201301,1755922127000,6,786432,0
23201302,1755922139000,0,0,0
23201303,1755922151000,6,786432,0
23201304,1755922163000,9,1179648,0
23201305,1755922175000,5,655360,393216
23201306,1755922187000,0,0,262144
23201307,1755922199000,8,1048576,0
23201308,1755922211000,9,1179648,262144
23201309,1755922223000,1,131072,655360
23201310,1755922235000,6,786432,0
23201311,1755922247000,0,0,0
23201312,1755922259000,3,393216,0
23201313,1755922271000,7,917504,0
23201314,1755922283000,9,1179648,131072
23201315,1755922295000,0,0,524288
23201316,1755922307000,9,1179648,0
23201317,1755922319000,6,786432,393216
23201318,1755922331000,6,786432,393216
23201319,1755922343000,1,131072,393216
23201320,1755922355000,9,1179648,0
23201321,1755922367000,3,393216,393216
23201322,1755922379000,0,0,0
23201323,1755922391000,0,0,0
23201324,1755922403000,0,0,0
23201325,1755922415000,6,786432,0
23201326,1755922427000,9,1179648,0
23201327,1755922439000,3,393216,393216
23201328,1755922451000,4,524288,0
23201329,1755922463000,0,0,0
23201330,1755922475000,0,0,0
23201331,1755922487000,8,1048576,0
23201332,1755922499000,7,917504,262144
23201333,1755922511000,3,393216,393216
23201334,1755922523000,3,393216,0
23201335,1755922535000,3,393216,0
23201336,1755922547000,1,131072,0
23201337,1755922559000,6,786432,0
23201338,1755922571000,9,1179648,0
23201339,1755922583000,4,524288,393216
23201340,1755922595000,6,786432,131072
23201341,1755922607000,3,393216,131072
23201342,1755922619000,1,131072,0
23201343,1755922631000,6,786432,0
23201344,1755922643000,6,786432,0
23201345,1755922655000,6,786432,0
23201346,1755922667000,0,0,0
23201347,1755922679000,3,393216,0
23201348,1755922691000,2,262144,0
23201349,1755922703000,6,786432,0
23201350,1755922715000,6,786432,0
23201351,1755922727000,3,393216,0
23201352,1755922739000,3,393216,0
23201353,1755922751000,4,524288,0
23201354,1755922763000,0,0,0
23201355,1755922775000,6,786432,0
23201356,1755922787000,3,393216,0
23201357,1755922799000,7,917504,0
23201358,1755922811000,5,655360,131072
23201359,1755922823000,3,393216,0
23201360,1755922835000,6,786432,0
23201361,1755922847000,3,393216,0
23201362,1755922859000,9,1179648,0
23201363,1755922871000,3,393216,393216
23201364,1755922883000,0,0,0
23201365,1755922895000,4,524288,0
23201366,1755922907000,3,393216,0
23201367,1755922919000,1,131072,0
23201368,1755922931000,9,1179648,0
23201369,1755922943000,0,0,393216
23201370,1755922955000,4,524288,0
23201371,1755922967000,4,524288,0
23201372,1755922979000,3,393216,0
23201373,1755922991000,0,0,0
23201374,1755923003000,6,786432,0
23201375,1755923015000,6,786432,0
23201376,1755923027000,4,524288,0
23201377,1755923039000,1,131072,0
23201378,1755923051000,4,524288,0
23201379,1755923063000,3,393216,0
23201380,1755923075000,3,393216,0
23201381,1755923087000,6,786432,0
23201382,1755923099000,0,0,0
23201383,1755923111000,4,524288,0
23201384,1755923123000,3,393216,0
23201385,1755923135000,0,0,0
23201386,1755923147000,8,1048576,0
23201387,1755923159000,9,1179648,262144
23201388,1755923171000,7,917504,655360
23201389,1755923183000,0,0,786432
23201390,1755923195000,3,393216,0
23201391,1755923207000,6,786432,0
23201392,1755923219000,3,393216,0
23201393,1755923231000,6,786432,0
23201394,1755923243000,6,786432,0
23201395,1755923255000,3,393216,0
23201396,1755923267000,1,131072,0
23201397,1755923279000,9,1179648,0
23201398,1755923291000,0,0,393216
23201399,1755923303000,6,786432,0
23201400,1755923315000,5,655360,0
23201401,1755923327000,3,393216,0
23201402,1755923339000,2,262144,0
23201403,1755923351000,0,0,0
23201404,1755923363000,6,786432,0
23201405,1755923375000,3,393216,0
23201406,1755923387000,6,786432,0
23201407,1755923399000,3,393216,0
23201408,1755923411000,0,0,0
23201409,1755923423000,3,393216,0
23201410,1755923435000,0,0,0
23201411,1755923447000,7,917504,0
23201412,1755923459000,8,1048576,131072
23201413,1755923471000,9,1179648,393216
23201414,1755923483000,0,0,786432
23201415,1755923495000,0,0,0
23201416,1755923507000,4,524288,0
23201417,1755923519000,0,0,0
23201418,1755923531000,0,0,0
23201419,1755923543000,9,1179648,0
23201420,1755923555000,0,0,393216
23201421,1755923567000,3,393216,0
23201422,1755923579000,0,0,0
23201423,1755923591000,6,786432,0
23201424,1755923603000,3,393216,0
23201425,1755923615000,6,786432,0
23201426,1755923627000,3,393216,0
23201427,1755923639000,5,655360,0
23201428,1755923651000,0,0,0
23201429,1755923663000,4,524288,0
23201430,1755923675000,3,393216,0
23201431,1755923687000,0,0,0
23201432,1755923699000,0,0,0
23201433,1755923711000,9,1179648,0
23201434,1755923723000,9,1179648,393216
23201435,1755923735000,1,131072,786432
23201436,1755923747000,1,131072,131072
23201437,1755923759000,6,786432,0
23201438,1755923771000,7,917504,0
23201439,1755923783000,8,1048576,131072
23201440,1755923795000,0,0,393216
23201441,1755923807000,0,0,0
23201442,1755923819000,6,786432,0
23201443,1755923831000,7,917504,0
23201444,1755923843000,6,786432,131072
23201445,1755923855000,8,1048576,131072
23201446,1755923867000,8,1048576,393216
23201447,1755923879000,6,786432,655360
23201448,1755923891000,3,393216,655360
23201449,1755923903000,0,0,262144
23201450,1755923915000,6,786432,0
23201451,1755923927000,6,786432,0
23201452,1755923939000,9,1179648,0
23201453,1755923951000,0,0,393216
23201454,1755923963000,5,655360,0
23201455,1755923975000,5,655360,0
23201456,1755923987000,8,1048576,0
23201457,1755923999000,3,393216,262144
23201458,1755924011000,9,1179648,0
23201459,1755924023000,3,393216,393216
23201460,1755924035000,3,393216,0
23201461,1755924047000,3,393216,0
23201462,1755924059000,4,524288,0
23201463,1755924071000,6,786432,0
23201464,1755924083000,0,0,0
23201465,1755924095000,9,1179648,0
23201466,1755924107000,3,393216,393216
23201467,1755924119000,0,0,0
23201468,1755924131000,6,786432,0
23201469,1755924143000,0,0,0
23201470,1755924155000,6,786432,0
23201471,1755924167000,6,786432,0
23201472,1755924179000,9,1179648,0
23201473,1755924191000,1,131072,393216
23201474,1755924203000,3,393216,0
23201475,1755924215000,6,786432,0
23201476,1755924227000,7,917504,0
23201477,1755924239000,0,0,131072
23201478,1755924251000,3,393216,0
23201479,1755924263000,2,262144,0
23201480,1755924275000,6,786432,0
23201481,1755924287000,9,1179648,0
23201482,1755924299000,0,0,393216
23201483,1755924323000,6,786432,0
23201484,1755924335000,3,393216,0
23201485,1755924347000,0,0,0
23201486,1755924359000,4,524288,0
23201487,1755924371000,0,0,0
23201488,1755924383000,9,1179648,0
23201489,1755924395000,3,393216,393216
23201490,1755924407000,3,393216,0
23201491,1755924419000,7,917504,0
23201492,1755924431000,0,0,131072
23201493,1755924443000,9,1179648,0
23201494,1755924455000,3,393216,393216
23201495,1755924467000,7,917504,0
23201496,1755924479000,7,917504,131072
23201497,1755924491000,6,786432,262144
23201498,1755924503000,3,393216,262144
23201499,1755924515000,7,917504,0
23201500,1755924527000,3,393216,131072
23201501,1755924539000,6,786432,0
23201502,1755924551000,3,393216,0
23201503,1755924563000,9,1179648,0
23201504,1755924575000,3,393216,393216
23201505,1755924587000,6,786432,0
23201506,1755924599000,9,1179648,0
23201507,1755924611000,4,524288,393216
23201508,1755924623000,3,393216,131072
23201509,1755924635000,0,0,0
23201510,1755924647000,6,786432,0
23201511,1755924659000,3,393216,0
23201512,1755924671000,7,917504,0
23201513,1755924683000,0,0,131072
23201514,1755924695000,9,1179648,0
23201515,1755924707000,3,393216,393216
23201516,1755924719000,2,262144,0
23201517,1755924731000,0,0,0
23201518,1755924743000,9,1179648,0
23201519,1755924755000,6,786432,393216
23201520,1755924767000,9,1179648,393216
23201521,1755924779000,0,0,786432
23201522,1755924791000,3,393216,0
23201523,1755924803000,0,0,0
23201524,1755924815000,8,1048576,0
23201525,1755924827000,0,0,262144
23201526,1755924839000,9,1179648,0
23201527,1755924851000,0,0,393216
23201528,1755924863000,3,393216,0
23201529,1755924875000,3,393216,0
23201530,1755924887000,6,786432,0
23201531,1755924899000,1,131072,0
23201532,1755924911000,0,0,0
23201533,1755924923000,3,393216,0
23201534,1755924935000,6,786432,0
23201535,1755924947000,5,655360,0
23201536,1755924959000,0,0,0
23201537,1755924971000,0,0,0
23201538,1755924983000,6,786432,0
23201539,1755924995000,6,786432,0
23201540,1755925007000,3,393216,0
23201541,1755925019000,6,786432,0
23201542,1755925031000,9,1179648,0
23201543,1755925043000,3,393216,393216
23201544,1755925055000,3,393216,0
23201545,1755925067000,6,786432,0
23201546,1755925079000,6,786432,0
23201547,1755925091000,0,0,0
23201548,1755925103000,7,917504,0
23201549,1755925115000,8,1048576,131072
23201550,1755925127000,3,393216,393216
23201551,1755925139000,1,131072,0
23201552,1755925151000,3,393216,0
23201553,1755925163000,0,0,0
23201554,1755925175000,6,786432,0
23201555,1755925187000,9,1179648,0
23201556,1755925199000,3,393216,393216
23201557,1755925211000,0,0,0
23201558,1755925223000,3,393216,0
23201559,1755925235000,6,786432,0
23201560,1755925247000,6,786432,0
23201561,1755925259000,0,0,0
23201562,1755925271000,3,393216,0
23201563,1755925283000,0,0,0
23201564,1755925295000,9,1179648,0
23201565,1755925307000,7,917504,393216
23201566,1755925319000,3,393216,524288
23201567,1755925331000,0,0,131072
23201568,1755925343000,3,393216,0
23201569,1755925355000,3,393216,0
23201570,1755925367000,0,0,0
23201571,1755925379000,3,393216,0
23201572,1755925391000,6,786432,0
23201573,1755925403000,6,786432,0
23201574,1755925415000,6,786432,0
23201575,1755925427000,6,786432,0
23201576,1755925439000,8,1048576,0
23201577,1755925451000,0,0,262144
23201578,1755925463000,9,1179648,0
23201579,1755925475000,6,786432,393216
23201580,1755925487000,9,1179648,393216
23201581,1755925499000,0,0,786432
23201582,1755925511000,0,0,0
23201583,1755925523000,7,917504,0
23201584,1755925535000,9,1179648,131072
23201585,1755925547000,9,1179648,524288
23201586,1755925559000,7,917504,917504
23201587,1755925571000,0,0,1048576
23201588,1755925583000,5,655360,262144
23201589,1755925595000,3,393216,131072
23201590,1755925607000,4,524288,0
23201591,1755925619000,6,786432,0
23201592,1755925631000,3,393216,0
23201593,1755925643000,0,0,0
23201594,1755925655000,4,524288,0
23201595,1755925667000,0,0,0
23201596,1755925679000,6,786432,0
23201597,1755925691000,0,0,0
23201598,1755925703000,9,1179648,0
23201599,1755925715000,0,0,393216
23201600,1755925727000,3,393216,0
23201601,1755925739000,0,0,0
23201602,1755925751000,3,393216,0
23201603,1755925763000,5,655360,0
23201604,1755925775000,6,786432,0
23201605,1755925787000,7,917504,0
23201606,1755925799000,3,393216,131072
23201607,1755925811000,3,393216,0
23201608,1755925823000,3,393216,0
23201609,1755925835000,3,393216,0
23201610,1755925847000,0,0,0
23201611,1755925859000,4,524288,0
23201612,1755925871000,9,1179648,0
23201613,1755925883000,5,655360,393216
23201614,1755925895000,2,262144,262144
23201615,1755925907000,3,393216,0
23201616,1755925919000,1,131072,0
23201617,1755925931000,9,1179648,0
23201618,1755925943000,0,0,393216
23201619,1755925955000,3,393216,0
23201620,1755925967000,9,1179648,0
23201621,1755925979000,5,655360,393216
23201622,1755925991000,1,131072,262144
23201623,1755926003000,0,0,0
23201624,1755926015000,3,393216,0
23201625,1755926027000,8,1048576,0
23201626,1755926039000,3,393216,262144
23201627,1755926051000,3,393216,0
23201628,1755926063000,3,393216,0
23201629,1755926087000,9,1179648,0
23201630,1755926099000,5,655360,393216
23201631,1755926111000,3,393216,262144
23201632,1755926123000,0,0,0
23201633,1755926135000,4,524288,0
23201634,1755926147000,6,786432,0
23201635,1755926159000,0,0,0
23201636,1755926171000,6,786432,0
23201637,1755926183000,9,1179648,0
23201638,1755926195000,3,393216,393216
23201639,1755926207000,0,0,0
23201640,1755926219000,9,1179648,0
23201641,1755926231000,3,393216,393216
23201642,1755926243000,6,786432,0
23201643,1755926255000,7,917504,0
23201644,1755926267000,0,0,131072
23201645,1755926279000,3,393216,0
23201646,1755926291000,3,393216,0
23201647,1755926303000,3,393216,0
23201648,1755926315000,0,0,0
23201649,1755926327000,3,393216,0
23201650,1755926339000,7,917504,0
23201651,1755926351000,0,0,131072
23201652,1755926363000,0,0,0
23201653,1755926375000,7,917504,0
23201654,1755926387000,3,393216,131072
23201655,1755926399000,3,393216,0
23201656,1755926411000,6,786432,0
23201657,1755926423000,9,1179648,0
23201658,1755926435000,6,786432,393216
23201659,1755926447000,3,393216,393216
23201660,1755926459000,0,0,0
23201661,1755926471000,6,786432,0
23201662,1755926483000,6,786432,0
23201663,1755926495000,0,0,0
23201664,1755926507000,5,655360,0
23201665,1755926519000,3,393216,0
23201666,1755926531000,0,0,0
23201667,1755926543000,3,393216,0
23201668,1755926555000,4,524288,0
23201669,1755926567000,9,1179648,0
23201670,1755926579000,6,786432,393216
23201671,1755926591000,2,262144,393216
23201672,1755926603000,3,393216,0
23201673,1755926615000,3,393216,0
23201674,1755926627000,1,131072,0
23201675,1755926639000,3,393216,0
23201676,1755926651000,3,393216,0
23201677,1755926663000,9,1179648,0
23201678,1755926675000,6,786432,393216
23201679,1755926687000,3,393216,393216
23201680,1755926699000,4,524288,0
23201681,1755926711000,0,0,0
23201682,1755926723000,0,0,0
23201683,1755926735000,6,786432,0
23201684,1755926747000,9,1179648,0
23201685,1755926759000,8,1048576,393216
23201686,1755926771000,1,131072,655360
23201687,1755926783000,0,0,0
23201688,1755926795000,3,393216,0
23201689,1755926807000,6,786432,0
23201690,1755926819000,4,524288,0
23201691,1755926831000,6,786432,0
23201692,1755926843000,5,655360,0
23201693,1755926855000,9,1179648,0
23201694,1755926867000,5,655360,393216
23201695,1755926879000,6,786432,262144
23201696,1755926891000,3,393216,262144
23201697,1755926903000,6,786432,0
23201698,1755926915000,3,393216,0
23201699,1755926927000,1,131072,0
23201700,1755926939000,0,0,0
23201701,1755926951000,0,0,0
23201702,1755926963000,9,1179648,0
23201703,1755926975000,5,655360,393216
23201704,1755926987000,7,917504,262144
23201705,1755926999000,4,524288,393216
23201706,1755927011000,0,0,131072
23201707,1755927023000,3,393216,0
23201708,1755927035000,6,786432,0
23201709,1755927047000,3,393216,0
23201710,1755927059000,1,131072,0
23201711,1755927071000,6,786432,0
23201712,1755927083000,8,1048576,0
23201713,1755927095000,3,393216,262144
23201714,1755927107000,6,786432,0
23201715,1755927119000,9,1179648,0
23201716,1755927131000,1,131072,393216
23201717,1755927143000,3,393216,0
23201718,1755927155000,0,0,0
23201719,1755927167000,3,393216,0
23201720,1755927179000,0,0,0
23201721,1755927191000,6,786432,0
23201722,1755927203000,6,786432,0
23201723,1755927215000,3,393216,0
23201724,1755927227000,0,0,0
23201725,1755927239000,0,0,0
23201726,1755927251000,3,393216,0
23201727,1755927263000,0,0,0
23201728,1755927275000,9,1179648,0
23201729,1755927287000,8,1048576,393216
23201730,1755927299000,7,917504,655360
23201731,1755927311000,4,524288,786432
23201732,1755927323000,3,393216,524288
23201733,1755927335000,4,524288,131072
23201734,1755927347000,6,786432,0
23201735,1755927359000,8,1048576,0
23201736,1755927371000,8,1048576,262144
23201737,1755927383000,3,393216,524288
23201738,1755927395000,3,393216,131072
23201739,1755927407000,3,393216,0
23201740,1755927419000,9,1179648,0
23201741,1755927431000,5,655360,393216
23201742,1755927443000,3,393216,262144
23201743,1755927455000,0,0,0
23201744,1755927467000,3,393216,0
23201745,1755927479000,8,1048576,0
23201746,1755927491000,7,917504,262144
23201747,1755927503000,6,786432,393216
23201748,1755927515000,3,393216,393216
23201749,1755927527000,0,0,0
23201750,1755927539000,9,1179648,0
23201751,1755927551000,1,131072,393216
23201752,1755927563000,0,0,0
23201753,1755927575000,0,0,0
23201754,1755927587000,9,1179648,0
23201755,1755927599000,7,917504,393216
23201756,1755927611000,0,0,524288
23201757,1755927623000,0,0,0
23201758,1755927635000,6,786432,0
23201759,1755927647000,7,917504,0
23201760,1755927659000,6,786432,131072
23201761,1755927671000,0,0,131072
23201762,1755927683000,0,0,0
23201763,1755927695000,0,0,0
23201764,1755927707000,6,786432,0
23201765,1755927719000,0,0,0
23201766,1755927731000,9,1179648,0
23201767,1755927743000,9,1179648,393216
23201768,1755927755000,3,393216,786432
23201769,1755927767000,0,0,393216
23201770,1755927779000,8,1048576,0
23201771,1755927791000,7,917504,262144
23201772,1755927803000,5,655360,393216
23201773,1755927815000,9,1179648,262144
23201774,1755927827000,0,0,655360
23201775,1755927839000,0,0,0
23201776,1755927851000,6,786432,0
23201777,1755927863000,0,0,0
23201778,1755927875000,9,1179648,0
23201779,1755927887000,0,0,393216
23201780,1755927899000,9,1179648,0
23201781,1755927911000,7,917504,393216
23201782,1755927923000,0,0,524288
23201783,1755927935000,3,393216,0
23201784,1755927947000,6,786432,0
23201785,1755927959000,6,786432,0
23201786,1755927971000,0,0,0
23201787,1755927983000,4,524288,0
23201788,1755927995000,3,393216,0
23201789,1755928007000,1,131072,0
23201790,1755928019000,6,786432,0
23201791,1755928031000,6,786432,0
23201792,1755928043000,4,524288,0
23201793,1755928055000,1,131072,0
23201794,1755928067000,3,393216,0
23201795,1755928079000,5,655360,0
23201796,1755928091000,6,786432,0
23201797,1755928103000,6,786432,0
23201798,1755928115000,4,524288,0
23201799,1755928127000,9,1179648,0
23201800,1755928139000,7,917504,393216
23201801,1755928151000,6,786432,524288
23201802,1755928163000,9,1179648,524288
23201803,1755928175000,0,0,917504
23201804,1755928187000,6,786432,131072
23201805,1755928199000,0,0,131072
23201806,1755928211000,3,393216,0
23201807,1755928223000,0,0,0
23201808,1755928235000,3,393216,0
23201809,1755928247000,7,917504,0
23201810,1755928259000,3,393216,131072
23201811,1755928271000,3,393216,0
23201812,1755928283000,6,786432,0
23201813,1755928295000,3,393216,0
23201814,1755928307000,9,1179648,0
23201815,1755928319000,0,0,393216
23201816,1755928331000,3,393216,0
23201817,1755928343000,0,0,0
23201818,1755928355000,0,0,0
23201819,1755928367000,3,393216,0
23201820,1755928379000,6,786432,0
23201821,1755928391000,6,786432,0
23201822,1755928403000,0,0,0
23201823,1755928415000,8,1048576,0
23201824,1755928427000,5,655360,262144
23201825,1755928439000,0,0,131072
23201826,1755928451000,7,917504,0
23201827,1755928463000,6,786432,131072
23201828,1755928475000,0,0,131072
23201829,1755928487000,7,917504,0
23201830,1755928499000,7,917504,131072
23201831,1755928511000,6,786432,262144
23201832,1755928523000,0,0,262144
23201833,1755928535000,9,1179648,0
23201834,1755928547000,6,786432,393216
23201835,1755928559000,8,1048576,393216
23201836,1755928571000,9,1179648,655360
23201837,1755928583000,0,0,1048576
23201838,1755928595000,7,917504,262144
23201839,1755928607000,6,786432,393216
23201840,1755928619000,9,1179648,393216
23201841,1755928631000,0,0,786432
23201842,1755928643000,3,393216,0
23201843,1755928655000,0,0,0
23201844,1755928667000,3,393216,0
23201845,1755928679000,9,1179648,0
23201846,1755928691000,3,393216,393216
23201847,1755928703000,0,0,0
23201848,1755928715000,3,393216,0
23201849,1755928727000,6,786432,0
23201850,1755928739000,3,393216,0
23201851,1755928751000,0,0,0
23201852,1755928763000,9,1179648,0
23201853,1755928775000,2,262144,393216
23201854,1755928787000,1,131072,0
23201855,1755928799000,6,786432,0
23201856,1755928811000,0,0,0
23201857,1755928823000,3,393216,0
23201858,1755928835000,6,786432,0
23201859,1755928847000,3,393216,0
23201860,1755928859000,0,0,0
23201861,1755928871000,3,393216,0
23201862,1755928883000,6,786432,0
23201863,1755928895000,0,0,0
23201864,1755928907000,0,0,0
23201865,1755928919000,0,0,0
23201866,1755928931000,9,1179648,0
23201867,1755928943000,7,917504,393216
23201868,1755928955000,3,393216,524288
23201869,1755928967000,1,131072,131072
23201870,1755928979000,9,1179648,0
23201871,1755928991000,6,786432,393216
23201872,1755929003000,9,1179648,393216
23201873,1755929015000,0,0,786432
23201874,1755929027000,0,0,0
23201875,1755929039000,0,0,0
23201876,1755929051000,3,393216,0
23201877,1755929063000,9,1179648,0
23201878,1755929075000,5,655360,393216
23201879,1755929087000,6,786432,262144
23201880,1755929099000,6,786432,262144
23201881,1755929111000,7,917504,262144
23201882,1755929123000,9,1179648,393216
23201883,1755929135000,0,0,786432
23201884,1755929147000,5,655360,0
23201885,1755929171000,4,524288,0
23201886,1755929183000,3,393216,0
23201887,1755929195000,3,393216,0
23201888,1755929207000,6,786432,0
23201889,1755929219000,4,524288,0
23201890,1755929231000,0,0,0
23201891,1755929243000,3,393216,0
23201892,1755929255000,4,524288,0
23201893,1755929267000,6,786432,0
23201894,1755929279000,0,0,0
23201895,1755929291000,0,0,0
23201896,1755929303000,6,786432,0
23201897,1755929315000,8,1048576,0
23201898,1755929327000,3,393216,262144
23201899,1755929339000,0,0,0
23201900,1755929351000,9,1179648,0
23201901,1755929363000,3,393216,393216
23201902,1755929375000,4,524288,0
23201903,1755929387000,3,393216,0
23201904,1755929399000,8,1048576,0
23201905,1755929411000,9,1179648,262144
23201906,1755929423000,6,786432,655360
23201907,1755929435000,7,917504,655360
23201908,1755929447000,3,393216,786432
23201909,1755929459000,2,262144,393216
23201910,1755929471000,3,393216,0
23201911,1755929483000,0,0,0
23201912,1755929495000,9,1179648,0
23201913,1755929507000,3,393216,393216
23201914,1755929519000,4,524288,0
23201915,1755929531000,2,262144,0
23201916,1755929543000,3,393216,0
23201917,1755929555000,6,786432,0
23201918,1755929567000,6,786432,0
23201919,1755929579000,6,786432,0
23201920,1755929591000,0,0,0
23201921,1755929603000,3,393216,0
23201922,1755929615000,6,786432,0
23201923,1755929627000,0,0,0
23201924,1755929639000,9,1179648,0
23201925,1755929651000,9,1179648,393216
23201926,1755929663000,0,0,786432
23201927,1755929675000,3,393216,0
23201928,1755929687000,3,393216,0
23201929,1755929699000,0,0,0
23201930,1755929711000,7,917504,0
23201931,1755929723000,3,393216,131072
23201932,1755929735000,6,786432,0
23201933,1755929747000,8,1048576,0
23201934,1755929759000,9,1179648,262144
23201935,1755929771000,9,1179648,655360
23201936,1755929783000,9,1179648,1048576
23201937,1755929795000,1,131072,1441792
23201938,1755929807000,9,1179648,786432
23201939,1755929819000,3,393216,1179648
23201940,1755929831000,9,1179648,786432
23201941,1755929843000,1,131072,1179648
23201942,1755929855000,3,393216,524288
23201943,1755929867000,7,917504,131072
23201944,1755929879000,3,393216,262144
23201945,1755929891000,6,786432,0
23201946,1755929903000,3,393216,0
23201947,1755929915000,3,393216,0
23201948,1755929927000,0,0,0
23201949,1755929939000,4,524288,0
23201950,1755929951000,6,786432,0
23201951,1755929963000,6,786432,0
23201952,1755929975000,9,1179648,0
23201953,1755929987000,6,786432,393216
23201954,1755929999000,3,393216,393216
23201955,1755930011000,6,786432,0
23201956,1755930023000,3,393216,0
23201957,1755930035000,5,655360,0
23201958,1755930047000,3,393216,0
23201959,1755930059000,1,131072,0
23201960,1755930071000,3,393216,0
23201961,1755930083000,9,1179648,0
23201962,1755930095000,8,1048576,393216
23201963,1755930107000,0,0,655360
23201964,1755930119000,9,1179648,0
23201965,1755930131000,0,0,393216
23201966,1755930143000,3,393216,0
23201967,1755930155000,0,0,0
23201968,1755930167000,6,786432,0
23201969,1755930179000,9,1179648,0
23201970,1755930191000,5,655360,393216
23201971,1755930203000,0,0,262144
23201972,1755930215000,5,655360,0
23201973,1755930227000,0,0,0
23201974,1755930239000,3,393216,0
23201975,1755930251000,9,1179648,0
23201976,1755930263000,9,1179648,393216
23201977,1755930275000,0,0,786432
23201978,1755930287000,6,786432,0
23201979,1755930299000,9,1179648,0
23201980,1755930311000,5,655360,393216
23201981,1755930323000,4,524288,262144
23201982,1755930335000,0,0,0
23201983,1755930347000,6,786432,0
23201984,1755930359000,5,655360,0
23201985,1755930371000,9,1179648,0
23201986,1755930383000,1,131072,393216
23201987,1755930395000,3,393216,0
23201988,1755930407000,0,0,0
23201989,1755930419000,6,786432,0
23201990,1755930431000,3,393216,0
23201991,1755930443000,1,131072,0
23201992,1755930455000,3,393216,0
23201993,1755930467000,6,786432,0
23201994,1755930479000,6,786432,0
23201995,1755930491000,0,0,0
23201996,1755930503000,3,393216,0
23201997,1755930515000,3,393216,0
23201998,1755930527000,9,1179648,0
23201999,1755930539000,0,0,393216
23202000,1755930551000,4,524288,0
23202001,1755930563000,1,131072,0
23202002,1755930575000,0,0,0
23202003,1755930587000,3,393216,0
23202004,1755930599000,3,393216,0
23202005,1755930611000,9,1179648,0
23202006,1755930623000,0,0,393216
23202007,1755930635000,4,524288,0
23202008,1755930647000,0,0,0
23202009,1755930659000,3,393216,0
23202010,1755930671000,7,917504,0
23202011,1755930683000,0,0,131072
23202012,1755930695000,9,1179648,0
23202013,1755930707000,4,524288,393216
23202014,1755930719000,9,1179648,131072
23202015,1755930731000,0,0,524288
23202016,1755930743000,9,1179648,0
23202017,1755930755000,6,786432,393216
23202018,1755930767000,3,393216,393216
23202019,1755930779000,0,0,0
23202020,1755930791000,9,1179648,0
23202021,1755930803000,0,0,393216
23202022,1755930815000,3,393216,0
23202023,1755930827000,6,786432,0
23202024,1755930839000,3,393216,0
23202025,1755930851000,0,0,0
23202026,1755930863000,3,393216,0
23202027,1755930875000,7,917504,0
23202028,1755930887000,9,1179648,131072
23202029,1755930899000,4,524288,524288
23202030,1755930911000,6,786432,262144
23202031,1755930923000,4,524288,262144
23202032,1755930935000,0,0,0
23202033,1755930947000,4,524288,0
23202034,1755930959000,0,0,0
23202035,1755930971000,3,393216,0
23202036,1755930983000,9,1179648,0
23202037,1755930995000,8,1048576,393216
23202038,1755931007000,0,0,655360
23202039,1755931019000,4,524288,0
23202040,1755931031000,0,0,0
23202041,1755931043000,0,0,0
23202042,1755931055000,4,524288,0
23202043,1755931067000,6,786432,0
23202044,1755931079000,6,786432,0
23202045,1755931091000,0,0,0
23202046,1755931103000,3,393216,0
23202047,1755931115000,0,0,0
23202048,1755931127000,9,1179648,0
23202049,1755931139000,7,917504,393216
23202050,1755931151000,0,0,524288
23202051,1755931163000,9,1179648,0
23202052,1755931175000,0,0,393216
23202053,1755931187000,6,786432,0
23202054,1755931199000,0,0,0
23202055,1755931211000,7,917504,0
23202056,1755931223000,9,1179648,131072
23202057,1755931235000,6,786432,524288
23202058,1755931247000,0,0,524288
23202059,1755931259000,6,786432,0
23202060,1755931271000,0,0,0
23202061,1755931283000,3,393216,0
23202062,1755931295000,9,1179648,0
23202063,1755931307000,3,393216,393216
23202064,1755931319000,7,917504,0
23202065,1755931331000,0,0,131072
23202066,1755931343000,9,1179648,0
23202067,1755931355000,6,786432,393216
23202068,1755931367000,4,524288,393216
23202069,1755931379000,9,1179648,131072
23202070,1755931391000,4,524288,524288
23202071,1755931403000,6,786432,262144
23202072,1755931415000,3,393216,262144
23202073,1755931427000,0,0,0
23202074,1755931439000,4,524288,0
23202075,1755931451000,0,0,0
23202076,1755931463000,0,0,0
23202077,1755931475000,7,917504,0
23202078,1755931487000,7,917504,131072
23202079,1755931499000,6,786432,262144
23202080,1755931511000,1,131072,262144
23202081,1755931523000,3,393216,0
23202082,1755931535000,0,0,0
23202083,1755931547000,0,0,0
23202084,1755931559000,9,1179648,0
23202085,1755931571000,9,1179648,393216
23202086,1755931583000,0,0,786432
23202087,1755931595000,6,786432,0
23202088,1755931607000,3,393216,0
23202089,1755931619000,6,786432,0
23202090,1755931631000,9,1179648,0
23202091,1755931643000,7,917504,393216
23202092,1755931655000,7,917504,524288
23202093,1755931667000,5,655360,655360
23202094,1755931679000,0,0,524288
23202095,1755931691000,3,393216,0
23202096,1755931703000,0,0,0
23202097,1755931715000,3,393216,0
23202098,1755931727000,6,786432,0
23202099,1755931739000,3,393216,0
23202100,1755931751000,4,524288,0
23202101,1755931763000,3,393216,0
23202102,1755931775000,1,131072,0
23202103,1755931787000,9,1179648,0
23202104,1755931799000,3,393216,393216
23202105,1755931811000,0,0,0
23202106,1755931823000,6,786432,0
23202107,1755931835000,0,0,0
23202108,1755931847000,3,393216,0
23202109,1755931859000,1,131072,0
23202110,1755931871000,6,786432,0
23202111,1755931883000,4,524288,0
23202112,1755931895000,4,524288,0
23202113,1755931907000,4,524288,0
23202114,1755931919000,1,131072,0
23202115,1755931931000,3,393216,0
23202116,1755931943000,0,0,0
23202117,1755931955000,5,655360,0
23202118,1755931967000,3,393216,0
23202119,1755931979000,0,0,0
23202120,1755931991000,7,917504,0
23202121,1755932003000,8,1048576,131072
23202122,1755932015000,8,1048576,393216
23202123,1755932027000,6,786432,655360
23202124,1755932039000,9,1179648,655360
23202125,1755932051000,7,917504,1048576
23202126,1755932063000,3,393216,1179648
23202127,1755932075000,3,393216,786432
23202128,1755932087000,0,0,393216
23202129,1755932099000,4,524288,0
23202130,1755932111000,1,131072,0
23202131,1755932123000,9,1179648,0
23202132,1755932135000,0,0,393216
23202133,1755932147000,3,393216,0
23202134,1755932159000,7,917504,0
23202135,1755932171000,0,0,131072
23202136,1755932183000,0,0,0
23202137,1755932195000,3,393216,0
23202138,1755932207000,6,786432,0
23202139,1755932219000,6,786432,0
23202140,1755932231000,0,0,0
23202141,1755932243000,3,393216,0
23202142,1755932255000,3,393216,0
23202143,1755932267000,0,0,0
23202144,1755932279000,3,393216,0
23202145,1755932291000,6,786432,0
23202146,1755932303000,4,524288,0
23202147,1755932315000,4,524288,0
23202148,1755932327000,8,1048576,0
23202149,1755932339000,6,786432,262144
23202150,1755932351000,0,0,262144
23202151,1755932363000,4,524288,0
23202152,1755932375000,6,786432,0
23202153,1755932387000,3,393216,0
23202154,1755932399000,0,0,0
23202155,1755932411000,3,393216,0
23202156,1755932423000,0,0,0
23202157,1755932435000,6,786432,0
23202158,1755932447000,9,1179648,0
23202159,1755932459000,1,131072,393216
23202160,1755932471000,4,524288,0
23202161,1755932483000,8,1048576,0
23202162,1755932495000,0,0,262144
23202163,1755932507000,6,786432,0
23202164,1755932519000,6,786432,0
23202165,1755932531000,3,393216,0
23202166,1755932543000,6,786432,0
23202167,1755932555000,9,1179648,0
23202168,1755932567000,6,786432,393216
23202169,1755932579000,0,0,393216
23202170,1755932591000,7,917504,0
23202171,1755932603000,0,0,131072
23202172,1755932615000,6,786432,0
23202173,1755932627000,6,786432,0
23202174,1755932639000,3,393216,0
23202175,1755932651000,5,655360,0
23202176,1755932663000,6,786432,0
23202177,1755932675000,0,0,0
23202178,1755932687000,3,393216,0
23202179,1755932699000,0,0,0
23202180,1755932711000,6,786432,0
23202181,1755932723000,9,1179648,0
23202182,1755932735000,0,0,393216
23202183,1755932747000,9,1179648,0
23202184,1755932759000,4,524288,393216
23202185,1755932771000,3,393216,131072
23202186,1755932783000,0,0,0
23202187,1755932795000,9,1179648,0
23202188,1755932807000,3,393216,393216
23202189,1755932819000,5,655360,0
23202190,1755932831000,0,0,0
23202191,1755932843000,1,131072,0
23202192,1755932855000,3,393216,0
23202193,1755932867000,0,0,0
23202194,1755932879000,7,917504,0
23202195,1755932891000,0,0,131072
23202196,1755932903000,0,0,0
23202197,1755932915000,0,0,0
23202198,1755932927000,6,786432,0
23202199,1755932939000,0,0,0
23202200,1755932951000,8,1048576,0
23202201,1755932963000,6,786432,262144
23202202,1755932975000,9,1179648,262144
23202203,1755932987000,8,1048576,655360
23202204,1755932999000,8,1048576,917504
23202205,1755933011000,3,393216,1179648
23202206,1755933023000,0,0,786432
23202207,1755933035000,0,0,0
23202208,1755933047000,3,393216,0
23202209,1755933059000,0,0,0
23202210,1755933071000,9,1179648,0
23202211,1755933083000,0,0,393216
23202212,1755933095000,0,0,0
23202213,1755933107000,8,1048576,0
23202214,1755933119000,9,1179648,262144
23202215,1755933131000,9,1179648,655360
23202216,1755933143000,9,1179648,1048576
23202217,1755933155000,0,0,1441792
23202218,1755933167000,6,786432,655360
23202219,1755933179000,0,0,655360
23202220,1755933191000,3,393216,0
23202221,1755933203000,0,0,0
23202222,1755933215000,6,786432,0
23202223,1755933227000,0,0,0
23202224,1755933239000,8,1048576,0
23202225,1755933251000,3,393216,262144
23202226,1755933263000,0,0,0
23202227,1755933275000,3,393216,0
23202228,1755933287000,0,0,0
23202229,1755933299000,8,1048576,0
23202230,1755933311000,6,786432,262144
23202231,1755933323000,0,0,262144
23202232,1755933335000,8,1048576,0
23202233,1755933347000,6,786432,262144
23202234,1755933359000,9,1179648,262144
23202235,1755933371000,0,0,655360
23202236,1755933383000,3,393216,0
23202237,1755933395000,3,393216,0
23202238,1755933407000,6,786432,0
23202239,1755933419000,9,1179648,0
23202240,1755933431000,0,0,393216
23202241,1755933443000,2,262144,0
23202242,1755933455000,3,393216,0
23202243,1755933467000,0,0,0
23202244,1755933479000,3,393216,0
23202245,1755933491000,9,1179648,0
23202246,1755933503000,3,393216,393216
23202247,1755933515000,3,393216,0
23202248,1755933527000,6,786432,0
23202249,1755933539000,0,0,0
23202250,1755933551000,0,0,0
23202251,1755933563000,5,655360,0
23202252,1755933575000,6,786432,0
23202253,1755933587000,3,393216,0
23202254,1755933599000,0,0,0
23202255,1755933611000,4,524288,0
23202256,1755933623000,6,786432,0
23202257,1755933635000,5,655360,0
23202258,1755933647000,3,393216,0
23202259,1755933659000,6,786432,0
23202260,1755933671000,7,917504,0
23202261,1755933683000,3,393216,131072
23202262,1755933695000,6,786432,0
23202263,1755933707000,0,0,0
23202264,1755933719000,4,524288,0
23202265,1755933731000,1,131072,0
23202266,1755933743000,6,786432,0
23202267,1755933755000,6,786432,0
23202268,1755933767000,3,393216,0
23202269,1755933779000,0,0,0
23202270,1755933791000,9,1179648,0
23202271,1755933803000,1,131072,393216
23202272,1755933815000,6,786432,0
23202273,1755933827000,6,786432,0
23202274,1755933839000,3,393216,0
23202275,1755933851000,6,786432,0
23202276,1755933863000,3,393216,0
23202277,1755933875000,6,786432,0
23202278,1755933887000,7,917504,0
23202279,1755933899000,1,131072,131072
23202280,1755933911000,9,1179648,0
23202281,1755933923000,0,0,393216
23202282,1755933935000,8,1048576,0
23202283,1755933947000,0,0,262144
23202284,1755933959000,7,917504,0
23202285,1755933971000,0,0,131072
23202286,1755933983000,4,524288,0
23202287,1755933995000,6,786432,0
23202288,1755934007000,6,786432,0
23202289,1755934019000,0,0,0
23202290,1755934031000,0,0,0
23202291,1755934043000,4,524288,0
23202292,1755934055000,3,393216,0
23202293,1755934067000,3,393216,0
23202294,1755934079000,6,786432,0
23202295,1755934091000,4,524288,0
23202296,1755934103000,7,917504,0
23202297,1755934115000,0,0,131072
23202298,1755934127000,3,393216,0
23202299,1755934139000,3,393216,0
23202300,1755934151000,3,393216,0
23202301,1755934163000,0,0,0
23202302,1755934175000,9,1179648,0
23202303,1755934187000,6,786432,393216
23202304,1755934199000,3,393216,393216
23202305,1755934211000,0,0,0
23202306,1755934223000,7,917504,0
23202307,1755934235000,0,0,131072
23202308,1755934247000,9,1179648,0
23202309,1755934259000,6,786432,393216
23202310,1755934271000,8,1048576,393216
23202311,1755934283000,5,655360,655360
23202312,1755934295000,9,1179648,524288
23202313,1755934307000,6,786432,917504
23202314,1755934319000,3,393216,917504
23202315,1755934331000,9,1179648,524288
23202316,1755934343000,1,131072,917504
23202317,1755934355000,3,393216,262144
23202318,1755934367000,0,0,0
23202319,1755934379000,6,786432,0
23202320,1755934391000,2,262144,0
23202321,1755934403000,7,917504,0
23202322,1755934415000,3,393216,131072
23202323,1755934427000,0,0,0
23202324,1755934439000,3,393216,0
23202325,1755934451000,0,0,0
23202326,1755934463000,0,0,0
23202327,1755934475000,8,1048576,0
23202328,1755934487000,0,0,262144
23202329,1755934499000,9,1179648,0
23202330,1755934511000,3,393216,393216
23202331,1755934523000,4,524288,0
23202332,1755934535000,3,393216,0
23202333,1755934547000,0,0,0
23202334,1755934559000,3,393216,0
23202335,1755934571000,6,786432,0
23202336,1755934583000,3,393216,0
23202337,1755934595000,0,0,0
23202338,1755934607000,8,1048576,0
23202339,1755934619000,4,524288,262144
23202340,1755934631000,3,393216,0
23202341,1755934643000,6,786432,0
23202342,1755934655000,0,0,0
23202343,1755934667000,6,786432,0
23202344,1755934691000,0,0,0
23202345,1755934703000,8,1048576,0
23202346,1755934715000,3,393216,262144
23202347,1755934727000,9,1179648,0
23202348,1755934739000,0,0,393216
23202349,1755934751000,0,0,0
23202350,1755934763000,9,1179648,0
23202351,1755934775000,8,1048576,393216
23202352,1755934787000,6,786432,655360
23202353,1755934799000,8,1048576,655360
23202354,1755934811000,3,393216,917504
23202355,1755934823000,0,0,524288
23202356,1755934835000,9,1179648,0
23202357,1755934847000,9,1179648,393216
23202358,1755934859000,8,1048576,786432
23202359,1755934871000,7,917504,1048576
23202360,1755934883000,0,0,1179648
23202361,1755934895000,3,393216,393216
23202362,1755934907000,0,0,0
23202363,1755934919000,0,0,0
23202364,1755934931000,9,1179648,0
23202365,1755934943000,4,524288,393216
23202366,1755934955000,9,1179648,131072
23202367,1755934967000,0,0,524288
23202368,1755934979000,0,0,0
23202369,1755934991000,7,917504,0
23202370,1755935003000,3,393216,131072
23202371,1755935015000,7,917504,0
23202372,1755935027000,8,1048576,131072
23202373,1755935039000,0,0,393216
23202374,1755935051000,6,786432,0
23202375,1755935063000,0,0,0
23202376,1755935075000,3,393216,0
23202377,1755935087000,6,786432,0
23202378,1755935099000,9,1179648,0
23202379,1755935111000,1,131072,393216
23202380,1755935123000,3,393216,0
23202381,1755935135000,7,917504,0
23202382,1755935147000,0,0,131072
23202383,1755935159000,3,393216,0
23202384,1755935171000,9,1179648,0
23202385,1755935183000,0,0,393216
23202386,1755935195000,3,393216,0
23202387,1755935207000,0,0,0
23202388,1755935219000,0,0,0
23202389,1755935231000,6,786432,0
23202390,1755935243000,6,786432,0
23202391,1755935255000,8,1048576,0
23202392,1755935267000,9,1179648,262144
23202393,1755935279000,5,655360,655360
23202394,1755935291000,0,0,524288
23202395,1755935303000,3,393216,0
23202396,1755935327000,3,393216,0
23202397,1755935339000,3,393216,0
23202398,1755935351000,9,1179648,0
23202399,1755935363000,3,393216,393216
23202400,1755935375000,3,393216,0
23202401,1755935387000,6,786432,0
23202402,1755935399000,1,131072,0
23202403,1755935411000,6,786432,0
23202404,1755935423000,9,1179648,0
23202405,1755935435000,9,1179648,393216
23202406,1755935447000,0,0,786432
23202407,1755935459000,0,0,0
23202408,1755935471000,9,1179648,0
23202409,1755935483000,0,0,393216
23202410,1755935495000,9,1179648,0
23202411,1755935507000,1,131072,393216
23202412,1755935531000,0,0,0
23202413,1755935543000,6,786432,0
23202414,1755935555000,7,917504,0
23202415,1755935567000,6,786432,131072
23202416,1755935579000,0,0,131072
23202417,1755935591000,3,393216,0
23202418,1755935603000,3,393216,0
23202419,1755935615000,9,1179648,0
23202420,1755935627000,5,655360,393216
23202421,1755935639000,5,655360,262144
23202422,1755935651000,0,0,131072
23202423,1755935663000,3,393216,0
23202424,1755935675000,3,393216,0
23202425,1755935687000,6,786432,0
23202426,1755935699000,0,0,0
23202427,1755935711000,5,655360,0
23202428,1755935723000,7,917504,0
23202429,1755935735000,3,393216,131072
23202430,1755935747000,1,131072,0
23202431,1755935759000,4,524288,0
23202432,1755935771000,3,393216,0
23202433,1755935783000,9,1179648,0
23202434,1755935795000,8,1048576,393216
23202435,1755935807000,6,786432,655360
23202436,1755935819000,3,393216,655360
23202437,1755935831000,3,393216,262144
23202438,1755935843000,3,393216,0
23202439,1755935855000,0,0,0
23202440,1755935867000,6,786432,0
23202441,1755935879000,6,786432,0
23202442,1755935891000,3,393216,0
23202443,1755935903000,0,0,0
23202444,1755935915000,0,0,0
23202445,1755935927000,3,393216,0
23202446,1755935939000,0,0,0
23202447,1755935951000,8,1048576,0
23202448,1755935963000,9,1179648,262144
23202449,1755935975000,9,1179648,655360
23202450,1755935987000,7,917504,1048576
23202451,1755935999000,4,524288,1179648
23202452,1755936011000,1,131072,917504
23202453,1755936023000,3,393216,262144
23202454,1755936035000,3,393216,0
23202455,1755936047000,0,0,0
23202456,1755936059000,6,786432,0
23202457,1755936071000,6,786432,0
23202458,1755936083000,3,393216,0
23202459,1755936095000,7,917504,0
23202460,1755936107000,0,0,131072
23202461,1755936119000,4,524288,0
23202462,1755936131000,9,1179648,0
23202463,1755936143000,3,393216,393216
23202464,1755936155000,3,393216,0
23202465,1755936167000,0,0,0
23202466,1755936179000,6,786432,0
23202467,1755936191000,0,0,0
23202468,1755936203000,3,393216,0
23202469,1755936215000,9,1179648,0
23202470,1755936227000,3,393216,393216
23202471,1755936239000,1,131072,0
23202472,1755936251000,3,393216,0
23202473,1755936263000,2,262144,0
23202474,1755936275000,8,1048576,0
23202475,1755936287000,0,0,262144
23202476,1755936299000,7,917504,0
23202477,1755936311000,0,0,131072
23202478,1755936323000,6,786432,0
23202479,1755936335000,3,393216,0
23202480,1755936347000,0,0,0
23202481,1755936359000,0,0,0
23202482,1755936371000,4,524288,0
23202483,1755936383000,3,393216,0
23202484,1755936395000,9,1179648,0
23202485,1755936407000,6,786432,393216
23202486,1755936419000,3,393216,393216
23202487,1755936431000,1,131072,0
23202488,1755936443000,3,393216,0
23202489,1755936455000,3,393216,0
23202490,1755936467000,6,786432,0
23202491,1755936479000,6,786432,0
23202492,1755936491000,3,393216,0
23202493,1755936503000,0,0,0
23202494,1755936515000,3,393216,0
23202495,1755936527000,4,524288,0
23202496,1755936539000,4,524288,0
23202497,1755936551000,3,393216,0
23202498,1755936563000,3,393216,0
23202499,1755936575000,9,1179648,0
23202500,1755936587000,5,655360,393216
23202501,1755936599000,9,1179648,262144
23202502,1755936611000,1,131072,655360
23202503,1755936623000,6,786432,0
23202504,1755936635000,1,131072,0
23202505,1755936647000,4,524288,0
23202506,1755936659000,6,786432,0
23202507,1755936671000,3,393216,0
23202508,1755936683000,0,0,0
23202509,1755936695000,6,786432,0
23202510,1755936707000,1,131072,0
23202511,1755936719000,0,0,0
23202512,1755936731000,0,0,0
23202513,1755936743000,9,1179648,0
23202514,1755936755000,3,393216,393216
23202515,1755936767000,0,0,0
23202516,1755936779000,0,0,0
23202517,1755936791000,6,786432,0
23202518,1755936803000,4,524288,0
23202519,1755936815000,0,0,0
23202520,1755936827000,6,786432,0
23202521,1755936839000,7,917504,0
23202522,1755936851000,6,786432,131072
23202523,1755936863000,6,786432,131072
23202524,1755936875000,3,393216,131072
23202525,1755936887000,0,0,0
23202526,1755936899000,0,0,0
23202527,1755936911000,8,1048576,0
23202528,1755936923000,6,786432,262144
23202529,1755936935000,3,393216,262144
23202530,1755936947000,9,1179648,0
23202531,1755936959000,6,786432,393216
23202532,1755936971000,7,917504,393216
23202533,1755936983000,6,786432,524288
23202534,1755936995000,0,0,524288
23202535,1755937007000,9,1179648,0
23202536,1755937019000,0,0,393216
23202537,1755937031000,6,786432,0
23202538,1755937043000,3,393216,0
23202539,1755937067000,3,393216,0
23202540,1755937079000,4,524288,0
23202541,1755937091000,0,0,0
23202542,1755937103000,9,1179648,0
23202543,1755937115000,3,393216,393216
23202544,1755937127000,7,917504,0
23202545,1755937139000,3,393216,131072
23202546,1755937151000,6,786432,0
23202547,1755937163000,3,393216,0
23202548,1755937175000,6,786432,0
23202549,1755937187000,0,0,0
23202550,1755937199000,4,524288,0
23202551,1755937211000,9,1179648,0
23202552,1755937223000,0,0,393216
23202553,1755937235000,9,1179648,0
23202554,1755937247000,7,917504,393216
23202555,1755937259000,0,0,524288
23202556,1755937271000,3,393216,0
23202557,1755937283000,6,786432,0
23202558,1755937295000,9,1179648,0
23202559,1755937307000,1,131072,393216
23202560,1755937319000,8,1048576,0
23202561,1755937331000,0,0,262144
23202562,1755937343000,3,393216,0
23202563,1755937355000,0,0,0
23202564,1755937367000,0,0,0
23202565,1755937379000,9,1179648,0
23202566,1755937391000,3,393216,393216
23202567,1755937403000,6,786432,0
23202568,1755937415000,3,393216,0
23202569,1755937427000,4,524288,0
23202570,1755937439000,0,0,0
23202571,1755937451000,6,786432,0
23202572,1755937463000,0,0,0
23202573,1755937475000,0,0,0
23202574,1755937487000,6,786432,0
23202575,1755937499000,0,0,0
23202576,1755937511000,6,786432,0
23202577,1755937523000,0,0,0
23202578,1755937535000,9,1179648,0
23202579,1755937547000,7,917504,393216
23202580,1755937559000,8,1048576,524288
23202581,1755937571000,4,524288,786432
23202582,1755937583000,0,0,524288
23202583,1755937595000,6,786432,0
23202584,1755937607000,0,0,0
23202585,1755937619000,3,393216,0
23202586,1755937631000,0,0,0
23202587,1755937643000,6,786432,0
23202588,1755937655000,6,786432,0
23202589,1755937667000,4,524288,0
23202590,1755937679000,1,131072,0
23202591,1755937691000,5,655360,0
23202592,1755937703000,3,393216,0
23202593,1755937715000,3,393216,0
23202594,1755937727000,6,786432,0
23202595,1755937739000,5,655360,0
23202596,1755937751000,6,786432,0
23202597,1755937775000,0,0,0
23202598,1755937787000,9,1179648,0
23202599,1755937799000,9,1179648,393216
23202600,1755937811000,3,393216,786432
23202601,1755937823000,8,1048576,393216
23202602,1755937835000,9,1179648,655360
23202603,1755937847000,0,0,1048576
23202604,1755937859000,9,1179648,262144
23202605,1755937871000,0,0,655360
23202606,1755937883000,4,524288,0
23202607,1755937895000,5,655360,0
23202608,1755937907000,3,393216,0
23202609,1755937919000,4,524288,0
23202610,1755937931000,6,786432,0
23202611,1755937943000,5,655360,0
23202612,1755937955000,0,0,0
23202613,1755937967000,6,786432,0
23202614,1755937979000,0,0,0
23202615,1755937991000,3,393216,0
23202616,1755938003000,8,1048576,0
23202617,1755938015000,3,393216,262144
23202618,1755938039000,0,0,0
23202619,1755938051000,6,786432,0
23202620,1755938063000,0,0,0
23202621,1755938075000,3,393216,0
23202622,1755938087000,3,393216,0
23202623,1755938099000,9,1179648,0
23202624,1755938111000,0,0,393216
23202625,1755938123000,6,786432,0
23202626,1755938135000,7,917504,0
23202627,1755938147000,3,393216,131072
23202628,1755938159000,6,786432,0
23202629,1755938171000,1,131072,0
23202630,1755938183000,9,1179648,0
23202631,1755938195000,8,1048576,393216
23202632,1755938207000,0,0,655360
23202633,1755938219000,3,393216,0
23202634,1755938231000,4,524288,0
23202635,1755938243000,5,655360,0
23202636,1755938255000,3,393216,0
23202637,1755938267000,6,786432,0
23202638,1755938279000,6,786432,0
23202639,1755938291000,3,393216,0
23202640,1755938303000,0,0,0
23202641,1755938315000,0,0,0
23202642,1755938327000,0,0,0
23202643,1755938339000,9,1179648,0
23202644,1755938351000,0,0,393216
23202645,1755938363000,3,393216,0
23202646,1755938375000,4,524288,0
23202647,1755938387000,6,786432,0
23202648,1755938399000,3,393216,0
23202649,1755938411000,3,393216,0
23202650,1755938423000,6,786432,0
23202651,1755938435000,0,0,0
23202652,1755938447000,4,524288,0
23202653,1755938459000,0,0,0
23202654,1755938471000,6,786432,0
23202655,1755938483000,8,1048576,0
23202656,1755938495000,5,655360,262144
23202657,1755938507000,6,786432,131072
23202658,1755938519000,8,1048576,131072
23202659,1755938531000,0,0,393216
23202660,1755938543000,9,1179648,0
23202661,1755938555000,1,131072,393216
23202662,1755938567000,8,1048576,0
23202663,1755938579000,0,0,262144
23202664,1755938591000,3,393216,0
23202665,1755938603000,6,786432,0
23202666,1755938615000,6,786432,0
23202667,1755938627000,3,393216,0
23202668,1755938639000,6,786432,0
23202669,1755938651000,0,0,0
23202670,1755938663000,7,917504,0
23202671,1755938675000,4,524288,131072
23202672,1755938687000,3,393216,0
23202673,1755938699000,0,0,0
23202674,1755938711000,4,524288,0
23202675,1755938723000,0,0,0
23202676,1755938735000,9,1179648,0
23202677,1755938747000,6,786432,393216
23202678,1755938759000,3,393216,393216
23202679,1755938771000,0,0,0
23202680,1755938783000,4,524288,0
23202681,1755938795000,6,786432,0
23202682,1755938807000,0,0,0
23202683,1755938819000,3,393216,0
23202684,1755938831000,9,1179648,0
23202685,1755938843000,5,655360,393216
23202686,1755938855000,3,393216,262144
23202687,1755938867000,2,262144,0
23202688,1755938879000,9,1179648,0
23202689,1755938891000,0,0,393216
23202690,1755938903000,8,1048576,0
23202691,1755938915000,4,524288,262144
23202692,1755938927000,6,786432,0
23202693,1755938939000,3,393216,0
23202694,1755938951000,0,0,0
23202695,1755938963000,3,393216,0
23202696,1755938975000,0,0,0
23202697,1755938987000,3,393216,0
23202698,1755938999000,3,393216,0
23202699,1755939011000,9,1179648,0
23202700,1755939023000,0,0,393216
23202701,1755939035000,4,524288,0
23202702,1755939047000,0,0,0
23202703,1755939059000,6,786432,0
23202704,1755939071000,3,393216,0
23202705,1755939083000,6,786432,0
23202706,1755939095000,4,524288,0
23202707,1755939107000,6,786432,0
23202708,1755939119000,0,0,0
23202709,1755939131000,4,524288,0
23202710,1755939143000,4,524288,0
23202711,1755939155000,0,0,0
23202712,1755939167000,8,1048576,0
23202713,1755939179000,0,0,262144
23202714,1755939191000,9,1179648,0
23202715,1755939203000,6,786432,393216
23202716,1755939215000,3,393216,393216
23202717,1755939227000,0,0,0
23202718,1755939239000,3,393216,0
23202719,1755939251000,0,0,0
23202720,1755939263000,3,393216,0
23202721,1755939275000,3,393216,0
23202722,1755939287000,9,1179648,0
23202723,1755939299000,5,655360,393216
23202724,1755939311000,0,0,262144
23202725,1755939323000,3,393216,0
23202726,1755939335000,0,0,0
23202727,1755939347000,5,655360,0
23202728,1755939359000,0,0,0
23202729,1755939371000,9,1179648,0
23202730,1755939383000,0,0,393216
23202731,1755939395000,8,1048576,0
23202732,1755939407000,0,0,262144
23202733,1755939419000,3,393216,0
23202734,1755939431000,0,0,0
23202735,1755939443000,3,393216,0
23202736,1755939455000,0,0,0
23202737,1755939467000,3,393216,0
23202738,1755939479000,7,917504,0
23202739,1755939491000,6,786432,131072
23202740,1755939503000,5,655360,131072
23202741,1755939515000,9,1179648,0
23202742,1755939527000,5,655360,393216
23202743,1755939539000,4,524288,262144
23202744,1755939551000,0,0,0
23202745,1755939563000,0,0,0
23202746,1755939575000,9,1179648,0
23202747,1755939587000,6,786432,393216
23202748,1755939599000,4,524288,393216
23202749,1755939611000,3,393216,131072
23202750,1755939623000,3,393216,0
23202751,1755939635000,9,1179648,0
23202752,1755939647000,8,1048576,393216
23202753,1755939659000,3,393216,655360
23202754,1755939671000,6,786432,262144
23202755,1755939683000,3,393216,262144
23202756,1755939695000,0,0,0
23202757,1755939707000,5,655360,0
23202758,1755939719000,5,655360,0
23202759,1755939731000,0,0,0
23202760,1755939743000,3,393216,0
23202761,1755939755000,9,1179648,0
23202762,1755939767000,3,393216,393216
23202763,1755939779000,3,393216,0
23202764,1755939791000,0,0,0
23202765,1755939803000,0,0,0
23202766,1755939815000,8,1048576,0
23202767,1755939827000,0,0,262144
23202768,1755939839000,4,524288,0
23202769,1755939851000,9,1179648,0
23202770,1755939863000,5,655360,393216
23202771,1755939875000,3,393216,262144
23202772,1755939887000,6,786432,0
23202773,1755939899000,3,393216,0
23202774,1755939911000,0,0,0
23202775,1755939923000,6,786432,0
23202776,1755939935000,1,131072,0
23202777,1755939947000,7,917504,0
23202778,1755939959000,3,393216,131072
23202779,1755939971000,6,786432,0
23202780,1755939983000,4,524288,0
23202781,1755939995000,0,0,0
23202782,1755940007000,8,1048576,0
23202783,1755940019000,6,786432,262144
23202784,1755940031000,6,786432,262144
23202785,1755940043000,6,786432,262144
23202786,1755940055000,0,0,262144
23202787,1755940067000,0,0,0
23202788,1755940079000,4,524288,0
23202789,1755940091000,3,393216,0
23202790,1755940103000,9,1179648,0
23202791,1755940115000,6,786432,393216
23202792,1755940127000,6,786432,393216
23202793,1755940139000,8,1048576,393216
23202794,1755940151000,0,0,655360
23202795,1755940163000,3,393216,0
23202796,1755940175000,0,0,0
23202797,1755940187000,3,393216,0
23202798,1755940199000,0,0,0
23202799,1755940211000,4,524288,0
23202800,1755940223000,9,1179648,0
23202801,1755940235000,1,131072,393216
23202802,1755940247000,3,393216,0
23202803,1755940259000,0,0,0
23202804,1755940271000,3,393216,0
23202805,1755940283000,0,0,0
23202806,1755940295000,4,524288,0
23202807,1755940307000,4,524288,0
23202808,1755940319000,7,917504,0
23202809,1755940331000,9,1179648,131072
23202810,1755940343000,0,0,524288
23202811,1755940355000,8,1048576,0
23202812,1755940367000,6,786432,262144
23202813,1755940379000,3,393216,262144
23202814,1755940391000,0,0,0
23202815,1755940403000,9,1179648,0
23202816,1755940415000,3,393216,393216
23202817,1755940427000,4,524288,0
23202818,1755940439000,0,0,0
23202819,1755940451000,0,0,0
23202820,1755940463000,8,1048576,0
23202821,1755940475000,0,0,262144
23202822,1755940487000,3,393216,0
23202823,1755940499000,0,0,0
23202824,1755940511000,0,0,0
23202825,1755940523000,8,1048576,0
23202826,1755940535000,6,786432,262144
23202827,1755940547000,9,1179648,262144
23202828,1755940559000,2,262144,655360
23202829,1755940571000,3,393216,131072
23202830,1755940583000,8,1048576,0
23202831,1755940595000,0,0,262144
23202832,1755940607000,9,1179648,0
23202833,1755940619000,7,917504,393216
23202834,1755940631000,0,0,524288
23202835,1755940643000,9,1179648,0
23202836,1755940655000,6,786432,393216
23202837,1755940667000,3,393216,393216
23202838,1755940679000,0,0,0
23202839,1755940691000,9,1179648,0
23202840,1755940703000,3,393216,393216
23202841,1755940715000,6,786432,0
23202842,1755940727000,9,1179648,0
23202843,1755940739000,2,262144,393216
23202844,1755940751000,9,1179648,0
23202845,1755940763000,6,786432,393216
23202846,1755940775000,4,524288,393216
23202847,1755940787000,9,1179648,131072
23202848,1755940799000,8,1048576,524288
23202849,1755940811000,5,655360,786432
23202850,1755940823000,0,0,655360
23202851,1755940835000,3,393216,0
23202852,1755940847000,3,393216,0
23202853,1755940859000,7,917504,0
23202854,1755940871000,3,393216,131072
23202855,1755940883000,3,393216,0
23202856,1755940895000,3,393216,0
23202857,1755940907000,0,0,0
23202858,1755940919000,0,0,0
23202859,1755940931000,3,393216,0
23202860,1755940943000,0,0,0
23202861,1755940955000,5,655360,0
23202862,1755940967000,6,786432,0
23202863,1755940979000,6,786432,0
23202864,1755940991000,0,0,0
23202865,1755941003000,0,0,0
23202866,1755941015000,6,786432,0
23202867,1755941027000,7,917504,0
23202868,1755941039000,0,0,131072
23202869,1755941051000,4,524288,0
23202870,1755941063000,3,393216,0
23202871,1755941075000,6,786432,0
23202872,1755941087000,6,786432,0
23202873,1755941099000,7,917504,0
23202874,1755941111000,9,1179648,131072
23202875,1755941123000,0,0,524288
23202876,1755941135000,0,0,0
23202877,1755941147000,9,1179648,0
23202878,1755941159000,0,0,393216
23202879,1755941171000,7,917504,0
23202880,1755941183000,6,786432,131072
23202881,1755941195000,7,917504,131072
23202882,1755941207000,9,1179648,262144
23202883,1755941219000,7,917504,655360
23202884,1755941231000,0,0,786432
23202885,1755941243000,3,393216,0
23202886,1755941255000,0,0,0
23202887,1755941267000,0,0,0
23202888,1755941279000,7,917504,0
23202889,1755941291000,9,1179648,131072
23202890,1755941303000,4,524288,524288
23202891,1755941315000,0,0,262144
23202892,1755941327000,3,393216,0
23202893,1755941339000,0,0,0
23202894,1755941351000,4,524288,0
23202895,1755941363000,5,655360,0
23202896,1755941375000,0,0,0
23202897,1755941387000,4,524288,0
23202898,1755941399000,6,786432,0
23202899,1755941411000,3,393216,0
23202900,1755941423000,3,393216,0
23202901,1755941435000,1,131072,0
23202902,1755941447000,6,786432,0
23202903,1755941459000,0,0,0
23202904,1755941471000,0,0,0
23202905,1755941483000,6,786432,0
23202906,1755941495000,6,786432,0
23202907,1755941507000,9,1179648,0
23202908,1755941519000,1,131072,393216
23202909,1755941531000,3,393216,0
23202910,1755941543000,9,1179648,0
23202911,1755941555000,6,786432,393216
23202912,1755941567000,7,917504,393216
23202913,1755941579000,0,0,524288
23202914,1755941591000,3,393216,0
23202915,1755941603000,3,393216,0
23202916,1755941615000,1,131072,0
23202917,1755941627000,3,393216,0
23202918,1755941639000,9,1179648,0
23202919,1755941651000,3,393216,393216
23202920,1755941663000,3,393216,0
23202921,1755941675000,0,0,0
23202922,1755941687000,0,0,0
23202923,1755941699000,3,393216,0
23202924,1755941711000,9,1179648,0
23202925,1755941723000,5,655360,393216
23202926,1755941735000,7,917504,262144
23202927,1755941747000,6,786432,393216
23202928,1755941759000,8,1048576,393216
23202929,1755941771000,3,393216,655360
23202930,1755941783000,0,0,262144
23202931,1755941795000,0,0,0
23202932,1755941807000,8,1048576,0
23202933,1755941819000,6,786432,262144
23202934,1755941831000,0,0,262144
23202935,1755941843000,4,524288,0
23202936,1755941855000,7,917504,0
23202937,1755941867000,0,0,131072
23202938,1755941879000,8,1048576,0
23202939,1755941891000,7,917504,262144
23202940,1755941903000,9,1179648,393216
23202941,1755941915000,3,393216,786432
23202942,1755941927000,4,524288,393216
23202943,1755941939000,0,0,131072
23202944,1755941951000,3,393216,0
23202945,1755941963000,1,131072,0
23202946,1755941975000,4,524288,0
23202947,1755941987000,7,917504,0
23202948,1755941999000,3,393216,131072
23202949,1755942011000,0,0,0
23202950,1755942023000,8,1048576,0
23202951,1755942035000,0,0,262144
23202952,1755942047000,3,393216,0
23202953,1755942059000,0,0,0
23202954,1755942071000,1,131072,0
23202955,1755942083000,3,393216,0
23202956,1755942095000,6,786432,0
23202957,1755942107000,9,1179648,0
23202958,1755942119000,8,1048576,393216
23202959,1755942131000,0,0,655360
23202960,1755942143000,4,524288,0
23202961,1755942155000,0,0,0
23202962,1755942167000,9,1179648,0
23202963,1755942179000,6,786432,393216
23202964,1755942191000,5,655360,393216
23202965,1755942203000,0,0,262144
23202966,1755942215000,8,1048576,0
23202967,1755942227000,0,0,262144
23202968,1755942239000,3,393216,0
23202969,1755942251000,6,786432,0
23202970,1755942263000,6,786432,0
23202971,1755942275000,0,0,0
23202972,1755942287000,0,0,0
23202973,1755942299000,4,524288,0
23202974,1755942311000,0,0,0
23202975,1755942323000,7,917504,0
23202976,1755942335000,2,262144,131072
23202977,1755942347000,0,0,0
23202978,1755942359000,9,1179648,0
23202979,1755942371000,0,0,393216
23202980,1755942383000,4,524288,0
23202981,1755942395000,6,786432,0
23202982,1755942407000,6,786432,0
23202983,1755942419000,1,131072,0
23202984,1755942431000,6,786432,0
23202985,1755942443000,8,1048576,0
23202986,1755942455000,3,393216,262144
23202987,1755942467000,3,393216,0
23202988,1755942479000,0,0,0
23202989,1755942491000,3,393216,0
23202990,1755942503000,0,0,0
23202991,1755942515000,3,393216,0
23202992,1755942527000,9,1179648,0
23202993,1755942539000,3,393216,393216
23202994,1755942551000,6,786432,0
23202995,1755942563000,0,0,0
23202996,1755942575000,3,393216,0
23202997,1755942587000,2,262144,0
23202998,1755942599000,3,393216,0
23202999,1755942611000,0,0,0
23203000,1755942623000,0,0,0
23203001,1755942635000,7,917504,0
23203002,1755942647000,6,786432,131072
23203003,1755942659000,4,524288,131072
23203004,1755942671000,0,0,0
23203005,1755942683000,3,393216,0
23203006,1755942695000,5,655360,0
23203007,1755942707000,0,0,0
23203008,1755942719000,7,917504,0
23203009,1755942731000,4,524288,131072
23203010,1755942743000,6,786432,0
23203011,1755942755000,3,393216,0
23203012,1755942767000,6,786432,0
23203013,1755942779000,0,0,0
23203014,1755942791000,9,1179648,0
23203015,1755942803000,0,0,393216
23203016,1755942815000,6,786432,0
23203017,1755942827000,6,786432,0
23203018,1755942839000,9,1179648,0
23203019,1755942851000,1,131072,393216
23203020,1755942863000,7,917504,0
23203021,1755942875000,3,393216,131072
23203022,1755942887000,6,786432,0
23203023,1755942899000,4,524288,0
23203024,1755942911000,3,393216,0
23203025,1755942923000,1,131072,0
23203026,1755942935000,4,524288,0
23203027,1755942947000,6,786432,0
23203028,1755942959000,3,393216,0
23203029,1755942971000,0,0,0
23203030,1755942983000,6,786432,0
23203031,1755942995000,6,786432,0
23203032,1755943007000,0,0,0
23203033,1755943019000,0,0,0
23203034,1755943031000,3,393216,0
23203035,1755943043000,9,1179648,0
23203036,1755943055000,4,524288,393216
23203037,1755943067000,6,786432,131072
23203038,1755943079000,3,393216,131072
23203039,1755943091000,4,524288,0
23203040,1755943103000,5,655360,0
23203041,1755943115000,3,393216,0
23203042,1755943127000,0,0,0
23203043,1755943139000,2,262144,0
23203044,1755943151000,6,786432,0
23203045,1755943163000,6,786432,0
23203046,1755943175000,3,393216,0
23203047,1755943187000,3,393216,0
23203048,1755943199000,3,393216,0
23203049,1755943211000,0,0,0
23203050,1755943223000,4,524288,0
23203051,1755943235000,3,393216,0
23203052,1755943247000,6,786432,0
23203053,1755943259000,0,0,0
23203054,1755943271000,3,393216,0
23203055,1755943283000,0,0,0
23203056,1755943295000,8,1048576,0
23203057,1755943307000,0,0,262144
23203058,1755943319000,3,393216,0
23203059,1755943331000,0,0,0
23203060,1755943343000,9,1179648,0
23203061,1755943355000,3,393216,393216
23203062,1755943367000,0,0,0
23203063,1755943379000,4,524288,0
23203064,1755943391000,0,0,0
23203065,1755943403000,3,393216,0
23203066,1755943415000,7,917504,0
23203067,1755943427000,3,393216,131072
23203068,1755943439000,6,786432,0
23203069,1755943451000,6,786432,0
23203070,1755943463000,4,524288,0
23203071,1755943475000,7,917504,0
23203072,1755943487000,3,393216,131072
23203073,1755943499000,0,0,0
23203074,1755943511000,0,0,0
23203075,1755943523000,9,1179648,0
23203076,1755943535000,0,0,393216
23203077,1755943547000,6,786432,0
23203078,1755943559000,3,393216,0
23203079,1755943571000,4,524288,0
23203080,1755943583000,6,786432,0
23203081,1755943595000,0,0,0
23203082,1755943607000,9,1179648,0
23203083,1755943619000,4,524288,393216
23203084,1755943631000,0,0,131072
23203085,1755943643000,0,0,0
23203086,1755943655000,7,917504,0
23203087,1755943667000,9,1179648,131072
23203088,1755943679000,3,393216,524288
23203089,1755943691000,0,0,131072
23203090,1755943703000,6,786432,0
23203091,1755943715000,8,1048576,0
23203092,1755943727000,5,655360,262144
23203093,1755943739000,0,0,131072
23203094,1755943751000,3,393216,0
23203095,1755943763000,0,0,0
23203096,1755943775000,8,1048576,0
23203097,1755943787000,0,0,262144
23203098,1755943799000,6,786432,0
23203099,1755943811000,8,1048576,0
23203100,1755943823000,4,524288,262144
23203101,1755943835000,9,1179648,0
23203102,1755943847000,2,262144,393216
23203103,1755943859000,3,393216,0
23203104,1755943871000,0,0,0
23203105,1755943883000,6,786432,0
23203106,1755943895000,7,917504,0
23203107,1755943907000,8,1048576,131072
23203108,1755943919000,0,0,393216
23203109,1755943931000,3,393216,0
23203110,1755943943000,0,0,0
23203111,1755943955000,3,393216,0
23203112,1755943967000,6,786432,0
23203113,1755943979000,3,393216,0
23203114,1755943991000,3,393216,0
23203115,1755944003000,0,0,0
23203116,1755944015000,0,0,0
23203117,1755944027000,3,393216,0
23203118,1755944039000,3,393216,0
23203119,1755944051000,7,917504,0
23203120,1755944063000,3,393216,131072
23203121,1755944075000,0,0,0
23203122,1755944087000,3,393216,0
23203123,1755944099000,8,1048576,0
23203124,1755944111000,0,0,262144
23203125,1755944123000,3,393216,0
23203126,1755944135000,2,262144,0
23203127,1755944147000,3,393216,0
23203128,1755944159000,6,786432,0
23203129,1755944171000,3,393216,0
23203130,1755944183000,3,393216,0
23203131,1755944195000,0,0,0
23203132,1755944207000,0,0,0
23203133,1755944219000,9,1179648,0
23203134,1755944231000,8,1048576,393216
23203135,1755944243000,3,393216,655360
23203136,1755944255000,0,0,262144
23203137,1755944267000,3,393216,0
23203138,1755944279000,6,786432,0
23203139,1755944291000,9,1179648,0
23203140,1755944303000,7,917504,393216
23203141,1755944315000,0,0,524288
23203142,1755944327000,9,1179648,0
23203143,1755944339000,3,393216,393216
23203144,1755944351000,0,0,0
23203145,1755944363000,0,0,0
23203146,1755944375000,8,1048576,0
23203147,1755944387000,8,1048576,262144
23203148,1755944399000,3,393216,524288
23203149,1755944411000,0,0,131072
23203150,1755944423000,8,1048576,0
23203151,1755944435000,6,786432,262144
23203152,1755944447000,5,655360,262144
23203153,1755944459000,3,393216,131072
23203154,1755944471000,0,0,0
23203155,1755944483000,7,917504,0
23203156,1755944495000,3,393216,131072
23203157,1755944507000,6,786432,0
23203158,1755944519000,3,393216,0
23203159,1755944531000,6,786432,0
23203160,1755944543000,6,786432,0
23203161,1755944555000,0,0,0
23203162,1755944567000,5,655360,0
23203163,1755944579000,7,917504,0
23203164,1755944591000,0,0,131072
23203165,1755944603000,0,0,0
23203166,1755944615000,6,786432,0
23203167,1755944627000,0,0,0
23203168,1755944639000,4,524288,0
23203169,1755944651000,6,786432,0
23203170,1755944663000,6,786432,0
23203171,1755944675000,6,786432,0
23203172,1755944687000,3,393216,0
23203173,1755944699000,4,524288,0
23203174,1755944711000,0,0,0
23203175,1755944723000,5,655360,0
23203176,1755944735000,0,0,0
23203177,1755944747000,6,786432,0
23203178,1755944759000,6,786432,0
23203179,1755944771000,9,1179648,0
23203180,1755944783000,8,1048576,393216
23203181,1755944795000,7,917504,655360
23203182,1755944807000,3,393216,786432
23203183,1755944819000,2,262144,393216
23203184,1755944831000,3,393216,0
23203185,1755944843000,0,0,0
23203186,1755944855000,9,1179648,0
23203187,1755944867000,4,524288,393216
23203188,1755944879000,3,393216,131072
23203189,1755944891000,0,0,0
23203190,1755944903000,3,393216,0
23203191,1755944915000,0,0,0
23203192,1755944927000,3,393216,0
23203193,1755944939000,6,786432,0
23203194,1755944951000,3,393216,0
23203195,1755944963000,0,0,0
23203196,1755944975000,7,917504,0
23203197,1755944987000,0,0,131072
23203198,1755944999000,0,0,0
23203199,1755945011000,6,786432,0
23203200,1755945023000,6,786432,0
23203201,1755945035000,4,524288,0
23203202,1755945047000,6,786432,0
23203203,1755945059000,3,393216,0
23203204,1755945071000,0,0,0
23203205,1755945083000,6,786432,0
23203206,1755945095000,0,0,0
23203207,1755945107000,9,1179648,0
23203208,1755945119000,0,0,393216
23203209,1755945131000,9,1179648,0
23203210,1755945143000,2,262144,393216
23203211,1755945155000,0,0,0
23203212,1755945167000,3,393216,0
23203213,1755945179000,6,786432,0
23203214,1755945191000,7,917504,0
23203215,1755945203000,9,1179648,131072
23203216,1755945215000,7,917504,524288
23203217,1755945227000,9,1179648,655360
23203218,1755945239000,0,0,1048576
23203219,1755945251000,4,524288,262144
23203220,1755945263000,3,393216,0
23203221,1755945275000,5,655360,0
23203222,1755945287000,9,1179648,0
23203223,1755945299000,3,393216,393216
23203224,1755945311000,3,393216,0
23203225,1755945323000,3,393216,0
23203226,1755945335000,1,131072,0
23203227,1755945347000,3,393216,0
23203228,1755945359000,0,0,0
23203229,1755945383000,7,917504,0
23203230,1755945395000,8,1048576,131072
23203231,1755945407000,5,655360,393216
23203232,1755945419000,0,0,262144
23203233,1755945431000,3,393216,0
23203234,1755945443000,0,0,0
23203235,1755945455000,0,0,0
23203236,1755945467000,6,786432,0
23203237,1755945479000,9,1179648,0
23203238,1755945491000,0,0,393216
23203239,1755945503000,4,524288,0
23203240,1755945515000,5,655360,0
23203241,1755945527000,9,1179648,0
23203242,1755945539000,0,0,393216
23203243,1755945551000,9,1179648,0
23203244,1755945563000,6,786432,393216
23203245,1755945575000,0,0,393216
23203246,1755945587000,4,524288,0
23203247,1755945599000,6,786432,0
23203248,1755945611000,0,0,0
23203249,1755945623000,9,1179648,0
23203250,1755945635000,4,524288,393216
23203251,1755945647000,6,786432,131072
23203252,1755945659000,6,786432,131072
23203253,1755945671000,3,393216,131072
23203254,1755945683000,0,0,0
23203255,1755945695000,9,1179648,0
23203256,1755945707000,3,393216,393216
23203257,1755945719000,1,131072,0
23203258,1755945731000,3,393216,0
23203259,1755945743000,5,655360,0
23203260,1755945755000,0,0,0
23203261,1755945767000,8,1048576,0
23203262,1755945779000,9,1179648,262144
23203263,1755945791000,3,393216,655360
23203264,1755945803000,0,0,262144
23203265,1755945815000,9,1179648,0
23203266,1755945827000,6,786432,393216
23203267,1755945839000,6,786432,393216
23203268,1755945851000,0,0,393216
23203269,1755945863000,6,786432,0
23203270,1755945875000,9,1179648,0
23203271,1755945887000,2,262144,393216
23203272,1755945899000,3,393216,0
23203273,1755945911000,1,131072,0
23203274,1755945923000,3,393216,0
23203275,1755945935000,0,0,0
23203276,1755945947000,3,393216,0
23203277,1755945959000,0,0,0
23203278,1755945971000,9,1179648,0
23203279,1755945983000,3,393216,393216
23203280,1755945995000,9,1179648,0
23203281,1755946007000,3,393216,393216
23203282,1755946019000,0,0,0
23203283,1755946031000,4,524288,0
23203284,1755946043000,6,786432,0
23203285,1755946055000,3,393216,0
23203286,1755946067000,4,524288,0
23203287,1755946079000,3,393216,0
23203288,1755946091000,4,524288,0
23203289,1755946103000,7,917504,0
23203290,1755946115000,8,1048576,131072
23203291,1755946127000,6,786432,393216
23203292,1755946139000,4,524288,393216
23203293,1755946151000,0,0,131072
23203294,1755946163000,3,393216,0
23203295,1755946175000,0,0,0
23203296,1755946187000,3,393216,0
23203297,1755946199000,6,786432,0
23203298,1755946211000,9,1179648,0
23203299,1755946223000,3,393216,393216
23203300,1755946235000,0,0,0
23203301,1755946247000,3,393216,0
23203302,1755946259000,2,262144,0
23203303,1755946271000,9,1179648,0
23203304,1755946283000,6,786432,393216
23203305,1755946295000,6,786432,393216
23203306,1755946307000,6,786432,393216
23203307,1755946319000,7,917504,393216
23203308,1755946331000,0,0,524288
23203309,1755946343000,3,393216,0
23203310,1755946355000,3,393216,0
23203311,1755946367000,6,786432,0
23203312,1755946379000,3,393216,0
23203313,1755946391000,6,786432,0
23203314,1755946403000,6,786432,0
23203315,1755946415000,3,393216,0
23203316,1755946427000,0,0,0
23203317,1755946439000,3,393216,0
23203318,1755946451000,7,917504,0
23203319,1755946463000,8,1048576,131072
23203320,1755946475000,3,393216,393216
23203321,1755946487000,3,393216,0
23203322,1755946499000,6,786432,0
23203323,1755946511000,1,131072,0
23203324,1755946523000,3,393216,0
23203325,1755946535000,9,1179648,0
23203326,1755946547000,5,655360,393216
23203327,1755946559000,4,524288,262144
23203328,1755946571000,0,0,0
23203329,1755946583000,9,1179648,0
23203330,1755946595000,6,786432,393216
23203331,1755946607000,0,0,393216
23203332,1755946619000,9,1179648,0
23203333,1755946631000,0,0,393216
23203334,1755946643000,3,393216,0
23203335,1755946655000,3,393216,0
23203336,1755946667000,0,0,0
23203337,1755946679000,4,524288,0
23203338,1755946691000,0,0,0
23203339,1755946703000,8,1048576,0
23203340,1755946715000,9,1179648,262144
23203341,1755946727000,3,393216,655360
23203342,1755946739000,3,393216,262144
23203343,1755946751000,2,262144,0
23203344,1755946763000,3,393216,0
23203345,1755946775000,3,393216,0
23203346,1755946787000,9,1179648,0
23203347,1755946799000,7,917504,393216
23203348,1755946811000,5,655360,524288
23203349,1755946823000,3,393216,393216
23203350,1755946835000,3,393216,0
23203351,1755946847000,0,0,0
23203352,1755946859000,3,393216,0
23203353,1755946871000,6,786432,0
23203354,1755946883000,9,1179648,0
23203355,1755946895000,4,524288,393216
23203356,1755946907000,3,393216,131072
23203357,1755946919000,1,131072,0
23203358,1755946931000,0,0,0
23203359,1755946943000,7,917504,0
23203360,1755946955000,9,1179648,131072
23203361,1755946967000,3,393216,524288
23203362,1755946979000,0,0,131072
23203363,1755946991000,9,1179648,0
23203364,1755947003000,0,0,393216
23203365,1755947015000,9,1179648,0
23203366,1755947027000,4,524288,393216
23203367,1755947039000,5,655360,131072
23203368,1755947051000,3,393216,0
23203369,1755947063000,3,393216,0
23203370,1755947075000,0,0,0
23203371,1755947087000,3,393216,0
23203372,1755947099000,4,524288,0
23203373,1755947111000,6,786432,0
23203374,1755947123000,9,1179648,0
23203375,1755947135000,0,0,393216
23203376,1755947147000,8,1048576,0
23203377,1755947159000,4,524288,262144
23203378,1755947171000,4,524288,0
23203379,1755947183000,9,1179648,0
23203380,1755947195000,8,1048576,393216
23203381,1755947207000,3,393216,655360
23203382,1755947219000,0,0,262144
23203383,1755947231000,3,393216,0
23203384,1755947243000,9,1179648,0
23203385,1755947255000,8,1048576,393216
23203386,1755947267000,3,393216,655360
23203387,1755947279000,5,655360,262144
23203388,1755947291000,0,0,131072
23203389,1755947303000,7,917504,0
23203390,1755947315000,6,786432,131072
23203391,1755947327000,3,393216,131072
23203392,1755947339000,6,786432,0
23203393,1755947351000,0,0,0
23203394,1755947363000,0,0,0
23203395,1755947375000,6,786432,0
23203396,1755947387000,0,0,0
23203397,1755947399000,9,1179648,0
23203398,1755947411000,1,131072,393216
23203399,1755947423000,6,786432,0
23203400,1755947435000,9,1179648,0
23203401,1755947447000,0,0,393216
23203402,1755947459000,3,393216,0
23203403,1755947471000,0,0,0
23203404,1755947483000,8,1048576,0
23203405,1755947495000,3,393216,262144
23203406,1755947507000,6,786432,0
23203407,1755947519000,8,1048576,0
23203408,1755947531000,6,786432,262144
23203409,1755947543000,3,393216,262144
23203410,1755947555000,2,262144,0
23203411,1755947567000,3,393216,0
23203412,1755947579000,0,0,0
23203413,1755947591000,3,393216,0
23203414,1755947603000,6,786432,0
23203415,1755947615000,6,786432,0
23203416,1755947627000,0,0,0
23203417,1755947639000,1,131072,0
23203418,1755947651000,3,393216,0
23203419,1755947663000,0,0,0
23203420,1755947675000,3,393216,0
23203421,1755947687000,4,524288,0
23203422,1755947699000,6,786432,0
23203423,1755947711000,9,1179648,0
23203424,1755947723000,7,917504,393216
23203425,1755947735000,3,393216,524288
23203426,1755947747000,0,0,131072
23203427,1755947759000,9,1179648,0
23203428,1755947771000,8,1048576,393216
23203429,1755947783000,3,393216,655360
23203430,1755947795000,0,0,262144
23203431,1755947807000,3,393216,0
23203432,1755947819000,8,1048576,0
23203433,1755947831000,3,393216,262144
23203434,1755947843000,6,786432,0
23203435,1755947855000,3,393216,0
23203436,1755947867000,0,0,0
23203437,1755947879000,0,0,0
23203438,1755947891000,4,524288,0
23203439,1755947903000,3,393216,0
23203440,1755947915000,0,0,0
23203441,1755947927000,6,786432,0
23203442,1755947939000,6,786432,0
23203443,1755947951000,9,1179648,0
23203444,1755947963000,4,524288,393216
23203445,1755947975000,7,917504,131072
23203446,1755947987000,1,131072,262144
23203447,1755947999000,9,1179648,0
23203448,1755948011000,0,0,393216
23203449,1755948023000,9,1179648,0
23203450,1755948035000,0,0,393216
23203451,1755948047000,8,1048576,0
23203452,1755948059000,6,786432,262144
23203453,1755948071000,4,524288,262144
23203454,1755948083000,0,0,0
23203455,1755948095000,9,1179648,0
23203456,1755948107000,0,0,393216
23203457,1755948119000,3,393216,0
23203458,1755948131000,3,393216,0
23203459,1755948143000,0,0,0
23203460,1755948155000,3,393216,0
23203461,1755948167000,9,1179648,0
23203462,1755948179000,6,786432,393216
23203463,1755948191000,3,393216,393216
23203464,1755948203000,0,0,0
23203465,1755948215000,3,393216,0
23203466,1755948227000,4,524288,0
23203467,1755948239000,3,393216,0
23203468,1755948251000,0,0,0
23203469,1755948263000,6,786432,0
23203470,1755948275000,6,786432,0
23203471,1755948287000,4,524288,0
23203472,1755948299000,0,0,0
23203473,1755948311000,0,0,0
23203474,1755948323000,0,0,0
23203475,1755948335000,5,655360,0
23203476,1755948347000,9,1179648,0
23203477,1755948359000,1,131072,393216
23203478,1755948371000,6,786432,0
23203479,1755948383000,0,0,0
23203480,1755948395000,4,524288,0
23203481,1755948407000,1,131072,0
23203482,1755948419000,3,393216,0
23203483,1755948431000,0,0,0
23203484,1755948443000,9,1179648,0
23203485,1755948455000,5,655360,393216
23203486,1755948467000,4,524288,262144
23203487,1755948479000,7,917504,0
23203488,1755948491000,3,393216,131072
23203489,1755948503000,0,0,0
23203490,1755948515000,0,0,0
23203491,1755948527000,0,0,0
23203492,1755948539000,0,0,0
23203493,1755948551000,9,1179648,0
23203494,1755948563000,6,786432,393216
23203495,1755948575000,6,786432,393216
23203496,1755948587000,3,393216,393216
23203497,1755948599000,0,0,0
23203498,1755948611000,0,0,0
23203499,1755948623000,9,1179648,0
23203500,1755948635000,9,1179648,393216
23203501,1755948647000,3,393216,786432
23203502,1755948659000,3,393216,393216
23203503,1755948671000,6,786432,0
23203504,1755948683000,9,1179648,0
23203505,1755948695000,0,0,393216
23203506,1755948707000,5,655360,0
23203507,1755948719000,0,0,0
23203508,1755948731000,0,0,0
23203509,1755948743000,6,786432,0
23203510,1755948755000,9,1179648,0
23203511,1755948767000,9,1179648,393216
23203512,1755948779000,1,131072,786432
23203513,1755948791000,0,0,131072
23203514,1755948803000,0,0,0
23203515,1755948815000,4,524288,0
23203516,1755948827000,3,393216,0
23203517,1755948839000,0,0,0
23203518,1755948851000,7,917504,0
23203519,1755948863000,8,1048576,131072
23203520,1755948875000,8,1048576,393216
23203521,1755948887000,0,0,655360
23203522,1755948899000,1,131072,0
23203523,1755948911000,3,393216,0
23203524,1755948923000,6,786432,0
23203525,1755948935000,6,786432,0
23203526,1755948947000,8,1048576,0
23203527,1755948959000,0,0,262144
23203528,1755948971000,4,524288,0
23203529,1755948983000,3,393216,0
23203530,1755948995000,6,786432,0
23203531,1755949007000,5,655360,0
23203532,1755949019000,3,393216,0
23203533,1755949031000,1,131072,0
23203534,1755949043000,3,393216,0
23203535,1755949055000,0,0,0
23203536,1755949067000,3,393216,0
23203537,1755949079000,6,786432,0
23203538,1755949091000,0,0,0
23203539,1755949103000,5,655360,0
23203540,1755949115000,6,786432,0
23203541,1755949127000,0,0,0
23203542,1755949139000,0,0,0
23203543,1755949151000,3,393216,0
23203544,1755949163000,6,786432,0
23203545,1755949175000,3,393216,0
23203546,1755949187000,1,131072,0
23203547,1755949199000,0,0,0
23203548,1755949211000,8,1048576,0
23203549,1755949223000,8,1048576,262144
23203550,1755949235000,7,917504,524288
23203551,1755949247000,6,786432,655360
23203552,1755949259000,0,0,655360
23203553,1755949271000,9,1179648,0
23203554,1755949283000,2,262144,393216
23203555,1755949295000,4,524288,0
23203556,1755949307000,0,0,0
23203557,1755949319000,3,393216,0
23203558,1755949331000,9,1179648,0
23203559,1755949343000,0,0,393216
23203560,1755949355000,9,1179648,0
23203561,1755949367000,9,1179648,393216
23203562,1755949379000,3,393216,786432
23203563,1755949391000,0,0,393216
23203564,1755949403000,9,1179648,0
23203565,1755949415000,4,524288,393216
23203566,1755949427000,0,0,131072
23203567,1755949439000,3,393216,0
23203568,1755949451000,8,1048576,0
23203569,1755949463000,6,786432,262144
23203570,1755949475000,8,1048576,262144
23203571,1755949487000,3,393216,524288
23203572,1755949499000,3,393216,131072
23203573,1755949511000,0,0,0
23203574,1755949523000,5,655360,0
23203575,1755949535000,6,786432,0
23203576,1755949547000,3,393216,0
23203577,1755949559000,6,786432,0
23203578,1755949571000,6,786432,0
23203579,1755949583000,9,1179648,0
23203580,1755949595000,0,0,393216
23203581,1755949607000,4,524288,0
23203582,1755949619000,0,0,0
23203583,1755949631000,0,0,0
23203584,1755949643000,7,917504,0
23203585,1755949655000,7,917504,131072
23203586,1755949667000,3,393216,262144
23203587,1755949679000,0,0,0
23203588,1755949691000,6,786432,0
23203589,1755949703000,0,0,0
23203590,1755949715000,8,1048576,0
23203591,1755949727000,9,1179648,262144
23203592,1755949739000,0,0,655360
23203593,1755949751000,0,0,0
23203594,1755949763000,3,393216,0
23203595,1755949775000,3,393216,0
23203596,1755949787000,3,393216,0
23203597,1755949799000,9,1179648,0
23203598,1755949811000,0,0,393216
23203599,1755949823000,3,393216,0
23203600,1755949835000,5,655360,0
23203601,1755949847000,3,393216,0
23203602,1755949859000,6,786432,0
23203603,1755949871000,3,393216,0
23203604,1755949883000,9,1179648,0
23203605,1755949895000,4,524288,393216
23203606,1755949907000,8,1048576,131072
23203607,1755949919000,6,786432,393216
23203608,1755949931000,3,393216,393216
23203609,1755949943000,3,393216,0
23203610,1755949955000,6,786432,0
23203611,1755949967000,6,786432,0
23203612,1755949979000,6,786432,0
23203613,1755949991000,3,393216,0
23203614,1755950003000,4,524288,0
23203615,1755950015000,0,0,0
23203616,1755950027000,3,393216,0
23203617,1755950039000,0,0,0
23203618,1755950051000,9,1179648,0
23203619,1755950063000,4,524288,393216
23203620,1755950075000,0,0,131072
23203621,1755950087000,9,1179648,0
23203622,1755950099000,7,917504,393216
23203623,1755950111000,7,917504,524288
23203624,1755950123000,3,393216,655360
23203625,1755950135000,9,1179648,262144
23203626,1755950147000,4,524288,655360
23203627,1755950159000,0,0,393216
23203628,1755950171000,6,786432,0
23203629,1755950183000,0,0,0
23203630,1755950195000,3,393216,0
23203631,1755950207000,9,1179648,0
23203632,1755950219000,4,524288,393216
23203633,1755950231000,0,0,131072
23203634,1755950243000,0,0,0
23203635,1755950255000,0,0,0
23203636,1755950267000,0,0,0
23203637,1755950279000,6,786432,0
23203638,1755950303000,7,917504,0
23203639,1755950315000,6,786432,131072
23203640,1755950327000,9,1179648,131072
23203641,1755950339000,6,786432,524288
23203642,1755950351000,8,1048576,524288
23203643,1755950363000,9,1179648,786432
23203644,1755950375000,4,524288,1179648
23203645,1755950387000,8,1048576,917504
23203646,1755950399000,3,393216,1179648
23203647,1755950411000,7,917504,786432
23203648,1755950423000,9,1179648,917504
23203649,1755950435000,0,0,1310720
23203650,1755950447000,9,1179648,524288
23203651,1755950459000,3,393216,917504
23203652,1755950471000,0,0,524288
23203653,1755950483000,7,917504,0
23203654,1755950495000,3,393216,131072
23203655,1755950519000,8,1048576,0
23203656,1755950531000,9,1179648,262144
23203657,1755950543000,3,393216,655360
23203658,1755950555000,1,131072,262144
23203659,1755950567000,6,786432,0
23203660,1755950579000,3,393216,0
23203661,1755950591000,0,0,0
23203662,1755950603000,8,1048576,0
23203663,1755950615000,3,393216,262144
23203664,1755950627000,7,917504,0
23203665,1755950639000,6,786432,131072
23203666,1755950651000,0,0,131072
23203667,1755950663000,9,1179648,0
23203668,1755950675000,7,917504,393216
23203669,1755950687000,9,1179648,524288
23203670,1755950699000,9,1179648,917504
23203671,1755950711000,0,0,1310720
23203672,1755950723000,0,0,524288
23203673,1755950735000,6,786432,0
23203674,1755950747000,4,524288,0
23203675,1755950759000,0,0,0
23203676,1755950771000,7,917504,0
23203677,1755950783000,9,1179648,131072
23203678,1755950795000,3,393216,524288
23203679,1755950807000,7,917504,131072
23203680,1755950819000,9,1179648,262144
23203681,1755950831000,0,0,655360
23203682,1755950843000,6,786432,0
23203683,1755950855000,6,786432,0
23203684,1755950867000,7,917504,0
23203685,1755950879000,0,0,131072
23203686,1755950891000,3,393216,0
23203687,1755950903000,3,393216,0
23203688,1755950915000,1,131072,0
23203689,1755950927000,6,786432,0
23203690,1755950939000,0,0,0
23203691,1755950951000,6,786432,0
23203692,1755950963000,8,1048576,0
23203693,1755950975000,6,786432,262144
23203694,1755950987000,1,131072,262144
23203695,1755950999000,4,524288,0
23203696,1755951011000,6,786432,0
23203697,1755951023000,7,917504,0
23203698,1755951035000,3,393216,131072
23203699,1755951047000,0,0,0
23203700,1755951059000,3,393216,0
23203701,1755951071000,1,131072,0
23203702,1755951083000,9,1179648,0
23203703,1755951095000,3,393216,393216
23203704,1755951107000,0,0,0
23203705,1755951119000,9,1179648,0
23203706,1755951131000,1,131072,393216
23203707,1755951143000,3,393216,0
23203708,1755951155000,2,262144,0
23203709,1755951167000,9,1179648,0
23203710,1755951179000,3,393216,393216
23203711,1755951203000,9,1179648,0
23203712,1755951215000,9,1179648,393216
23203713,1755951227000,0,0,786432
23203714,1755951239000,3,393216,0
23203715,1755951251000,6,786432,0
23203716,1755951263000,4,524288,0
23203717,1755951275000,0,0,0
23203718,1755951287000,9,1179648,0
23203719,1755951299000,3,393216,393216
23203720,1755951311000,0,0,0
23203721,1755951323000,6,786432,0
23203722,1755951335000,9,1179648,0
23203723,1755951347000,4,524288,393216
23203724,1755951359000,1,131072,131072
23203725,1755951371000,6,786432,0
23203726,1755951383000,0,0,0
23203727,1755951407000,9,1179648,0
23203728,1755951419000,0,0,393216
23203729,1755951431000,6,786432,0
23203730,1755951443000,7,917504,0
23203731,1755951455000,0,0,131072
23203732,1755951467000,9,1179648,0
23203733,1755951479000,9,1179648,393216
23203734,1755951491000,6,786432,786432
23203735,1755951503000,9,1179648,786432
23203736,1755951515000,0,0,1179648
23203737,1755951527000,6,786432,393216
23203738,1755951539000,7,917504,393216
23203739,1755951551000,0,0,524288
23203740,1755951563000,3,393216,0
23203741,1755951575000,9,1179648,0
23203742,1755951587000,6,786432,393216
23203743,1755951599000,6,786432,393216
23203744,1755951611000,9,1179648,393216
23203745,1755951623000,7,917504,786432
23203746,1755951635000,3,393216,917504
23203747,1755951647000,6,786432,524288
23203748,1755951659000,6,786432,524288
23203749,1755951671000,5,655360,524288
23203750,1755951683000,3,393216,393216
23203751,1755951695000,6,786432,0
23203752,1755951707000,4,524288,0
23203753,1755951719000,0,0,0
23203754,1755951731000,0,0,0
23203755,1755951743000,0,0,0
23203756,1755951755000,7,917504,0
23203757,1755951767000,9,1179648,131072
23203758,1755951779000,7,917504,524288
23203759,1755951791000,8,1048576,655360
23203760,1755951803000,9,1179648,917504
23203761,1755951815000,6,786432,1310720
23203762,1755951827000,8,1048576,1310720
23203763,1755951839000,8,1048576,1572864
23203764,1755951851000,4,524288,1835008
23203765,1755951863000,3,393216,1572864
23203766,1755951875000,9,1179648,1179648
23203767,1755951887000,0,0,1572864
23203768,1755951899000,3,393216,786432
23203769,1755951911000,1,131072,393216
23203770,1755951923000,3,393216,0
23203771,1755951935000,0,0,0
23203772,1755951947000,7,917504,0
23203773,1755951959000,7,917504,131072
23203774,1755951971000,3,393216,262144
23203775,1755951983000,0,0,0
23203776,1755951995000,3,393216,0
23203777,1755952007000,8,1048576,0
23203778,1755952019000,4,524288,262144
23203779,1755952031000,9,1179648,0
23203780,1755952043000,6,786432,393216
23203781,1755952055000,3,393216,393216
23203782,1755952067000,0,0,0
23203783,1755952079000,3,393216,0
23203784,1755952091000,2,262144,0
23203785,1755952103000,9,1179648,0
23203786,1755952115000,6,786432,393216
23203787,1755952127000,6,786432,393216
23203788,1755952139000,3,393216,393216
23203789,1755952151000,0,0,0
23203790,1755952163000,3,393216,0
23203791,1755952175000,3,393216,0
23203792,1755952187000,6,786432,0
23203793,1755952199000,8,1048576,0
23203794,1755952211000,3,393216,262144
23203795,1755952223000,3,393216,0
23203796,1755952235000,3,393216,0
23203797,1755952247000,3,393216,0
23203798,1755952259000,9,1179648,0
23203799,1755952271000,3,393216,393216
23203800,1755952283000,6,786432,0
23203801,1755952295000,7,917504,0
23203802,1755952307000,3,393216,131072
23203803,1755952319000,6,786432,0
23203804,1755952331000,4,524288,0
23203805,1755952343000,6,786432,0
23203806,1755952355000,0,0,0
23203807,1755952367000,0,0,0
23203808,1755952379000,9,1179648,0
23203809,1755952391000,5,655360,393216
23203810,1755952403000,3,393216,262144
23203811,1755952415000,4,524288,0
23203812,1755952427000,6,786432,0
23203813,1755952439000,6,786432,0
23203814,1755952451000,1,131072,0
23203815,1755952463000,3,393216,0
23203816,1755952475000,7,917504,0
23203817,1755952487000,3,393216,131072
23203818,1755952499000,6,786432,0
23203819,1755952511000,0,0,0
23203820,1755952523000,6,786432,0
23203821,1755952535000,9,1179648,0
23203822,1755952547000,3,393216,393216
23203823,1755952559000,1,131072,0
23203824,1755952571000,4,524288,0
23203825,1755952583000,7,917504,0
23203826,1755952595000,3,393216,131072
23203827,1755952607000,0,0,0
23203828,1755952619000,7,917504,0
23203829,1755952631000,7,917504,131072
23203830,1755952643000,9,1179648,262144
23203831,1755952655000,5,655360,655360
23203832,1755952667000,4,524288,524288
23203833,1755952679000,4,524288,262144
23203834,1755952691000,0,0,0
23203835,1755952703000,6,786432,0
23203836,1755952715000,3,393216,0
23203837,1755952727000,6,786432,0
23203838,1755952739000,6,786432,0
23203839,1755952751000,8,1048576,0
23203840,1755952763000,7,917504,262144
23203841,1755952775000,3,393216,393216
23203842,1755952787000,0,0,0
23203843,1755952799000,9,1179648,0
23203844,1755952811000,0,0,393216
23203845,1755952823000,8,1048576,0
23203846,1755952835000,0,0,262144
23203847,1755952847000,4,524288,0
23203848,1755952859000,0,0,0
23203849,1755952871000,4,524288,0
23203850,1755952883000,6,786432,0
23203851,1755952895000,9,1179648,0
23203852,1755952907000,0,0,393216
23203853,1755952919000,9,1179648,0
23203854,1755952931000,1,131072,393216
23203855,1755952943000,9,1179648,0
23203856,1755952955000,0,0,393216
23203857,1755952967000,6,786432,0
23203858,1755952979000,0,0,0
23203859,1755952991000,7,917504,0
23203860,1755953003000,3,393216,131072
23203861,1755953015000,9,1179648,0
23203862,1755953027000,8,1048576,393216
23203863,1755953039000,7,917504,655360
23203864,1755953051000,0,0,786432
23203865,1755953075000,9,1179648,0
23203866,1755953087000,6,786432,393216
23203867,1755953099000,9,1179648,393216
23203868,1755953111000,8,1048576,786432
23203869,1755953123000,6,786432,1048576
23203870,1755953135000,0,0,1048576
23203871,1755953147000,9,1179648,262144
23203872,1755953159000,0,0,655360
23203873,1755953171000,3,393216,0
23203874,1755953183000,0,0,0
23203875,1755953195000,3,393216,0
23203876,1755953207000,6,786432,0
23203877,1755953219000,3,393216,0
23203878,1755953231000,0,0,0
23203879,1755953243000,0,0,0
23203880,1755953255000,6,786432,0
23203881,1755953267000,9,1179648,0
23203882,1755953279000,9,1179648,393216
23203883,1755953291000,1,131072,786432
23203884,1755953303000,0,0,131072
23203885,1755953315000,0,0,0
23203886,1755953327000,8,1048576,0
23203887,1755953339000,3,393216,262144
23203888,1755953351000,3,393216,0
23203889,1755953363000,9,1179648,0
23203890,1755953375000,0,0,393216
23203891,1755953387000,0,0,0
23203892,1755953399000,8,1048576,0
23203893,1755953411000,5,655360,262144
23203894,1755953423000,9,1179648,131072
23203895,1755953435000,6,786432,524288
23203896,1755953447000,4,524288,524288
23203897,1755953459000,8,1048576,262144
23203898,1755953471000,6,786432,524288
23203899,1755953483000,6,786432,524288
23203900,1755953495000,3,393216,524288
23203901,1755953507000,0,0,131072
23203902,1755953519000,3,393216,0
23203903,1755953531000,6,786432,0
23203904,1755953543000,4,524288,0
23203905,1755953555000,0,0,0
23203906,1755953567000,3,393216,0
23203907,1755953579000,3,393216,0
23203908,1755953591000,3,393216,0
23203909,1755953603000,6,786432,0
23203910,1755953615000,3,393216,0
23203911,1755953627000,6,786432,0
23203912,1755953639000,3,393216,0
23203913,1755953651000,6,786432,0
23203914,1755953663000,8,1048576,0
23203915,1755953675000,3,393216,262144
23203916,1755953687000,6,786432,0
23203917,1755953699000,3,393216,0
23203918,1755953711000,1,131072,0
23203919,1755953723000,6,786432,0
23203920,1755953735000,0,0,0
23203921,1755953747000,3,393216,0
23203922,1755953759000,1,131072,0
23203923,1755953771000,3,393216,0
23203924,1755953783000,8,1048576,0
23203925,1755953795000,8,1048576,262144
23203926,1755953807000,4,524288,524288
23203927,1755953819000,9,1179648,262144
23203928,1755953831000,0,0,655360
23203929,1755953843000,9,1179648,0
23203930,1755953855000,7,917504,393216
23203931,1755953867000,3,393216,524288
23203932,1755953879000,0,0,131072
23203933,1755953891000,0,0,0
23203934,1755953903000,4,524288,0
23203935,1755953915000,3,393216,0
23203936,1755953927000,3,393216,0
23203937,1755953939000,0,0,0
23203938,1755953951000,3,393216,0
23203939,1755953963000,7,917504,0
23203940,1755953975000,5,655360,131072
23203941,1755953987000,0,0,0
23203942,1755953999000,6,786432,0
23203943,1755954011000,9,1179648,0
23203944,1755954023000,2,262144,393216
23203945,1755954035000,3,393216,0
23203946,1755954047000,0,0,0
23203947,1755954059000,3,393216,0
23203948,1755954071000,0,0,0
23203949,1755954083000,6,786432,0
23203950,1755954095000,7,917504,0
23203951,1755954107000,3,393216,131072
23203952,1755954119000,0,0,0
23203953,1755954131000,0,0,0
23203954,1755954143000,3,393216,0
23203955,1755954155000,8,1048576,0
23203956,1755954167000,9,1179648,262144
23203957,1755954179000,3,393216,655360
23203958,1755954191000,0,0,262144
23203959,1755954203000,5,655360,0
23203960,1755954215000,0,0,0
23203961,1755954227000,4,524288,0
23203962,1755954239000,2,262144,0
23203963,1755954251000,6,786432,0
23203964,1755954263000,9,1179648,0
23203965,1755954275000,9,1179648,393216
23203966,1755954287000,0,0,786432
23203967,1755954299000,4,524288,0
23203968,1755954311000,9,1179648,0
23203969,1755954323000,1,131072,393216
23203970,1755954335000,3,393216,0
23203971,1755954347000,3,393216,0
23203972,1755954359000,9,1179648,0
23203973,1755954371000,0,0,393216
23203974,1755954383000,4,524288,0
23203975,1755954395000,3,393216,0
23203976,1755954407000,0,0,0
23203977,1755954419000,9,1179648,0
23203978,1755954431000,3,393216,393216
23203979,1755954443000,9,1179648,0
23203980,1755954455000,3,393216,393216
23203981,1755954467000,0,0,0
23203982,1755954479000,3,393216,0
23203983,1755954491000,4,524288,0
23203984,1755954503000,7,917504,0
23203985,1755954515000,6,786432,131072
23203986,1755954527000,8,1048576,131072
23203987,1755954539000,0,0,393216
23203988,1755954551000,4,524288,0
23203989,1755954563000,1,131072,0
23203990,1755954575000,9,1179648,0
23203991,1755954587000,3,393216,393216
23203992,1755954599000,0,0,0
23203993,1755954611000,7,917504,0
23203994,1755954623000,9,1179648,131072
23203995,1755954635000,3,393216,524288
23203996,1755954659000,9,1179648,131072
23203997,1755954671000,0,0,524288
23203998,1755954683000,9,1179648,0
23203999,1755954695000,4,524288,393216
23204000,1755954707000,3,393216,131072
23204001,1755954719000,6,786432,0
23204002,1755954731000,1,131072,0
23204003,1755954743000,4,524288,0
23204004,1755954755000,0,0,0
23204005,1755954767000,9,1179648,0
23204006,1755954779000,4,524288,393216
23204007,1755954791000,0,0,131072
23204008,1755954803000,6,786432,0
23204009,1755954815000,3,393216,0
23204010,1755954827000,6,786432,0
23204011,1755954839000,4,524288,0
23204012,1755954851000,0,0,0
23204013,1755954863000,3,393216,0
23204014,1755954875000,3,393216,0
23204015,1755954887000,0,0,0
23204016,1755954899000,6,786432,0
23204017,1755954911000,6,786432,0
23204018,1755954923000,8,1048576,0
23204019,1755954935000,0,0,262144
23204020,1755954947000,3,393216,0
23204021,1755954959000,3,393216,0
23204022,1755954971000,3,393216,0
23204023,1755954983000,0,0,0
23204024,1755954995000,9,1179648,0
23204025,1755955007000,5,655360,393216
23204026,1755955019000,6,786432,262144
23204027,1755955031000,4,524288,262144
23204028,1755955043000,0,0,0
23204029,1755955055000,0,0,0
23204030,1755955067000,3,393216,0
23204031,1755955079000,0,0,0
23204032,1755955091000,9,1179648,0
23204033,1755955103000,8,1048576,393216
23204034,1755955115000,6,786432,655360
23204035,1755955127000,0,0,655360
23204036,1755955139000,9,1179648,0
23204037,1755955151000,9,1179648,393216
23204038,1755955163000,7,917504,786432
23204039,1755955175000,9,1179648,917504
23204040,1755955187000,3,393216,1310720
23204041,1755955199000,0,0,917504
23204042,1755955211000,3,393216,131072
23204043,1755955223000,6,786432,0
23204044,1755955235000,4,524288,0
23204045,1755955247000,9,1179648,0
23204046,1755955259000,0,0,393216
23204047,1755955271000,8,1048576,0
23204048,1755955283000,5,655360,262144
23204049,1755955295000,7,917504,131072
23204050,1755955307000,3,393216,262144
23204051,1755955319000,3,393216,0
23204052,1755955331000,3,393216,0
23204053,1755955343000,3,393216,0
23204054,1755955355000,6,786432,0
23204055,1755955367000,4,524288,0
23204056,1755955379000,7,917504,0
23204057,1755955391000,0,0,131072
23204058,1755955403000,5,655360,0
23204059,1755955415000,0,0,0
23204060,1755955427000,9,1179648,0
23204061,1755955439000,3,393216,393216
23204062,1755955451000,7,917504,0
23204063,1755955463000,0,0,131072
23204064,1755955475000,4,524288,0
23204065,1755955487000,6,786432,0
23204066,1755955499000,6,786432,0
23204067,1755955511000,9,1179648,0
23204068,1755955523000,0,0,393216
23204069,1755955535000,7,917504,0
23204070,1755955547000,0,0,131072
23204071,1755955559000,3,393216,0
23204072,1755955571000,4,524288,0
23204073,1755955583000,9,1179648,0
23204074,1755955595000,7,917504,393216
23204075,1755955607000,3,393216,524288
23204076,1755955619000,0,0,131072
23204077,1755955631000,0,0,0
23204078,1755955643000,9,1179648,0
23204079,1755955655000,5,655360,393216
23204080,1755955667000,9,1179648,262144
23204081,1755955679000,3,393216,655360
23204082,1755955691000,3,393216,262144
23204083,1755955703000,6,786432,0
23204084,1755955715000,4,524288,0
23204085,1755955727000,6,786432,0
23204086,1755955739000,0,0,0
23204087,1755955751000,9,1179648,0
23204088,1755955763000,3,393216,393216
23204089,1755955775000,3,393216,0
23204090,1755955787000,3,393216,0
23204091,1755955799000,0,0,0
23204092,1755955811000,6,786432,0
23204093,1755955823000,4,524288,0
23204094,1755955835000,6,786432,0
23204095,1755955847000,3,393216,0
23204096,1755955859000,9,1179648,0
23204097,1755955871000,6,786432,393216
23204098,1755955883000,0,0,393216
23204099,1755955895000,6,786432,0
23204100,1755955907000,0,0,0
23204101,1755955919000,6,786432,0
23204102,1755955931000,0,0,0
23204103,1755955943000,0,0,0
23204104,1755955955000,0,0,0
23204105,1755955967000,8,1048576,0
23204106,1755955979000,0,0,262144
23204107,1755955991000,7,917504,0
23204108,1755956003000,0,0,131072
23204109,1755956015000,7,917504,0
23204110,1755956027000,0,0,131072
23204111,1755956039000,0,0,0
23204112,1755956051000,7,917504,0
23204113,1755956063000,6,786432,131072
23204114,1755956075000,8,1048576,131072
23204115,1755956087000,6,786432,393216
23204116,1755956099000,8,1048576,393216
23204117,1755956111000,9,1179648,655360
23204118,1755956123000,0,0,1048576
23204119,1755956135000,0,0,262144
23204120,1755956147000,9,1179648,0
23204121,1755956159000,9,1179648,393216
23204122,1755956171000,6,786432,786432
23204123,1755956183000,0,0,786432
23204124,1755956195000,0,0,0
23204125,1755956207000,9,1179648,0
23204126,1755956219000,9,1179648,393216
23204127,1755956231000,9,1179648,786432
23204128,1755956243000,9,1179648,1179648
23204129,1755956255000,7,917504,1572864
23204130,1755956267000,0,0,1703936
23204131,1755956279000,8,1048576,917504
23204132,1755956291000,8,1048576,1179648
23204133,1755956303000,6,786432,1441792
23204134,1755956315000,3,393216,1441792
23204135,1755956327000,0,0,1048576
23204136,1755956339000,9,1179648,262144
23204137,1755956351000,8,1048576,655360
23204138,1755956363000,3,393216,917504
23204139,1755956375000,6,786432,524288
23204140,1755956387000,8,1048576,524288
23204141,1755956399000,9,1179648,786432
23204142,1755956411000,7,917504,1179648
23204143,1755956423000,9,1179648,1310720
23204144,1755956435000,0,0,1703936
23204145,1755956447000,8,1048576,917504
23204146,1755956459000,3,393216,1179648
23204147,1755956471000,7,917504,786432
23204148,1755956483000,0,0,917504
23204149,1755956495000,4,524288,131072
23204150,1755956507000,6,786432,0
23204151,1755956519000,9,1179648,0
23204152,1755956531000,1,131072,393216
23204153,1755956543000,3,393216,0
23204154,1755956555000,3,393216,0
23204155,1755956567000,9,1179648,0
23204156,1755956579000,9,1179648,393216
23204157,1755956591000,3,393216,786432
23204158,1755956603000,0,0,393216
23204159,1755956615000,9,1179648,0
23204160,1755956627000,3,393216,393216
23204161,1755956639000,3,393216,0
23204162,1755956651000,6,786432,0
23204163,1755956663000,6,786432,0
23204164,1755956675000,4,524288,0
23204165,1755956687000,3,393216,0
23204166,1755956699000,0,0,0
23204167,1755956711000,3,393216,0
23204168,1755956723000,3,393216,0
23204169,1755956735000,6,786432,0
23204170,1755956747000,6,786432,0
23204171,1755956759000,0,0,0
23204172,1755956771000,9,1179648,0
23204173,1755956783000,3,393216,393216
23204174,1755956795000,9,1179648,0
23204175,1755956807000,0,0,393216
23204176,1755956819000,9,1179648,0
23204177,1755956831000,9,1179648,393216
23204178,1755956843000,4,524288,786432
23204179,1755956855000,3,393216,524288
23204180,1755956867000,3,393216,131072
23204181,1755956879000,0,0,0
23204182,1755956891000,0,0,0
23204183,1755956903000,9,1179648,0
23204184,1755956915000,5,655360,393216
23204185,1755956927000,6,786432,262144
23204186,1755956939000,0,0,262144
23204187,1755956951000,3,393216,0
23204188,1755956963000,3,393216,0
23204189,1755956975000,4,524288,0
23204190,1755956987000,0,0,0
23204191,1755956999000,6,786432,0
23204192,1755957011000,6,786432,0
23204193,1755957023000,9,1179648,0
23204194,1755957035000,6,786432,393216
23204195,1755957047000,0,0,393216
23204196,1755957059000,6,786432,0
23204197,1755957071000,9,1179648,0
23204198,1755957083000,0,0,393216
23204199,1755957095000,5,655360,0
23204200,1755957107000,3,393216,0
23204201,1755957119000,9,1179648,0
23204202,1755957131000,0,0,393216
23204203,1755957143000,9,1179648,0
23204204,1755957155000,9,1179648,393216
23204205,1755957167000,9,1179648,786432
23204206,1755957179000,4,524288,1179648
23204207,1755957191000,6,786432,917504
23204208,1755957203000,0,0,917504
23204209,1755957215000,6,786432,131072
23204210,1755957227000,9,1179648,131072
23204211,1755957239000,3,393216,524288
23204212,1755957251000,0,0,131072
23204213,1755957263000,7,917504,0
23204214,1755957275000,7,917504,131072
23204215,1755957287000,6,786432,262144
23204216,1755957299000,6,786432,262144
23204217,1755957311000,4,524288,262144
23204218,1755957323000,3,393216,0
23204219,1755957335000,3,393216,0
23204220,1755957347000,3,393216,0
23204221,1755957359000,6,786432,0
23204222,1755957371000,7,917504,0
23204223,1755957383000,0,0,131072
23204224,1755957395000,7,917504,0
23204225,1755957407000,0,0,131072
23204226,1755957419000,3,393216,0
23204227,1755957431000,6,786432,0
23204228,1755957443000,6,786432,0
23204229,1755957455000,3,393216,0
23204230,1755957467000,3,393216,0
23204231,1755957479000,0,0,0
23204232,1755957491000,8,1048576,0
23204233,1755957503000,0,0,262144
23204234,1755957515000,9,1179648,0
23204235,1755957527000,6,786432,393216
23204236,1755957539000,4,524288,393216
23204237,1755957551000,9,1179648,131072
23204238,1755957563000,3,393216,524288
23204239,1755957575000,3,393216,131072
23204240,1755957587000,0,0,0
23204241,1755957599000,9,1179648,0
23204242,1755957611000,3,393216,393216
23204243,1755957623000,6,786432,0
23204244,1755957635000,7,917504,0
23204245,1755957647000,3,393216,131072
23204246,1755957659000,3,393216,0
23204247,1755957671000,0,0,0
23204248,1755957683000,9,1179648,0
23204249,1755957695000,4,524288,393216
23204250,1755957707000,6,786432,131072
23204251,1755957719000,0,0,131072
23204252,1755957731000,3,393216,0
23204253,1755957743000,0,0,0
23204254,1755957755000,6,786432,0
23204255,1755957767000,3,393216,0
23204256,1755957779000,8,1048576,0
23204257,1755957791000,6,786432,262144
23204258,1755957803000,4,524288,262144
23204259,1755957815000,3,393216,0
23204260,1755957827000,9,1179648,0
23204261,1755957839000,6,786432,393216
23204262,1755957851000,8,1048576,393216
23204263,1755957863000,3,393216,655360
23204264,1755957875000,7,917504,262144
23204265,1755957887000,0,0,393216
23204266,1755957899000,3,393216,0
23204267,1755957911000,9,1179648,0
23204268,1755957923000,1,131072,393216
23204269,1755957935000,4,524288,0
23204270,1755957947000,8,1048576,0
23204271,1755957959000,0,0,262144
23204272,1755957971000,6,786432,0
23204273,1755957983000,3,393216,0
23204274,1755957995000,0,0,0
23204275,1755958007000,9,1179648,0
23204276,1755958019000,6,786432,393216
23204277,1755958031000,9,1179648,393216
23204278,1755958043000,4,524288,786432
23204279,1755958055000,0,0,524288
23204280,1755958067000,8,1048576,0
23204281,1755958079000,7,917504,262144
23204282,1755958091000,3,393216,393216
23204283,1755958103000,7,917504,0
23204284,1755958115000,0,0,131072
23204285,1755958127000,0,0,0
23204286,1755958139000,7,917504,0
23204287,1755958151000,9,1179648,131072
23204288,1755958163000,8,1048576,524288
23204289,1755958175000,0,0,786432
23204290,1755958187000,0,0,0
23204291,1755958199000,3,393216,0
23204292,1755958211000,9,1179648,0
23204293,1755958223000,9,1179648,393216
23204294,1755958235000,0,0,786432
23204295,1755958247000,7,917504,0
23204296,1755958259000,0,0,131072
23204297,1755958271000,5,655360,0
23204298,1755958283000,0,0,0
23204299,1755958295000,0,0,0
23204300,1755958307000,0,0,0
23204301,1755958319000,9,1179648,0
23204302,1755958331000,0,0,393216
23204303,1755958343000,9,1179648,0
23204304,1755958355000,7,917504,393216
23204305,1755958367000,0,0,524288
23204306,1755958379000,9,1179648,0
23204307,1755958391000,5,655360,393216
23204308,1755958403000,4,524288,262144
23204309,1755958415000,6,786432,0
23204310,1755958427000,0,0,0
23204311,1755958439000,0,0,0
23204312,1755958451000,7,917504,0
23204313,1755958463000,4,524288,131072
23204314,1755958475000,9,1179648,0
23204315,1755958487000,9,1179648,393216
23204316,1755958499000,8,1048576,786432
23204317,1755958511000,0,0,1048576
23204318,1755958523000,9,1179648,262144
23204319,1755958535000,6,786432,655360
23204320,1755958547000,3,393216,655360
23204321,1755958559000,0,0,262144
23204322,1755958571000,3,393216,0
23204323,1755958583000,9,1179648,0
23204324,1755958595000,9,1179648,393216
23204325,1755958607000,3,393216,786432
23204326,1755958619000,0,0,393216
23204327,1755958631000,0,0,0
23204328,1755958643000,0,0,0
23204329,1755958655000,0,0,0
23204330,1755958667000,9,1179648,0
23204331,1755958679000,7,917504,393216
23204332,1755958691000,6,786432,524288
23204333,1755958703000,9,1179648,524288
23204334,1755958715000,6,786432,917504
23204335,1755958727000,3,393216,917504
23204336,1755958739000,3,393216,524288
23204337,1755958751000,7,917504,131072
23204338,1755958763000,7,917504,262144
23204339,1755958775000,9,1179648,393216
23204340,1755958787000,3,393216,786432
23204341,1755958799000,3,393216,393216
23204342,1755958811000,3,393216,0
23204343,1755958823000,4,524288,0
23204344,1755958835000,9,1179648,0
23204345,1755958847000,4,524288,393216
23204346,1755958859000,8,1048576,131072
23204347,1755958871000,6,786432,393216
23204348,1755958883000,4,524288,393216
23204349,1755958895000,3,393216,131072
23204350,1755958907000,9,1179648,0
23204351,1755958919000,0,0,393216
23204352,1755958931000,6,786432,0
23204353,1755958943000,8,1048576,0
23204354,1755958955000,6,786432,262144
23204355,1755958967000,3,393216,262144
23204356,1755958979000,9,1179648,0
23204357,1755959003000,9,1179648,393216
23204358,1755959015000,6,786432,786432
23204359,1755959027000,3,393216,786432
23204360,1755959039000,0,0,393216
23204361,1755959051000,6,786432,0
23204362,1755959063000,9,1179648,0
23204363,1755959075000,6,786432,393216
23204364,1755959087000,7,917504,393216
23204365,1755959099000,4,524288,524288
23204366,1755959111000,3,393216,262144
23204367,1755959123000,3,393216,0
23204368,1755959135000,6,786432,0
23204369,1755959147000,9,1179648,0
23204370,1755959159000,0,0,393216
23204371,1755959171000,4,524288,0
23204372,1755959183000,4,524288,0
23204373,1755959195000,0,0,0
23204374,1755959207000,6,786432,0
23204375,1755959219000,8,1048576,0
23204376,1755959231000,6,786432,262144
23204377,1755959243000,9,1179648,262144
23204378,1755959255000,4,524288,655360
23204379,1755959267000,5,655360,393216
23204380,1755959279000,0,0,262144
23204381,1755959291000,0,0,0
23204382,1755959303000,0,0,0
23204383,1755959315000,9,1179648,0
23204384,1755959327000,9,1179648,393216
23204385,1755959339000,9,1179648,786432
23204386,1755959351000,7,917504,1179648
23204387,1755959363000,3,393216,1310720
23204388,1755959375000,7,917504,917504
23204389,1755959399000,9,1179648,1048576
23204390,1755959411000,3,393216,1441792
23204391,1755959423000,7,917504,1048576
23204392,1755959435000,4,524288,1179648
23204393,1755959447000,0,0,917504
23204394,1755959459000,0,0,131072
23204395,1755959471000,6,786432,0
23204396,1755959483000,0,0,0
23204397,1755959495000,6,786432,0
23204398,1755959507000,9,1179648,0
23204399,1755959519000,6,786432,393216
23204400,1755959531000,0,0,393216
23204401,1755959543000,6,786432,0
23204402,1755959555000,3,393216,0
23204403,1755959567000,8,1048576,0
23204404,1755959579000,0,0,262144
23204405,1755959591000,7,917504,0
23204406,1755959603000,5,655360,131072
23204407,1755959615000,9,1179648,0
23204408,1755959627000,7,917504,393216
23204409,1755959639000,8,1048576,524288
23204410,1755959651000,3,393216,786432
23204411,1755959663000,3,393216,393216
23204412,1755959675000,0,0,0
23204413,1755959687000,9,1179648,0
23204414,1755959699000,0,0,393216
23204415,1755959711000,3,393216,0
23204416,1755959723000,0,0,0
23204417,1755959735000,3,393216,0
23204418,1755959747000,0,0,0
23204419,1755959759000,9,1179648,0
23204420,1755959771000,0,0,393216
23204421,1755959783000,6,786432,0
23204422,1755959795000,6,786432,0
23204423,1755959807000,7,917504,0
23204424,1755959819000,9,1179648,131072
23204425,1755959831000,4,524288,524288
23204426,1755959843000,9,1179648,262144
23204427,1755959855000,2,262144,655360
23204428,1755959867000,6,786432,131072
23204429,1755959879000,3,393216,131072
23204430,1755959891000,0,0,0
23204431,1755959903000,3,393216,0
23204432,1755959915000,3,393216,0
23204433,1755959927000,6,786432,0
23204434,1755959939000,6,786432,0
23204435,1755959951000,0,0,0
23204436,1755959963000,6,786432,0
23204437,1755959975000,0,0,0
23204438,1755959987000,0,0,0
23204439,1755959999000,0,0,0
23204440,1755960011000,8,1048576,0
23204441,1755960023000,9,1179648,262144
23204442,1755960035000,9,1179648,655360
23204443,1755960047000,6,786432,1048576
23204444,1755960059000,0,0,1048576
23204445,1755960071000,8,1048576,262144
23204446,1755960083000,0,0,524288
23204447,1755960095000,7,917504,0
23204448,1755960107000,3,393216,131072
23204449,1755960119000,0,0,0
23204450,1755960131000,0,0,0
23204451,1755960143000,9,1179648,0
23204452,1755960155000,9,1179648,393216
23204453,1755960167000,7,917504,786432
23204454,1755960179000,0,0,917504
23204455,1755960191000,4,524288,131072
23204456,1755960203000,6,786432,0
23204457,1755960215000,0,0,0
23204458,1755960227000,7,917504,0
23204459,1755960239000,9,1179648,131072
23204460,1755960251000,0,0,524288
23204461,1755960263000,9,1179648,0
23204462,1755960275000,9,1179648,393216
23204463,1755960287000,9,1179648,786432
23204464,1755960299000,3,393216,1179648
23204465,1755960311000,6,786432,786432
23204466,1755960323000,0,0,786432
23204467,1755960335000,7,917504,0
23204468,1755960347000,6,786432,131072
23204469,1755960359000,6,786432,131072
23204470,1755960371000,3,393216,131072
23204471,1755960383000,7,917504,0
23204472,1755960395000,9,1179648,131072
23204473,1755960407000,0,0,524288
23204474,1755960419000,3,393216,0
23204475,1755960431000,0,0,0
23204476,1755960443000,8,1048576,0
23204477,1755960455000,3,393216,262144
23204478,1755960467000,9,1179648,0
23204479,1755960479000,8,1048576,393216
23204480,1755960491000,0,0,655360
23204481,1755960503000,6,786432,0
23204482,1755960515000,6,786432,0
23204483,1755960527000,0,0,0
23204484,1755960539000,8,1048576,0
23204485,1755960551000,6,786432,262144
23204486,1755960563000,6,786432,262144
23204487,1755960575000,0,0,262144
23204488,1755960587000,3,393216,0
23204489,1755960599000,0,0,0
23204490,1755960611000,6,786432,0
23204491,1755960623000,0,0,0
23204492,1755960635000,7,917504,0
23204493,1755960647000,4,524288,131072
23204494,1755960659000,1,131072,0
23204495,1755960671000,3,393216,0
23204496,1755960683000,0,0,0
23204497,1755960695000,0,0,0
23204498,1755960707000,6,786432,0
23204499,1755960719000,8,1048576,0
23204500,1755960731000,9,1179648,262144
23204501,1755960743000,9,1179648,655360
23204502,1755960755000,3,393216,1048576
23204503,1755960767000,6,786432,655360
23204504,1755960779000,0,0,655360
23204505,1755960791000,9,1179648,0
23204506,1755960803000,7,917504,393216
23204507,1755960815000,5,655360,524288
23204508,1755960827000,0,0,393216
23204509,1755960839000,3,393216,0
23204510,1755960851000,6,786432,0
23204511,1755960863000,9,1179648,0
23204512,1755960875000,0,0,393216
23204513,1755960887000,7,917504,0
23204514,1755960899000,3,393216,131072
23204515,1755960911000,2,262144,0
23204516,1755960923000,9,1179648,0
23204517,1755960935000,1,131072,393216
23204518,1755960947000,3,393216,0
23204519,1755960959000,0,0,0
23204520,1755960971000,3,393216,0
23204521,1755960983000,3,393216,0
23204522,1755960995000,4,524288,0
23204523,1755961007000,6,786432,0
23204524,1755961019000,0,0,0
23204525,1755961031000,9,1179648,0
23204526,1755961043000,0,0,393216
23204527,1755961055000,3,393216,0
23204528,1755961067000,4,524288,0
23204529,1755961079000,4,524288,0
23204530,1755961091000,6,786432,0
23204531,1755961103000,3,393216,0
23204532,1755961115000,3,393216,0
23204533,1755961127000,3,393216,0
23204534,1755961139000,3,393216,0
23204535,1755961151000,0,0,0
23204536,1755961163000,6,786432,0
23204537,1755961175000,6,786432,0
23204538,1755961187000,4,524288,0
23204539,1755961199000,6,786432,0
23204540,1755961211000,3,393216,0
23204541,1755961223000,0,0,0
23204542,1755961235000,0,0,0
23204543,1755961247000,6,786432,0
23204544,1755961259000,9,1179648,0
23204545,1755961271000,7,917504,393216
23204546,1755961283000,1,131072,524288
23204547,1755961295000,0,0,0
23204548,1755961307000,9,1179648,0
23204549,1755961319000,0,0,393216
23204550,1755961331000,7,917504,0
23204551,1755961343000,7,917504,131072
23204552,1755961355000,4,524288,262144
23204553,1755961367000,8,1048576,0
23204554,1755961379000,0,0,262144
23204555,1755961391000,6,786432,0
23204556,1755961403000,6,786432,0
23204557,1755961415000,3,393216,0
23204558,1755961427000,3,393216,0
23204559,1755961439000,0,0,0
23204560,1755961451000,0,0,0
23204561,1755961463000,9,1179648,0
23204562,1755961475000,6,786432,393216
23204563,1755961487000,4,524288,393216
23204564,1755961499000,9,1179648,131072
23204565,1755961511000,0,0,524288
23204566,1755961523000,7,917504,0
23204567,1755961535000,8,1048576,131072
23204568,1755961547000,0,0,393216
23204569,1755961559000,9,1179648,0
23204570,1755961571000,3,393216,393216
23204571,1755961583000,0,0,0
23204572,1755961595000,9,1179648,0
23204573,1755961607000,4,524288,393216
23204574,1755961619000,9,1179648,131072
23204575,1755961631000,0,0,524288
23204576,1755961643000,3,393216,0
23204577,1755961655000,3,393216,0
23204578,1755961667000,0,0,0
23204579,1755961679000,3,393216,0
23204580,1755961691000,6,786432,0
23204581,1755961703000,0,0,0
23204582,1755961715000,9,1179648,0
23204583,1755961727000,6,786432,393216
23204584,1755961739000,3,393216,393216
23204585,1755961751000,1,131072,0
23204586,1755961763000,3,393216,0
23204587,1755961775000,4,524288,0
23204588,1755961787000,6,786432,0
23204589,1755961799000,3,393216,0
23204590,1755961811000,9,1179648,0
23204591,1755961823000,0,0,393216
23204592,1755961835000,3,393216,0
23204593,1755961847000,6,786432,0
23204594,1755961859000,5,655360,0
23204595,1755961871000,0,0,0
23204596,1755961883000,7,917504,0
23204597,1755961895000,3,393216,131072
23204598,1755961907000,5,655360,0
23204599,1755961919000,1,131072,0
23204600,1755961931000,9,1179648,0
23204601,1755961943000,3,393216,393216
23204602,1755961955000,3,393216,0
23204603,1755961967000,5,655360,0
23204604,1755961979000,0,0,0
23204605,1755961991000,4,524288,0
23204606,1755962003000,6,786432,0
23204607,1755962015000,3,393216,0
23204608,1755962027000,0,0,0
23204609,1755962039000,0,0,0
23204610,1755962051000,9,1179648,0
23204611,1755962063000,0,0,393216
23204612,1755962075000,0,0,0
23204613,1755962087000,9,1179648,0
23204614,1755962099000,9,1179648,393216
23204615,1755962111000,5,655360,786432
23204616,1755962123000,6,786432,655360
23204617,1755962135000,1,131072,655360
23204618,1755962147000,3,393216,0
23204619,1755962159000,6,786432,0
23204620,1755962171000,3,393216,0
23204621,1755962183000,3,393216,0
23204622,1755962195000,4,524288,0
23204623,1755962207000,5,655360,0
23204624,1755962219000,5,655360,0
23204625,1755962231000,6,786432,0
23204626,1755962243000,0,0,0
23204627,1755962255000,3,393216,0
23204628,1755962267000,3,393216,0
23204629,1755962279000,4,524288,0
23204630,1755962291000,7,917504,0
23204631,1755962303000,6,786432,131072
23204632,1755962315000,3,393216,131072
23204633,1755962327000,9,1179648,0
23204634,1755962339000,1,131072,393216
23204635,1755962351000,0,0,0
23204636,1755962363000,0,0,0
23204637,1755962375000,9,1179648,0
23204638,1755962387000,8,1048576,393216
23204639,1755962399000,6,786432,655360
23204640,1755962411000,0,0,655360
23204641,1755962423000,6,786432,0
23204642,1755962435000,7,917504,0
23204643,1755962447000,6,786432,131072
23204644,1755962459000,0,0,131072
23204645,1755962471000,9,1179648,0
23204646,1755962483000,0,0,393216
23204647,1755962495000,0,0,0
23204648,1755962507000,9,1179648,0
23204649,1755962519000,0,0,393216
23204650,1755962531000,9,1179648,0
23204651,1755962543000,9,1179648,393216
23204652,1755962555000,9,1179648,786432
23204653,1755962567000,8,1048576,1179648
23204654,1755962579000,9,1179648,1441792
23204655,1755962591000,6,786432,1835008
23204656,1755962603000,0,0,1835008
23204657,1755962615000,6,786432,1048576
23204658,1755962627000,0,0,1048576
23204659,1755962639000,7,917504,262144
23204660,1755962651000,6,786432,393216
23204661,1755962663000,3,393216,393216
23204662,1755962675000,7,917504,0
23204663,1755962687000,7,917504,131072
23204664,1755962699000,6,786432,262144
23204665,1755962711000,9,1179648,262144
23204666,1755962723000,3,393216,655360
23204667,1755962735000,4,524288,262144
23204668,1755962747000,6,786432,0
23204669,1755962759000,4,524288,0
23204670,1755962771000,6,786432,0
23204671,1755962783000,6,786432,0
23204672,1755962795000,3,393216,0
23204673,1755962807000,4,524288,0
23204674,1755962819000,8,1048576,0
23204675,1755962831000,6,786432,262144
23204676,1755962843000,9,1179648,262144
23204677,1755962855000,5,655360,655360
23204678,1755962867000,0,0,524288
23204679,1755962879000,0,0,0
23204680,1755962891000,6,786432,0
23204681,1755962903000,9,1179648,0
23204682,1755962915000,1,131072,393216
23204683,1755962927000,3,393216,0
23204684,1755962939000,3,393216,0
23204685,1755962951000,0,0,0
23204686,1755962963000,0,0,0
23204687,1755962975000,6,786432,0
23204688,1755962987000,7,917504,0
23204689,1755962999000,6,786432,131072
23204690,1755963011000,9,1179648,131072
23204691,1755963023000,3,393216,524288
23204692,1755963035000,0,0,131072
23204693,1755963047000,0,0,0
23204694,1755963059000,8,1048576,0
23204695,1755963071000,7,917504,262144
23204696,1755963083000,6,786432,393216
23204697,1755963095000,9,1179648,393216
23204698,1755963107000,8,1048576,786432
23204699,1755963119000,9,1179648,1048576
23204700,1755963131000,0,0,1441792
23204701,1755963143000,0,0,655360
23204702,1755963155000,8,1048576,0
23204703,1755963167000,5,655360,262144
23204704,1755963179000,4,524288,131072
23204705,1755963191000,6,786432,0
23204706,1755963203000,3,393216,0
23204707,1755963215000,0,0,0
23204708,1755963227000,3,393216,0
23204709,1755963239000,0,0,0
23204710,1755963251000,9,1179648,0
23204711,1755963263000,0,0,393216
23204712,1755963275000,6,786432,0
23204713,1755963287000,3,393216,0
23204714,1755963299000,6,786432,0
23204715,1755963311000,4,524288,0
23204716,1755963323000,6,786432,0
23204717,1755963335000,0,0,0
23204718,1755963347000,8,1048576,0
23204719,1755963359000,4,524288,262144
23204720,1755963371000,3,393216,0
23204721,1755963383000,2,262144,0
23204722,1755963395000,3,393216,0
23204723,1755963407000,9,1179648,0
23204724,1755963419000,2,262144,393216
23204725,1755963431000,4,524288,0
23204726,1755963443000,9,1179648,0
23204727,1755963455000,8,1048576,393216
23204728,1755963467000,0,0,655360
23204729,1755963479000,0,0,0
23204730,1755963491000,0,0,0
23204731,1755963503000,8,1048576,0
23204732,1755963515000,6,786432,262144
23204733,1755963527000,9,1179648,262144
23204734,1755963539000,3,393216,655360
23204735,1755963551000,6,786432,262144
23204736,1755963563000,6,786432,262144
23204737,1755963575000,7,917504,262144
23204738,1755963587000,7,917504,393216
23204739,1755963599000,2,262144,524288
23204740,1755963611000,3,393216,0
23204741,1755963623000,9,1179648,0
23204742,1755963635000,4,524288,393216
23204743,1755963647000,7,917504,131072
23204744,1755963659000,7,917504,262144
23204745,1755963671000,0,0,393216
23204746,1755963683000,3,393216,0
23204747,1755963695000,6,786432,0
23204748,1755963707000,4,524288,0
23204749,1755963719000,0,0,0
23204750,1755963731000,0,0,0
23204751,1755963743000,9,1179648,0
23204752,1755963755000,9,1179648,393216
23204753,1755963767000,4,524288,786432
23204754,1755963779000,6,786432,524288
23204755,1755963791000,0,0,524288
23204756,1755963803000,7,917504,0
23204757,1755963815000,8,1048576,131072
23204758,1755963827000,9,1179648,393216
23204759,1755963839000,0,0,786432
23204760,1755963851000,3,393216,0
23204761,1755963863000,6,786432,0
23204762,1755963875000,3,393216,0
23204763,1755963887000,0,0,0
23204764,1755963899000,4,524288,0
23204765,1755963911000,0,0,0
23204766,1755963935000,9,1179648,0
23204767,1755963947000,6,786432,393216
23204768,1755963959000,3,393216,393216
23204769,1755963971000,3,393216,0
23204770,1755963983000,3,393216,0
23204771,1755963995000,0,0,0
23204772,1755964007000,3,393216,0
23204773,1755964019000,7,917504,0
23204774,1755964031000,4,524288,131072
23204775,1755964043000,1,131072,0
23204776,1755964055000,3,393216,0
23204777,1755964067000,7,917504,0
23204778,1755964079000,5,655360,131072
23204779,1755964091000,9,1179648,0
23204780,1755964103000,1,131072,393216
23204781,1755964115000,3,393216,0
23204782,1755964127000,4,524288,0
23204783,1755964139000,8,1048576,0
23204784,1755964151000,5,655360,262144
23204785,1755964163000,6,786432,131072
23204786,1755964175000,9,1179648,131072
23204787,1755964187000,0,0,524288
23204788,1755964199000,3,393216,0
23204789,1755964211000,0,0,0
23204790,1755964223000,4,524288,0
23204791,1755964235000,9,1179648,0
23204792,1755964247000,6,786432,393216
23204793,1755964259000,4,524288,393216
23204794,1755964271000,3,393216,131072
23204795,1755964283000,3,393216,0
23204796,1755964295000,4,524288,0
23204797,1755964307000,6,786432,0
23204798,1755964319000,9,1179648,0
23204799,1755964331000,0,0,393216
23204800,1755964343000,0,0,0
23204801,1755964355000,9,1179648,0
23204802,1755964367000,5,655360,393216
23204803,1755964379000,2,262144,262144
23204804,1755964391000,4,524288,0
23204805,1755964403000,6,786432,0
23204806,1755964415000,6,786432,0
23204807,1755964427000,3,393216,0
23204808,1755964439000,0,0,0
23204809,1755964451000,5,655360,0
23204810,1755964463000,3,393216,0
23204811,1755964475000,6,786432,0
23204812,1755964487000,9,1179648,0
23204813,1755964499000,8,1048576,393216
23204814,1755964511000,0,0,655360
23204815,1755964523000,3,393216,0
23204816,1755964535000,4,524288,0
23204817,1755964547000,6,786432,0
23204818,1755964559000,6,786432,0
23204819,1755964571000,4,524288,0
23204820,1755964583000,4,524288,0
23204821,1755964595000,0,0,0
23204822,1755964607000,7,917504,0
23204823,1755964619000,9,1179648,131072
23204824,1755964631000,9,1179648,524288
23204825,1755964643000,0,0,917504
23204826,1755964655000,9,1179648,131072
23204827,1755964667000,7,917504,524288
23204828,1755964679000,3,393216,655360
23204829,1755964691000,0,0,262144
23204830,1755964703000,9,1179648,0
23204831,1755964715000,4,524288,393216
23204832,1755964727000,3,393216,131072
23204833,1755964739000,3,393216,0
23204834,1755964751000,3,393216,0
23204835,1755964763000,0,0,0
23204836,1755964775000,3,393216,0
23204837,1755964787000,0,0,0
23204838,1755964799000,9,1179648,0
23204839,1755964811000,0,0,393216
23204840,1755964823000,0,0,0
23204841,1755964835000,7,917504,0
23204842,1755964847000,6,786432,131072
23204843,1755964859000,0,0,131072
23204844,1755964871000,9,1179648,0
23204845,1755964883000,7,917504,393216
23204846,1755964895000,3,393216,524288
23204847,1755964907000,9,1179648,131072
23204848,1755964919000,3,393216,524288
23204849,1755964931000,5,655360,131072
23204850,1755964943000,0,0,0
23204851,1755964955000,6,786432,0
23204852,1755964967000,6,786432,0
23204853,1755964979000,4,524288,0
23204854,1755964991000,0,0,0
23204855,1755965003000,0,0,0
23204856,1755965015000,6,786432,0
23204857,1755965027000,0,0,0
23204858,1755965039000,0,0,0
23204859,1755965051000,9,1179648,0
23204860,1755965063000,7,917504,393216
23204861,1755965075000,9,1179648,524288
23204862,1755965087000,0,0,917504
23204863,1755965099000,6,786432,131072
23204864,1755965111000,4,524288,131072
23204865,1755965123000,3,393216,0
23204866,1755965135000,6,786432,0
23204867,1755965147000,9,1179648,0
23204868,1755965159000,9,1179648,393216
23204869,1755965171000,9,1179648,786432
23204870,1755965183000,8,1048576,1179648
23204871,1755965195000,1,131072,1441792
23204872,1755965207000,3,393216,786432
23204873,1755965219000,3,393216,393216
23204874,1755965231000,0,0,0
23204875,1755965243000,3,393216,0
23204876,1755965255000,6,786432,0
23204877,1755965267000,6,786432,0
23204878,1755965279000,3,393216,0
23204879,1755965291000,0,0,0
23204880,1755965303000,3,393216,0
23204881,1755965315000,7,917504,0
23204882,1755965327000,3,393216,131072
23204883,1755965339000,6,786432,0
23204884,1755965351000,8,1048576,0
23204885,1755965363000,4,524288,262144
23204886,1755965375000,3,393216,0
23204887,1755965387000,0,0,0
23204888,1755965399000,3,393216,0
23204889,1755965411000,0,0,0
23204890,1755965423000,3,393216,0
23204891,1755965435000,6,786432,0
23204892,1755965447000,3,393216,0
23204893,1755965459000,0,0,0
23204894,1755965471000,7,917504,0
23204895,1755965483000,0,0,131072
23204896,1755965495000,9,1179648,0
23204897,1755965507000,0,0,393216
23204898,1755965519000,4,524288,0
23204899,1755965531000,9,1179648,0
23204900,1755965543000,9,1179648,393216
23204901,1755965555000,0,0,786432
23204902,1755965567000,6,786432,0
23204903,1755965579000,0,0,0
23204904,1755965591000,9,1179648,0
23204905,1755965603000,0,0,393216
23204906,1755965615000,0,0,0
23204907,1755965627000,7,917504,0
23204908,1755965639000,1,131072,131072
23204909,1755965651000,8,1048576,0
23204910,1755965663000,0,0,262144
23204911,1755965675000,9,1179648,0
23204912,1755965687000,0,0,393216
23204913,1755965699000,6,786432,0
23204914,1755965711000,0,0,0
23204915,1755965723000,3,393216,0
23204916,1755965735000,3,393216,0
23204917,1755965747000,0,0,0
23204918,1755965759000,9,1179648,0
23204919,1755965771000,0,0,393216
23204920,1755965783000,6,786432,0
23204921,1755965795000,0,0,0
23204922,1755965807000,0,0,0
23204923,1755965819000,0,0,0
23204924,1755965831000,9,1179648,0
23204925,1755965843000,0,0,393216
23204926,1755965855000,9,1179648,0
23204927,1755965867000,4,524288,393216
23204928,1755965879000,8,1048576,131072
23204929,1755965891000,0,0,393216
23204930,1755965903000,3,393216,0
23204931,1755965915000,0,0,0
23204932,1755965927000,0,0,0
23204933,1755965939000,6,786432,0
23204934,1755965951000,0,0,0
23204935,1755965963000,7,917504,0
23204936,1755965975000,9,1179648,131072
23204937,1755965987000,7,917504,524288
23204938,1755965999000,3,393216,655360
23204939,1755966011000,0,0,262144
23204940,1755966023000,7,917504,0
23204941,1755966035000,9,1179648,131072
23204942,1755966047000,3,393216,524288
23204943,1755966059000,9,1179648,131072
23204944,1755966071000,0,0,524288
23204945,1755966083000,9,1179648,0
23204946,1755966095000,0,0,393216
23204947,1755966107000,6,786432,0
23204948,1755966119000,7,917504,0
23204949,1755966131000,1,131072,131072
23204950,1755966143000,3,393216,0
23204951,1755966155000,3,393216,0
23204952,1755966167000,7,917504,0
23204953,1755966179000,3,393216,131072
23204954,1755966191000,6,786432,0
23204955,1755966203000,3,393216,0
23204956,1755966215000,6,786432,0
23204957,1755966227000,5,655360,0
23204958,1755966239000,4,524288,0
23204959,1755966251000,6,786432,0
23204960,1755966263000,3,393216,0
23204961,1755966275000,0,0,0
23204962,1755966287000,9,1179648,0
23204963,1755966299000,0,0,393216
23204964,1755966311000,0,0,0
23204965,1755966323000,7,917504,0
23204966,1755966335000,9,1179648,131072
23204967,1755966347000,4,524288,524288
23204968,1755966359000,3,393216,262144
23204969,1755966371000,5,655360,0
23204970,1755966383000,3,393216,0
23204971,1755966395000,3,393216,0
23204972,1755966407000,6,786432,0
23204973,1755966419000,6,786432,0
23204974,1755966431000,3,393216,0
23204975,1755966443000,0,0,0
23204976,1755966455000,3,393216,0
23204977,1755966467000,1,131072,0
23204978,1755966479000,3,393216,0
23204979,1755966491000,6,786432,0
23204980,1755966503000,6,786432,0
23204981,1755966515000,1,131072,0
23204982,1755966527000,3,393216,0
23204983,1755966539000,0,0,0
23204984,1755966551000,2,262144,0
23204985,1755966563000,3,393216,0
23204986,1755966575000,6,786432,0
23204987,1755966587000,8,1048576,0
23204988,1755966599000,0,0,262144
23204989,1755966611000,0,0,0
23204990,1755966623000,6,786432,0
23204991,1755966635000,4,524288,0
23204992,1755966647000,0,0,0
23204993,1755966659000,6,786432,0
23204994,1755966671000,6,786432,0
23204995,1755966683000,3,393216,0
23204996,1755966695000,6,786432,0
23204997,1755966707000,0,0,0
23204998,1755966719000,6,786432,0
23204999,1755966731000,3,393216,0
23205000,1755966743000,6,786432,0
23205001,1755966755000,3,393216,0
23205002,1755966767000,0,0,0
23205003,1755966779000,3,393216,0
23205004,1755966791000,1,131072,0
23205005,1755966803000,3,393216,0
23205006,1755966815000,6,786432,0
23205007,1755966827000,4,524288,0
23205008,1755966839000,6,786432,0
23205009,1755966851000,0,0,0
23205010,1755966863000,0,0,0
23205011,1755966875000,6,786432,0
23205012,1755966887000,2,262144,0
23205013,1755966899000,9,1179648,0
23205014,1755966911000,0,0,393216
23205015,1755966923000,9,1179648,0
23205016,1755966935000,6,786432,393216
23205017,1755966947000,6,786432,393216
23205018,1755966959000,7,917504,393216
23205019,1755966971000,0,0,524288
23205020,1755966983000,9,1179648,0
23205021,1755966995000,3,393216,393216
23205022,1755967007000,0,0,0
23205023,1755967019000,9,1179648,0
23205024,1755967031000,0,0,393216
23205025,1755967043000,0,0,0
23205026,1755967055000,4,524288,0
23205027,1755967067000,9,1179648,0
23205028,1755967079000,0,0,393216
23205029,1755967091000,6,786432,0
23205030,1755967103000,2,262144,0
23205031,1755967115000,3,393216,0
23205032,1755967127000,0,0,0
23205033,1755967139000,6,786432,0
23205034,1755967151000,3,393216,0
23205035,1755967163000,3,393216,0
23205036,1755967175000,0,0,0
23205037,1755967187000,1,131072,0
23205038,1755967199000,3,393216,0
23205039,1755967211000,3,393216,0
23205040,1755967223000,3,393216,0
23205041,1755967235000,0,0,0
23205042,1755967247000,5,655360,0
23205043,1755967259000,0,0,0
23205044,1755967271000,9,1179648,0
23205045,1755967283000,8,1048576,393216
23205046,1755967295000,8,1048576,655360
23205047,1755967307000,3,393216,917504
23205048,1755967319000,6,786432,524288
23205049,1755967331000,4,524288,524288
23205050,1755967343000,0,0,262144
23205051,1755967355000,0,0,0
23205052,1755967367000,4,524288,0
23205053,1755967379000,9,1179648,0
23205054,1755967391000,0,0,393216
23205055,1755967403000,3,393216,0
23205056,1755967415000,9,1179648,0
23205057,1755967427000,6,786432,393216
23205058,1755967439000,0,0,393216
23205059,1755967451000,3,393216,0
23205060,1755967463000,0,0,0
23205061,1755967475000,3,393216,0
23205062,1755967487000,0,0,0
23205063,1755967499000,9,1179648,0
23205064,1755967511000,2,262144,393216
23205065,1755967523000,3,393216,0
23205066,1755967535000,3,393216,0
23205067,1755967547000,0,0,0
23205068,1755967559000,6,786432,0
23205069,1755967571000,6,786432,0
23205070,1755967583000,3,393216,0
23205071,1755967595000,0,0,0
23205072,1755967607000,8,1048576,0
23205073,1755967619000,1,131072,262144
23205074,1755967631000,3,393216,0
23205075,1755967643000,3,393216,0
23205076,1755967655000,5,655360,0
23205077,1755967667000,9,1179648,0
23205078,1755967679000,3,393216,393216
23205079,1755967691000,0,0,0
23205080,1755967703000,3,393216,0
23205081,1755967715000,4,524288,0
23205082,1755967727000,0,0,0
23205083,1755967739000,9,1179648,0
23205084,1755967751000,1,131072,393216
23205085,1755967763000,1,131072,0
23205086,1755967775000,3,393216,0
23205087,1755967787000,4,524288,0
23205088,1755967799000,0,0,0
23205089,1755967811000,6,786432,0
23205090,1755967823000,6,786432,0
23205091,1755967835000,9,1179648,0
23205092,1755967847000,3,393216,393216
23205093,1755967859000,7,917504,0
23205094,1755967871000,4,524288,131072
23205095,1755967883000,3,393216,0
23205096,1755967895000,0,0,0
23205097,1755967907000,6,786432,0
23205098,1755967919000,9,1179648,0
23205099,1755967931000,6,786432,393216
23205100,1755967943000,6,786432,393216
23205101,1755967955000,8,1048576,393216
23205102,1755967967000,3,393216,655360
23205103,1755967979000,0,0,262144
23205104,1755967991000,4,524288,0
23205105,1755968003000,0,0,0
23205106,1755968015000,9,1179648,0
23205107,1755968027000,5,655360,393216
23205108,1755968039000,4,524288,262144
23205109,1755968051000,3,393216,0
23205110,1755968063000,3,393216,0
23205111,1755968075000,3,393216,0
23205112,1755968087000,0,0,0
23205113,1755968099000,4,524288,0
23205114,1755968111000,9,1179648,0
23205115,1755968123000,0,0,393216
23205116,1755968135000,4,524288,0
23205117,1755968147000,4,524288,0
23205118,1755968159000,3,393216,0
23205119,1755968171000,3,393216,0
23205120,1755968195000,9,1179648,0
23205121,1755968207000,9,1179648,393216
23205122,1755968219000,4,524288,786432
23205123,1755968231000,3,393216,524288
23205124,1755968243000,4,524288,131072
23205125,1755968255000,3,393216,0
23205126,1755968267000,3,393216,0
23205127,1755968279000,4,524288,0
23205128,1755968291000,6,786432,0
23205129,1755968303000,9,1179648,0
23205130,1755968315000,9,1179648,393216
23205131,1755968327000,0,0,786432
23205132,1755968339000,3,393216,0
23205133,1755968351000,3,393216,0
23205134,1755968363000,9,1179648,0
23205135,1755968375000,0,0,393216
23205136,1755968387000,6,786432,0
23205137,1755968399000,4,524288,0
23205138,1755968411000,3,393216,0
23205139,1755968423000,4,524288,0
23205140,1755968435000,3,393216,0
23205141,1755968447000,0,0,0
23205142,1755968459000,6,786432,0
23205143,1755968471000,6,786432,0
23205144,1755968483000,6,786432,0
23205145,1755968495000,0,0,0
23205146,1755968507000,4,524288,0
23205147,1755968519000,5,655360,0
23205148,1755968531000,0,0,0
23205149,1755968543000,3,393216,0
23205150,1755968555000,6,786432,0
23205151,1755968567000,9,1179648,0
23205152,1755968579000,0,0,393216
23205153,1755968591000,6,786432,0
23205154,1755968603000,3,393216,0
23205155,1755968615000,0,0,0
23205156,1755968627000,0,0,0
23205157,1755968639000,8,1048576,0
23205158,1755968651000,8,1048576,262144
23205159,1755968663000,6,786432,524288
23205160,1755968675000,0,0,524288
23205161,1755968687000,6,786432,0
23205162,1755968699000,1,131072,0
23205163,1755968711000,4,524288,0
23205164,1755968723000,7,917504,0
23205165,1755968735000,9,1179648,131072
23205166,1755968747000,0,0,524288
23205167,1755968759000,1,131072,0
23205168,1755968771000,3,393216,0
23205169,1755968783000,0,0,0
23205170,1755968795000,0,0,0
23205171,1755968807000,6,786432,0
23205172,1755968819000,7,917504,0
23205173,1755968831000,6,786432,131072
23205174,1755968843000,3,393216,131072
23205175,1755968855000,0,0,0
23205176,1755968867000,3,393216,0
23205177,1755968879000,0,0,0
23205178,1755968891000,3,393216,0
23205179,1755968903000,9,1179648,0
23205180,1755968915000,2,262144,393216
23205181,1755968927000,4,524288,0
23205182,1755968939000,3,393216,0
23205183,1755968951000,0,0,0
23205184,1755968963000,9,1179648,0
23205185,1755968975000,7,917504,393216
23205186,1755968987000,9,1179648,524288
23205187,1755968999000,7,917504,917504
23205188,1755969011000,9,1179648,1048576
23205189,1755969023000,3,393216,1441792
23205190,1755969035000,0,0,1048576
23205191,1755969047000,7,917504,262144
23205192,1755969059000,3,393216,393216
23205193,1755969071000,7,917504,0
23205194,1755969083000,4,524288,131072
23205195,1755969095000,6,786432,0
23205196,1755969107000,3,393216,0
23205197,1755969119000,3,393216,0
23205198,1755969131000,0,0,0
23205199,1755969143000,3,393216,0
23205200,1755969155000,4,524288,0
23205201,1755969167000,7,917504,0
23205202,1755969179000,3,393216,131072
23205203,1755969191000,6,786432,0
23205204,1755969203000,5,655360,0
23205205,1755969215000,3,393216,0
23205206,1755969227000,3,393216,0
23205207,1755969239000,3,393216,0
23205208,1755969251000,3,393216,0
23205209,1755969263000,0,0,0
23205210,1755969275000,9,1179648,0
23205211,1755969287000,5,655360,393216
23205212,1755969299000,4,524288,262144
23205213,1755969311000,0,0,0
23205214,1755969323000,3,393216,0
23205215,1755969335000,3,393216,0
23205216,1755969347000,0,0,0
23205217,1755969359000,6,786432,0
23205218,1755969371000,6,786432,0
23205219,1755969383000,7,917504,0
23205220,1755969395000,4,524288,131072
23205221,1755969407000,3,393216,0
23205222,1755969419000,0,0,0
23205223,1755969431000,3,393216,0
23205224,1755969443000,0,0,0
23205225,1755969455000,0,0,0
23205226,1755969467000,0,0,0
23205227,1755969479000,7,917504,0
23205228,1755969491000,0,0,131072
23205229,1755969503000,8,1048576,0
23205230,1755969515000,0,0,262144
23205231,1755969527000,0,0,0
23205232,1755969539000,8,1048576,0
23205233,1755969551000,4,524288,262144
23205234,1755969563000,0,0,0
23205235,1755969575000,4,524288,0
23205236,1755969587000,3,393216,0
23205237,1755969599000,0,0,0
23205238,1755969611000,9,1179648,0
23205239,1755969623000,6,786432,393216
23205240,1755969635000,6,786432,393216
23205241,1755969647000,9,1179648,393216
23205242,1755969659000,0,0,786432
23205243,1755969671000,9,1179648,0
23205244,1755969683000,9,1179648,393216
23205245,1755969695000,9,1179648,786432
23205246,1755969707000,4,524288,1179648
23205247,1755969719000,9,1179648,917504
23205248,1755969731000,0,0,1310720
23205249,1755969743000,3,393216,524288
23205250,1755969755000,1,131072,131072
23205251,1755969767000,6,786432,0
23205252,1755969779000,0,0,0
23205253,1755969791000,0,0,0
23205254,1755969803000,6,786432,0
23205255,1755969815000,6,786432,0
23205256,1755969827000,3,393216,0
23205257,1755969839000,9,1179648,0
23205258,1755969851000,4,524288,393216
23205259,1755969863000,3,393216,131072
23205260,1755969875000,0,0,0
23205261,1755969887000,4,524288,0
23205262,1755969899000,6,786432,0
23205263,1755969911000,3,393216,0
23205264,1755969923000,5,655360,0
23205265,1755969935000,6,786432,0
23205266,1755969947000,9,1179648,0
23205267,1755969959000,5,655360,393216
23205268,1755969971000,0,0,262144
23205269,1755969983000,6,786432,0
23205270,1755969995000,0,0,0
23205271,1755970007000,9,1179648,0
23205272,1755970019000,3,393216,393216
23205273,1755970031000,6,786432,0
23205274,1755970043000,3,393216,0
23205275,1755970055000,1,131072,0
23205276,1755970067000,9,1179648,0
23205277,1755970079000,9,1179648,393216
23205278,1755970091000,1,131072,786432
23205279,1755970103000,0,0,131072
23205280,1755970115000,7,917504,0
23205281,1755970127000,3,393216,131072
23205282,1755970139000,4,524288,0
23205283,1755970151000,0,0,0
23205284,1755970163000,4,524288,0
23205285,1755970175000,9,1179648,0
23205286,1755970187000,3,393216,393216
23205287,1755970199000,9,1179648,0
23205288,1755970211000,0,0,393216
23205289,1755970223000,4,524288,0
23205290,1755970235000,3,393216,0
23205291,1755970247000,0,0,0
23205292,1755970259000,0,0,0
23205293,1755970271000,9,1179648,0
23205294,1755970283000,6,786432,393216
23205295,1755970295000,0,0,393216
23205296,1755970307000,6,786432,0
23205297,1755970319000,5,655360,0
23205298,1755970331000,3,393216,0
23205299,1755970343000,2,262144,0
23205300,1755970355000,3,393216,0
23205301,1755970367000,6,786432,0
23205302,1755970379000,3,393216,0
23205303,1755970391000,0,0,0
23205304,1755970403000,3,393216,0
23205305,1755970415000,1,131072,0
23205306,1755970427000,6,786432,0
23205307,1755970439000,3,393216,0
23205308,1755970451000,0,0,0
23205309,1755970463000,5,655360,0
23205310,1755970475000,6,786432,0
23205311,1755970487000,9,1179648,0
23205312,1755970499000,7,917504,393216
23205313,1755970511000,0,0,524288
23205314,1755970523000,4,524288,0
23205315,1755970535000,6,786432,0
23205316,1755970547000,0,0,0
23205317,1755970559000,4,524288,0
23205318,1755970571000,6,786432,0
23205319,1755970583000,4,524288,0
23205320,1755970595000,3,393216,0
23205321,1755970607000,8,1048576,0
23205322,1755970619000,3,393216,262144
23205323,1755970631000,0,0,0
23205324,1755970643000,7,917504,0
23205325,1755970655000,6,786432,131072
23205326,1755970667000,9,1179648,131072
23205327,1755970679000,0,0,524288
23205328,1755970691000,3,393216,0
23205329,1755970703000,2,262144,0
23205330,1755970715000,3,393216,0
23205331,1755970727000,1,131072,0
23205332,1755970739000,3,393216,0
23205333,1755970751000,0,0,0
23205334,1755970763000,9,1179648,0
23205335,1755970775000,8,1048576,393216
23205336,1755970787000,6,786432,655360
23205337,1755970811000,0,0,655360
23205338,1755970823000,0,0,0
23205339,1755970835000,8,1048576,0
23205340,1755970847000,3,393216,262144
23205341,1755970859000,7,917504,0
23205342,1755970871000,7,917504,131072
23205343,1755970883000,0,0,262144
23205344,1755970895000,0,0,0
23205345,1755970907000,7,917504,0
23205346,1755970919000,3,393216,131072
23205347,1755970931000,0,0,0
23205348,1755970943000,6,786432,0
23205349,1755970955000,9,1179648,0
23205350,1755970967000,8,1048576,393216
23205351,1755970979000,0,0,655360
23205352,1755970991000,9,1179648,0
23205353,1755971003000,0,0,393216
23205354,1755971015000,4,524288,0
23205355,1755971027000,3,393216,0
23205356,1755971039000,0,0,0
23205357,1755971051000,6,786432,0
23205358,1755971063000,3,393216,0
23205359,1755971075000,3,393216,0
23205360,1755971087000,3,393216,0
23205361,1755971099000,0,0,0
23205362,1755971111000,4,524288,0
23205363,1755971123000,3,393216,0
23205364,1755971135000,8,1048576,0
23205365,1755971147000,0,0,262144
23205366,1755971159000,0,0,0
23205367,1755971171000,9,1179648,0
23205368,1755971183000,6,786432,393216
23205369,1755971195000,0,0,393216
23205370,1755971207000,4,524288,0
23205371,1755971219000,0,0,0
23205372,1755971231000,6,786432,0
23205373,1755971243000,0,0,0
23205374,1755971255000,9,1179648,0
23205375,1755971267000,1,131072,393216
23205376,1755971279000,3,393216,0
23205377,1755971291000,5,655360,0
23205378,1755971303000,4,524288,0
23205379,1755971315000,3,393216,0
23205380,1755971327000,3,393216,0
23205381,1755971339000,3,393216,0
23205382,1755971351000,0,0,0
23205383,1755971363000,9,1179648,0
23205384,1755971375000,1,131072,393216
23205385,1755971387000,9,1179648,0
23205386,1755971399000,7,917504,393216
23205387,1755971411000,6,786432,524288
23205388,1755971423000,9,1179648,524288
23205389,1755971435000,4,524288,917504
23205390,1755971447000,0,0,655360
23205391,1755971459000,9,1179648,0
23205392,1755971471000,4,524288,393216
23205393,1755971483000,6,786432,131072
23205394,1755971495000,4,524288,131072
23205395,1755971507000,3,393216,0
23205396,1755971519000,0,0,0
23205397,1755971531000,3,393216,0
23205398,1755971543000,6,786432,0
23205399,1755971555000,3,393216,0
23205400,1755971579000,9,1179648,0
23205401,1755971591000,3,393216,393216
23205402,1755971603000,4,524288,0
23205403,1755971615000,0,0,0
23205404,1755971627000,9,1179648,0
23205405,1755971639000,1,131072,393216
23205406,1755971651000,4,524288,0
23205407,1755971663000,0,0,0
23205408,1755971675000,9,1179648,0
23205409,1755971687000,7,917504,393216
23205410,1755971699000,3,393216,524288
23205411,1755971711000,0,0,131072
23205412,1755971723000,3,393216,0
23205413,1755971735000,4,524288,0
23205414,1755971747000,0,0,0
23205415,1755971759000,6,786432,0
23205416,1755971771000,8,1048576,0
23205417,1755971783000,6,786432,262144
23205418,1755971795000,3,393216,262144
23205419,1755971807000,3,393216,0
23205420,1755971819000,3,393216,0
23205421,1755971831000,3,393216,0
23205422,1755971843000,1,131072,0
23205423,1755971855000,4,524288,0
23205424,1755971867000,4,524288,0
23205425,1755971879000,7,917504,0
23205426,1755971891000,4,524288,131072
23205427,1755971903000,6,786432,0
23205428,1755971915000,3,393216,0
23205429,1755971927000,0,0,0
23205430,1755971939000,3,393216,0
23205431,1755971951000,0,0,0
23205432,1755971963000,8,1048576,0
23205433,1755971975000,9,1179648,262144
23205434,1755971987000,9,1179648,655360
23205435,1755971999000,0,0,1048576
23205436,1755972011000,4,524288,262144
23205437,1755972023000,0,0,0
23205438,1755972035000,4,524288,0
23205439,1755972047000,4,524288,0
23205440,1755972059000,0,0,0
23205441,1755972071000,6,786432,0
23205442,1755972083000,9,1179648,0
23205443,1755972095000,4,524288,393216
23205444,1755972107000,2,262144,131072
23205445,1755972119000,3,393216,0
23205446,1755972131000,0,0,0
23205447,1755972143000,3,393216,0
23205448,1755972155000,6,786432,0
23205449,1755972167000,6,786432,0
23205450,1755972179000,6,786432,0
23205451,1755972191000,3,393216,0
23205452,1755972203000,1,131072,0
23205453,1755972215000,3,393216,0
23205454,1755972227000,3,393216,0
23205455,1755972239000,0,0,0
23205456,1755972251000,4,524288,0
23205457,1755972263000,4,524288,0
23205458,1755972275000,9,1179648,0
23205459,1755972287000,6,786432,393216
23205460,1755972299000,8,1048576,393216
23205461,1755972311000,0,0,655360
23205462,1755972323000,3,393216,0
23205463,1755972335000,9,1179648,0
23205464,1755972347000,3,393216,393216
23205465,1755972359000,3,393216,0
23205466,1755972371000,7,917504,0
23205467,1755972383000,3,393216,131072
23205468,1755972395000,0,0,0
23205469,1755972407000,6,786432,0
23205470,1755972419000,0,0,0
23205471,1755972431000,0,0,0
23205472,1755972443000,4,524288,0
23205473,1755972455000,3,393216,0
23205474,1755972467000,1,131072,0
23205475,1755972479000,4,524288,0
23205476,1755972491000,6,786432,0
23205477,1755972503000,0,0,0
23205478,1755972515000,3,393216,0
23205479,1755972527000,3,393216,0
23205480,1755972539000,8,1048576,0
23205481,1755972551000,6,786432,262144
23205482,1755972563000,6,786432,262144
23205483,1755972575000,6,786432,262144
23205484,1755972587000,8,1048576,262144
23205485,1755972599000,0,0,524288
23205486,1755972611000,4,524288,0
23205487,1755972623000,6,786432,0
23205488,1755972635000,9,1179648,0
23205489,1755972647000,6,786432,393216
23205490,1755972659000,3,393216,393216
23205491,1755972671000,8,1048576,0
23205492,1755972683000,7,917504,262144
23205493,1755972695000,9,1179648,393216
23205494,1755972707000,0,0,786432
23205495,1755972719000,6,786432,0
23205496,1755972731000,6,786432,0
23205497,1755972743000,4,524288,0
23205498,1755972755000,6,786432,0
23205499,1755972767000,9,1179648,0
23205500,1755972779000,8,1048576,393216
23205501,1755972791000,1,131072,655360
23205502,1755972803000,9,1179648,0
23205503,1755972815000,1,131072,393216
23205504,1755972827000,4,524288,0
23205505,1755972839000,6,786432,0
23205506,1755972851000,1,131072,0
23205507,1755972863000,3,393216,0
23205508,1755972875000,3,393216,0
23205509,1755972887000,6,786432,0
23205510,1755972899000,4,524288,0
23205511,1755972911000,6,786432,0
23205512,1755972923000,0,0,0
23205513,1755972935000,3,393216,0
23205514,1755972947000,0,0,0
23205515,1755972959000,9,1179648,0
23205516,1755972971000,0,0,393216
23205517,1755972983000,3,393216,0
23205518,1755972995000,0,0,0
23205519,1755973007000,7,917504,0
23205520,1755973019000,3,393216,131072
23205521,1755973031000,3,393216,0
23205522,1755973043000,4,524288,0
23205523,1755973055000,0,0,0
23205524,1755973067000,4,524288,0
23205525,1755973079000,1,131072,0
23205526,1755973091000,1,131072,0
23205527,1755973103000,4,524288,0
23205528,1755973115000,3,393216,0
23205529,1755973127000,6,786432,0
23205530,1755973139000,3,393216,0
23205531,1755973151000,3,393216,0
23205532,1755973163000,3,393216,0
23205533,1755973175000,6,786432,0
23205534,1755973187000,0,0,0
23205535,1755973199000,0,0,0
23205536,1755973211000,6,786432,0
23205537,1755973223000,9,1179648,0
23205538,1755973235000,2,262144,393216
23205539,1755973247000,3,393216,0
23205540,1755973259000,0,0,0
23205541,1755973271000,8,1048576,0
23205542,1755973283000,1,131072,262144
23205543,1755973295000,6,786432,0
23205544,1755973307000,0,0,0
23205545,1755973319000,4,524288,0
23205546,1755973331000,3,393216,0
23205547,1755973343000,6,786432,0
23205548,1755973355000,3,393216,0
23205549,1755973367000,0,0,0
23205550,1755973379000,9,1179648,0
23205551,1755973391000,1,131072,393216
23205552,1755973403000,0,0,0
23205553,1755973415000,4,524288,0
23205554,1755973427000,6,786432,0
23205555,1755973439000,6,786432,0
23205556,1755973451000,7,917504,0
23205557,1755973463000,6,786432,131072
23205558,1755973475000,0,0,131072
23205559,1755973487000,3,393216,0
23205560,1755973499000,0,0,0
23205561,1755973511000,4,524288,0
23205562,1755973523000,0,0,0
23205563,1755973535000,3,393216,0
23205564,1755973547000,1,131072,0
23205565,1755973559000,9,1179648,0
23205566,1755973571000,1,131072,393216
23205567,1755973583000,5,655360,0
23205568,1755973595000,3,393216,0
23205569,1755973607000,0,0,0
23205570,1755973619000,5,655360,0
23205571,1755973631000,9,1179648,0
23205572,1755973643000,0,0,393216
23205573,1755973655000,9,1179648,0
23205574,1755973667000,7,917504,393216
23205575,1755973679000,3,393216,524288
23205576,1755973691000,0,0,131072
23205577,1755973703000,3,393216,0
23205578,1755973715000,0,0,0
23205579,1755973727000,6,786432,0
23205580,1755973739000,1,131072,0
23205581,1755973751000,0,0,0
23205582,1755973763000,3,393216,0
23205583,1755973775000,0,0,0
23205584,1755973787000,7,917504,0
23205585,1755973799000,3,393216,131072
23205586,1755973811000,4,524288,0
23205587,1755973823000,3,393216,0
23205588,1755973835000,0,0,0
23205589,1755973847000,3,393216,0
23205590,1755973859000,0,0,0
23205591,1755973871000,3,393216,0
23205592,1755973883000,0,0,0
23205593,1755973895000,7,917504,0
23205594,1755973907000,8,1048576,131072
23205595,1755973919000,0,0,393216
23205596,1755973931000,7,917504,0
23205597,1755973943000,0,0,131072
23205598,1755973955000,1,131072,0
23205599,1755973967000,3,393216,0
23205600,1755973979000,3,393216,0
23205601,1755973991000,9,1179648,0
23205602,1755974003000,0,0,393216
23205603,1755974015000,3,393216,0
23205604,1755974027000,1,131072,0
23205605,1755974039000,9,1179648,0
23205606,1755974051000,5,655360,393216
23205607,1755974063000,0,0,262144
23205608,1755974075000,6,786432,0
23205609,1755974087000,0,0,0
23205610,1755974099000,9,1179648,0
23205611,1755974111000,1,131072,393216
23205612,1755974123000,3,393216,0
23205613,1755974135000,3,393216,0
23205614,1755974147000,6,786432,0
23205615,1755974159000,4,524288,0
23205616,1755974171000,0,0,0
23205617,1755974183000,4,524288,0
23205618,1755974195000,0,0,0
23205619,1755974207000,6,786432,0
23205620,1755974219000,3,393216,0
23205621,1755974231000,0,0,0
23205622,1755974243000,8,1048576,0
23205623,1755974255000,6,786432,262144
23205624,1755974267000,3,393216,262144
23205625,1755974279000,4,524288,0
23205626,1755974291000,0,0,0
23205627,1755974303000,3,393216,0
23205628,1755974315000,0,0,0
23205629,1755974327000,6,786432,0
23205630,1755974339000,6,786432,0
23205631,1755974351000,0,0,0
23205632,1755974363000,0,0,0
23205633,1755974375000,3,393216,0
23205634,1755974387000,3,393216,0
23205635,1755974399000,0,0,0
23205636,1755974411000,0,0,0
23205637,1755974423000,3,393216,0
23205638,1755974435000,6,786432,0
23205639,1755974447000,6,786432,0
23205640,1755974459000,7,917504,0
23205641,1755974471000,3,393216,131072
23205642,1755974483000,0,0,0
23205643,1755974495000,5,655360,0
23205644,1755974507000,1,131072,0
23205645,1755974519000,3,393216,0
23205646,1755974531000,7,917504,0
23205647,1755974543000,0,0,131072
23205648,1755974555000,9,1179648,0
23205649,1755974567000,3,393216,393216
23205650,1755974579000,0,0,0
23205651,1755974591000,7,917504,0
23205652,1755974603000,0,0,131072
23205653,1755974615000,3,393216,0
23205654,1755974627000,0,0,0
23205655,1755974639000,6,786432,0
23205656,1755974651000,9,1179648,0
23205657,1755974663000,6,786432,393216
23205658,1755974675000,0,0,393216
23205659,1755974687000,4,524288,0
23205660,1755974699000,0,0,0
23205661,1755974711000,3,393216,0
23205662,1755974723000,0,0,0
23205663,1755974735000,6,786432,0
23205664,1755974747000,9,1179648,0
23205665,1755974759000,2,262144,393216
23205666,1755974771000,7,917504,0
23205667,1755974783000,0,0,131072
23205668,1755974795000,6,786432,0
23205669,1755974807000,0,0,0
23205670,1755974819000,0,0,0
23205671,1755974831000,6,786432,0
23205672,1755974843000,3,393216,0
23205673,1755974855000,6,786432,0
23205674,1755974867000,0,0,0
23205675,1755974879000,3,393216,0
23205676,1755974891000,8,1048576,0
23205677,1755974903000,4,524288,262144
23205678,1755974915000,0,0,0
23205679,1755974927000,3,393216,0
23205680,1755974939000,1,131072,0
23205681,1755974951000,0,0,0
23205682,1755974963000,0,0,0
23205683,1755974975000,7,917504,0
23205684,1755974987000,0,0,131072
23205685,1755974999000,7,917504,0
23205686,1755975011000,9,1179648,131072
23205687,1755975023000,3,393216,524288
23205688,1755975035000,3,393216,131072
23205689,1755975047000,0,0,0
23205690,1755975059000,3,393216,0
23205691,1755975071000,0,0,0
23205692,1755975083000,9,1179648,0
23205693,1755975095000,0,0,393216
23205694,1755975107000,6,786432,0
23205695,1755975119000,0,0,0
23205696,1755975131000,9,1179648,0
23205697,1755975143000,0,0,393216
23205698,1755975155000,3,393216,0
23205699,1755975167000,0,0,0
23205700,1755975179000,9,1179648,0
23205701,1755975191000,0,0,393216
23205702,1755975203000,3,393216,0
23205703,1755975215000,6,786432,0
23205704,1755975227000,9,1179648,0
23205705,1755975239000,3,393216,393216
23205706,1755975251000,1,131072,0
23205707,1755975263000,3,393216,0
23205708,1755975275000,0,0,0
23205709,1755975287000,6,786432,0
23205710,1755975299000,3,393216,0
23205711,1755975311000,0,0,0
23205712,1755975323000,3,393216,0
23205713,1755975335000,0,0,0
23205714,1755975347000,8,1048576,0
23205715,1755975359000,0,0,262144
23205716,1755975371000,3,393216,0
23205717,1755975383000,9,1179648,0
23205718,1755975395000,6,786432,393216
23205719,1755975407000,6,786432,393216
23205720,1755975419000,7,917504,393216
23205721,1755975431000,3,393216,524288
23205722,1755975443000,6,786432,131072
23205723,1755975455000,3,393216,131072
23205724,1755975467000,0,0,0
23205725,1755975479000,4,524288,0
23205726,1755975491000,3,393216,0
23205727,1755975503000,0,0,0
23205728,1755975515000,6,786432,0
23205729,1755975527000,9,1179648,0
23205730,1755975539000,0,0,393216
23205731,1755975551000,9,1179648,0
23205732,1755975563000,0,0,393216
23205733,1755975575000,6,786432,0
23205734,1755975587000,3,393216,0
23205735,1755975599000,1,131072,0
23205736,1755975611000,6,786432,0
23205737,1755975623000,6,786432,0
23205738,1755975635000,0,0,0
23205739,1755975647000,3,393216,0
23205740,1755975659000,0,0,0
23205741,1755975671000,3,393216,0
23205742,1755975683000,3,393216,0
23205743,1755975695000,3,393216,0
23205744,1755975707000,2,262144,0
23205745,1755975719000,4,524288,0
23205746,1755975731000,6,786432,0
23205747,1755975743000,3,393216,0
23205748,1755975755000,0,0,0
23205749,1755975767000,0,0,0
23205750,1755975779000,7,917504,0
23205751,1755975791000,0,0,131072
23205752,1755975803000,3,393216,0
23205753,1755975815000,1,131072,0
23205754,1755975827000,9,1179648,0
23205755,1755975839000,1,131072,393216
23205756,1755975851000,3,393216,0
23205757,1755975863000,1,131072,0
23205758,1755975875000,6,786432,0
23205759,1755975887000,3,393216,0
23205760,1755975899000,8,1048576,0
23205761,1755975911000,0,0,262144
23205762,1755975923000,9,1179648,0
23205763,1755975935000,8,1048576,393216
23205764,1755975947000,4,524288,655360
23205765,1755975959000,1,131072,393216
23205766,1755975971000,6,786432,0
23205767,1755975983000,1,131072,0
23205768,1755975995000,3,393216,0
23205769,1755976007000,3,393216,0
23205770,1755976019000,0,0,0
23205771,1755976031000,3,393216,0
23205772,1755976043000,6,786432,0
23205773,1755976055000,6,786432,0
23205774,1755976067000,0,0,0
23205775,1755976079000,4,524288,0
23205776,1755976091000,3,393216,0
23205777,1755976103000,0,0,0
23205778,1755976115000,4,524288,0
23205779,1755976127000,9,1179648,0
23205780,1755976139000,3,393216,393216
23205781,1755976151000,0,0,0
23205782,1755976163000,3,393216,0
23205783,1755976175000,9,1179648,0
23205784,1755976187000,1,131072,393216
23205785,1755976199000,3,393216,0
23205786,1755976211000,5,655360,0
23205787,1755976223000,0,0,0
23205788,1755976235000,9,1179648,0
23205789,1755976247000,0,0,393216
23205790,1755976259000,6,786432,0
23205791,1755976271000,0,0,0
23205792,1755976283000,6,786432,0
23205793,1755976295000,3,393216,0
23205794,1755976307000,3,393216,0
23205795,1755976319000,6,786432,0
23205796,1755976331000,6,786432,0
23205797,1755976343000,3,393216,0
23205798,1755976355000,3,393216,0
23205799,1755976367000,7,917504,0
23205800,1755976379000,0,0,131072
23205801,1755976391000,9,1179648,0
23205802,1755976403000,0,0,393216
23205803,1755976415000,3,393216,0
23205804,1755976427000,4,524288,0
23205805,1755976439000,6,786432,0
23205806,1755976451000,4,524288,0
23205807,1755976463000,3,393216,0
23205808,1755976487000,4,524288,0
23205809,1755976499000,9,1179648,0
23205810,1755976511000,0,0,393216
23205811,1755976523000,4,524288,0
23205812,1755976535000,8,1048576,0
23205813,1755976547000,3,393216,262144
23205814,1755976559000,0,0,0
23205815,1755976571000,3,393216,0
23205816,1755976583000,5,655360,0
23205817,1755976595000,1,131072,0
23205818,1755976607000,3,393216,0
23205819,1755976619000,9,1179648,0
23205820,1755976631000,0,0,393216
23205821,1755976643000,3,393216,0
23205822,1755976655000,0,0,0
23205823,1755976667000,4,524288,0
23205824,1755976679000,1,131072,0
23205825,1755976691000,1,131072,0
23205826,1755976703000,4,524288,0
23205827,1755976715000,3,393216,0
23205828,1755976727000,3,393216,0
23205829,1755976739000,6,786432,0
23205830,1755976763000,9,1179648,0
23205831,1755976775000,0,0,393216
23205832,1755976787000,0,0,0
23205833,1755976799000,9,1179648,0
23205834,1755976811000,6,786432,393216
23205835,1755976823000,1,131072,393216
23205836,1755976835000,3,393216,0
23205837,1755976847000,6,786432,0
23205838,1755976859000,8,1048576,0
23205839,1755976871000,0,0,262144
23205840,1755976883000,3,393216,0
23205841,1755976895000,0,0,0
23205842,1755976907000,3,393216,0
23205843,1755976919000,0,0,0
23205844,1755976931000,3,393216,0
23205845,1755976955000,9,1179648,0
23205846,1755976967000,4,524288,393216
23205847,1755976991000,9,1179648,131072
23205848,1755977003000,0,0,524288
23205849,1755977015000,3,393216,0
23205850,1755977027000,4,524288,0
23205851,1755977039000,0,0,0
23205852,1755977051000,6,786432,0
23205853,1755977063000,3,393216,0
23205854,1755977075000,9,1179648,0
23205855,1755977087000,0,0,393216
23205856,1755977099000,0,0,0
23205857,1755977111000,3,393216,0
23205858,1755977123000,0,0,0
23205859,1755977135000,4,524288,0
23205860,1755977147000,3,393216,0
23205861,1755977159000,7,917504,0
23205862,1755977171000,8,1048576,131072
23205863,1755977183000,4,524288,393216
23205864,1755977195000,4,524288,131072
23205865,1755977207000,9,1179648,0
23205866,1755977219000,1,131072,393216
23205867,1755977231000,0,0,0
23205868,1755977243000,3,393216,0
23205869,1755977255000,4,524288,0
23205870,1755977267000,1,131072,0
23205871,1755977279000,3,393216,0
23205872,1755977291000,6,786432,0
23205873,1755977303000,3,393216,0
23205874,1755977315000,3,393216,0
23205875,1755977327000,1,131072,0
23205876,1755977339000,3,393216,0
23205877,1755977351000,6,786432,0
23205878,1755977363000,3,393216,0
23205879,1755977375000,6,786432,0
23205880,1755977387000,0,0,0
23205881,1755977399000,3,393216,0
23205882,1755977411000,9,1179648,0
23205883,1755977423000,6,786432,393216
23205884,1755977435000,0,0,393216
23205885,1755977447000,4,524288,0
23205886,1755977459000,0,0,0
23205887,1755977471000,0,0,0
23205888,1755977483000,3,393216,0
23205889,1755977495000,0,0,0
23205890,1755977507000,6,786432,0
23205891,1755977519000,3,393216,0
23205892,1755977531000,9,1179648,0
23205893,1755977543000,1,131072,393216
23205894,1755977555000,3,393216,0
23205895,1755977567000,0,0,0
23205896,1755977579000,9,1179648,0
23205897,1755977591000,3,393216,393216
23205898,1755977603000,3,393216,0
23205899,1755977615000,0,0,0
23205900,1755977627000,6,786432,0
23205901,1755977639000,7,917504,0
23205902,1755977651000,4,524288,131072
23205903,1755977663000,1,131072,0
23205904,1755977675000,3,393216,0
23205905,1755977687000,0,0,0
23205906,1755977699000,9,1179648,0
23205907,1755977711000,3,393216,393216
23205908,1755977723000,3,393216,0
23205909,1755977747000,6,786432,0
23205910,1755977759000,6,786432,0
23205911,1755977771000,0,0,0
23205912,1755977783000,3,393216,0
23205913,1755977795000,1,131072,0
23205914,1755977807000,3,393216,0
23205915,1755977819000,0,0,0
23205916,1755977831000,0,0,0
23205917,1755977843000,7,917504,0
23205918,1755977855000,8,1048576,131072
23205919,1755977867000,0,0,393216
23205920,1755977879000,6,786432,0
23205921,1755977891000,0,0,0
23205922,1755977903000,3,393216,0
23205923,1755977915000,3,393216,0
23205924,1755977927000,5,655360,0
23205925,1755977939000,0,0,0
23205926,1755977951000,4,524288,0
23205927,1755977963000,7,917504,0
23205928,1755977975000,4,524288,131072
23205929,1755977987000,3,393216,0
23205930,1755977999000,9,1179648,0
23205931,1755978011000,0,0,393216
23205932,1755978023000,4,524288,0
23205933,1755978035000,1,131072,0
23205934,1755978047000,3,393216,0
23205935,1755978059000,0,0,0
23205936,1755978071000,1,131072,0
23205937,1755978083000,4,524288,0
23205938,1755978095000,9,1179648,0
23205939,1755978107000,9,1179648,393216
23205940,1755978119000,6,786432,786432
23205941,1755978131000,3,393216,786432
23205942,1755978143000,0,0,393216
23205943,1755978155000,3,393216,0
23205944,1755978167000,1,131072,0
23205945,1755978179000,7,917504,0
23205946,1755978191000,0,0,131072
23205947,1755978203000,7,917504,0
23205948,1755978215000,0,0,131072
23205949,1755978227000,9,1179648,0
23205950,1755978239000,6,786432,393216
23205951,1755978251000,3,393216,393216
23205952,1755978263000,0,0,0
23205953,1755978275000,6,786432,0
23205954,1755978287000,3,393216,0
23205955,1755978299000,1,131072,0
23205956,1755978311000,3,393216,0
23205957,1755978323000,3,393216,0
23205958,1755978335000,0,0,0
23205959,1755978347000,6,786432,0
23205960,1755978359000,0,0,0
23205961,1755978371000,0,0,0
23205962,1755978383000,7,917504,0
23205963,1755978395000,9,1179648,131072
23205964,1755978407000,4,524288,524288
23205965,1755978419000,6,786432,262144
23205966,1755978431000,5,655360,262144
23205967,1755978443000,4,524288,131072
23205968,1755978455000,1,131072,0
23205969,1755978467000,9,1179648,0
23205970,1755978479000,0,0,393216
23205971,1755978491000,6,786432,0
23205972,1755978503000,1,131072,0
23205973,1755978515000,3,393216,0
23205974,1755978527000,0,0,0
23205975,1755978539000,3,393216,0
23205976,1755978551000,8,1048576,0
23205977,1755978563000,3,393216,262144
23205978,1755978575000,6,786432,0
23205979,1755978587000,3,393216,0
23205980,1755978599000,3,393216,0
23205981,1755978611000,1,131072,0
23205982,1755978623000,3,393216,0
23205983,1755978635000,0,0,0
23205984,1755978647000,6,786432,0
23205985,1755978659000,0,0,0
23205986,1755978671000,8,1048576,0
23205987,1755978683000,6,786432,262144
23205988,1755978695000,7,917504,262144
23205989,1755978707000,3,393216,393216
23205990,1755978719000,0,0,0
23205991,1755978731000,9,1179648,0
23205992,1755978743000,3,393216,393216
23205993,1755978755000,3,393216,0
23205994,1755978767000,0,0,0
23205995,1755978779000,3,393216,0
23205996,1755978791000,1,131072,0
23205997,1755978803000,3,393216,0
23205998,1755978815000,7,917504,0
23205999,1755978827000,3,393216,131072
23206000,1755978839000,3,393216,0
23206001,1755978851000,3,393216,0
23206002,1755978863000,0,0,0
23206003,1755978875000,0,0,0
23206004,1755978887000,3,393216,0
23206005,1755978899000,3,393216,0
23206006,1755978911000,7,917504,0
23206007,1755978923000,0,0,131072
23206008,1755978935000,6,786432,0
23206009,1755978947000,0,0,0
23206010,1755978959000,9,1179648,0
23206011,1755978971000,7,917504,393216
23206012,1755978983000,4,524288,524288
23206013,1755978995000,0,0,262144
23206014,1755979007000,0,0,0
23206015,1755979019000,4,524288,0
23206016,1755979031000,3,393216,0
23206017,1755979043000,3,393216,0
23206018,1755979055000,6,786432,0
23206019,1755979067000,3,393216,0
23206020,1755979079000,1,131072,0
23206021,1755979091000,3,393216,0
23206022,1755979103000,0,0,0
23206023,1755979115000,3,393216,0
23206024,1755979127000,3,393216,0
23206025,1755979139000,6,786432,0
23206026,1755979151000,4,524288,0
23206027,1755979163000,3,393216,0
23206028,1755979175000,9,1179648,0
23206029,1755979187000,1,131072,393216
23206030,1755979199000,6,786432,0
23206031,1755979211000,0,0,0
23206032,1755979223000,4,524288,0
23206033,1755979235000,1,131072,0
23206034,1755979247000,3,393216,0
23206035,1755979259000,0,0,0
23206036,1755979271000,6,786432,0
23206037,1755979283000,1,131072,0
23206038,1755979295000,8,1048576,0
23206039,1755979307000,7,917504,262144
23206040,1755979319000,9,1179648,393216
23206041,1755979331000,0,0,786432
23206042,1755979343000,6,786432,0
23206043,1755979355000,0,0,0
23206044,1755979367000,3,393216,0
23206045,1755979379000,0,0,0
23206046,1755979391000,4,524288,0
23206047,1755979403000,0,0,0
23206048,1755979415000,6,786432,0
23206049,1755979427000,3,393216,0
23206050,1755979439000,4,524288,0
23206051,1755979451000,0,0,0
23206052,1755979463000,3,393216,0
23206053,1755979475000,0,0,0
23206054,1755979487000,4,524288,0
23206055,1755979499000,0,0,0
23206056,1755979511000,3,393216,0
23206057,1755979523000,0,0,0
23206058,1755979535000,6,786432,0
23206059,1755979547000,6,786432,0
23206060,1755979559000,7,917504,0
23206061,1755979571000,4,524288,131072
23206062,1755979583000,0,0,0
23206063,1755979595000,1,131072,0
23206064,1755979607000,3,393216,0
23206065,1755979619000,0,0,0
23206066,1755979631000,5,655360,0
23206067,1755979643000,6,786432,0
23206068,1755979655000,6,786432,0
23206069,1755979667000,0,0,0
23206070,1755979679000,0,0,0
23206071,1755979691000,3,393216,0
23206072,1755979703000,0,0,0
23206073,1755979715000,3,393216,0
23206074,1755979727000,1,131072,0
23206075,1755979739000,4,524288,0
23206076,1755979751000,6,786432,0
23206077,1755979763000,4,524288,0
23206078,1755979775000,6,786432,0
23206079,1755979787000,9,1179648,0
23206080,1755979799000,0,0,393216
23206081,1755979811000,0,0,0
23206082,1755979823000,3,393216,0
23206083,1755979835000,2,262144,0
23206084,1755979847000,4,524288,0
23206085,1755979859000,1,131072,0
23206086,1755979871000,3,393216,0
23206087,1755979883000,9,1179648,0
23206088,1755979895000,1,131072,393216
23206089,1755979907000,9,1179648,0
23206090,1755979919000,1,131072,393216
23206091,1755979931000,4,524288,0
23206092,1755979943000,8,1048576,0
23206093,1755979955000,3,393216,262144
23206094,1755979967000,7,917504,0
23206095,1755979979000,6,786432,131072
23206096,1755979991000,5,655360,131072
23206097,1755980003000,9,1179648,0
23206098,1755980015000,0,0,393216
23206099,1755980027000,3,393216,0
23206100,1755980039000,1,131072,0
23206101,1755980051000,3,393216,0
23206102,1755980063000,6,786432,0
23206103,1755980075000,0,0,0
23206104,1755980087000,6,786432,0
23206105,1755980099000,1,131072,0
23206106,1755980111000,3,393216,0
23206107,1755980123000,9,1179648,0
23206108,1755980135000,0,0,393216
23206109,1755980147000,0,0,0
23206110,1755980159000,3,393216,0
23206111,1755980171000,0,0,0
23206112,1755980183000,3,393216,0
23206113,1755980195000,0,0,0
23206114,1755980207000,6,786432,0
23206115,1755980219000,0,0,0
23206116,1755980231000,4,524288,0
23206117,1755980243000,6,786432,0
23206118,1755980255000,3,393216,0
23206119,1755980267000,0,0,0
23206120,1755980279000,3,393216,0
23206121,1755980291000,3,393216,0
23206122,1755980303000,6,786432,0
23206123,1755980315000,3,393216,0
23206124,1755980327000,3,393216,0
23206125,1755980339000,6,786432,0
23206126,1755980351000,6,786432,0
23206127,1755980363000,9,1179648,0
23206128,1755980375000,6,786432,393216
23206129,1755980387000,9,1179648,393216
23206130,1755980399000,0,0,786432
23206131,1755980411000,6,786432,0
23206132,1755980423000,1,131072,0
23206133,1755980435000,3,393216,0
23206134,1755980447000,6,786432,0
23206135,1755980459000,2,262144,0
23206136,1755980471000,9,1179648,0
23206137,1755980483000,0,0,393216
23206138,1755980495000,8,1048576,0
23206139,1755980507000,6,786432,262144
23206140,1755980519000,6,786432,262144
23206141,1755980531000,3,393216,262144
23206142,1755980543000,3,393216,0
23206143,1755980555000,0,0,0
23206144,1755980567000,9,1179648,0
23206145,1755980579000,1,131072,393216
23206146,1755980591000,9,1179648,0
23206147,1755980603000,4,524288,393216
23206148,1755980615000,6,786432,131072
23206149,1755980627000,3,393216,131072
23206150,1755980639000,6,786432,0
23206151,1755980651000,0,0,0
23206152,1755980663000,4,524288,0
23206153,1755980675000,9,1179648,0
23206154,1755980687000,7,917504,393216
23206155,1755980699000,3,393216,524288
23206156,1755980711000,4,524288,131072
23206157,1755980723000,7,917504,0
23206158,1755980735000,3,393216,131072
23206159,1755980747000,0,0,0
23206160,1755980759000,4,524288,0
23206161,1755980771000,2,262144,0
23206162,1755980783000,4,524288,0
23206163,1755980795000,8,1048576,0
23206164,1755980807000,6,786432,262144
23206165,1755980819000,1,131072,262144
23206166,1755980831000,6,786432,0
23206167,1755980843000,0,0,0
23206168,1755980855000,9,1179648,0
23206169,1755980867000,0,0,393216
23206170,1755980879000,4,524288,0
23206171,1755980891000,0,0,0
23206172,1755980903000,7,917504,0
23206173,1755980915000,1,131072,131072
23206174,1755980927000,3,393216,0
23206175,1755980939000,6,786432,0
23206176,1755980951000,3,393216,0
23206177,1755980963000,0,0,0
23206178,1755980975000,8,1048576,0
23206179,1755980987000,0,0,262144
23206180,1755980999000,3,393216,0
23206181,1755981011000,0,0,0
23206182,1755981023000,3,393216,0
23206183,1755981035000,6,786432,0
23206184,1755981047000,0,0,0
23206185,1755981059000,9,1179648,0
23206186,1755981071000,1,131072,393216
23206187,1755981083000,3,393216,0
23206188,1755981095000,0,0,0
23206189,1755981107000,5,655360,0
23206190,1755981119000,0,0,0
23206191,1755981131000,6,786432,0
23206192,1755981143000,3,393216,0
23206193,1755981155000,0,0,0
23206194,1755981167000,9,1179648,0
23206195,1755981179000,0,0,393216
23206196,1755981191000,3,393216,0
23206197,1755981203000,6,786432,0
23206198,1755981215000,3,393216,0
23206199,1755981227000,0,0,0
23206200,1755981239000,3,393216,0
23206201,1755981251000,0,0,0
23206202,1755981263000,6,786432,0
23206203,1755981275000,6,786432,0
23206204,1755981287000,3,393216,0
23206205,1755981299000,8,1048576,0
23206206,1755981311000,3,393216,262144
23206207,1755981323000,2,262144,0
23206208,1755981335000,0,0,0
23206209,1755981347000,3,393216,0
23206210,1755981359000,0,0,0
23206211,1755981371000,6,786432,0
23206212,1755981383000,0,0,0
23206213,1755981395000,7,917504,0
23206214,1755981407000,6,786432,131072
23206215,1755981419000,8,1048576,131072
23206216,1755981431000,0,0,393216
23206217,1755981443000,0,0,0
23206218,1755981455000,3,393216,0
23206219,1755981467000,9,1179648,0
23206220,1755981479000,8,1048576,393216
23206221,1755981491000,4,524288,655360
23206222,1755981503000,3,393216,393216
23206223,1755981515000,3,393216,0
23206224,1755981527000,4,524288,0
23206225,1755981539000,6,786432,0
23206226,1755981551000,4,524288,0
23206227,1755981563000,0,0,0
23206228,1755981575000,3,393216,0
23206229,1755981587000,1,131072,0
23206230,1755981599000,3,393216,0
23206231,1755981611000,3,393216,0
23206232,1755981623000,3,393216,0
23206233,1755981635000,9,1179648,0
23206234,1755981647000,6,786432,393216
23206235,1755981659000,0,0,393216
23206236,1755981671000,9,1179648,0
23206237,1755981683000,5,655360,393216
23206238,1755981695000,0,0,262144
23206239,1755981707000,3,393216,0
23206240,1755981719000,1,131072,0
23206241,1755981731000,6,786432,0
23206242,1755981743000,0,0,0
23206243,1755981755000,3,393216,0
23206244,1755981767000,6,786432,0
23206245,1755981779000,4,524288,0
23206246,1755981791000,0,0,0
23206247,1755981803000,3,393216,0
23206248,1755981815000,0,0,0
23206249,1755981827000,3,393216,0
23206250,1755981839000,0,0,0
23206251,1755981851000,3,393216,0
23206252,1755981863000,0,0,0
23206253,1755981875000,6,786432,0
23206254,1755981887000,7,917504,0
23206255,1755981899000,3,393216,131072
23206256,1755981923000,6,786432,0
23206257,1755981935000,0,0,0
23206258,1755981947000,4,524288,0
23206259,1755981959000,0,0,0
23206260,1755981971000,7,917504,0
23206261,1755981983000,0,0,131072
23206262,1755981995000,3,393216,0
23206263,1755982007000,1,131072,0
23206264,1755982019000,9,1179648,0
23206265,1755982031000,5,655360,393216
23206266,1755982043000,3,393216,262144
23206267,1755982055000,0,0,0
23206268,1755982067000,0,0,0
23206269,1755982079000,9,1179648,0
23206270,1755982091000,0,0,393216
23206271,1755982103000,3,393216,0
23206272,1755982115000,0,0,0
23206273,1755982127000,9,1179648,0
23206274,1755982139000,1,131072,393216
23206275,1755982151000,4,524288,0
23206276,1755982163000,3,393216,0
23206277,1755982175000,3,393216,0
23206278,1755982187000,0,0,0
23206279,1755982199000,4,524288,0
23206280,1755982211000,5,655360,0
23206281,1755982223000,3,393216,0
23206282,1755982235000,0,0,0
23206283,1755982247000,4,524288,0
23206284,1755982259000,9,1179648,0
23206285,1755982271000,1,131072,393216
23206286,1755982283000,0,0,0
23206287,1755982295000,3,393216,0
23206288,1755982307000,0,0,0
23206289,1755982319000,3,393216,0
23206290,1755982331000,6,786432,0
23206291,1755982343000,3,393216,0
23206292,1755982355000,0,0,0
23206293,1755982367000,0,0,0
23206294,1755982379000,7,917504,0
23206295,1755982391000,6,786432,131072
23206296,1755982403000,2,262144,131072
23206297,1755982415000,9,1179648,0
23206298,1755982427000,1,131072,393216
23206299,1755982439000,3,393216,0
23206300,1755982451000,0,0,0
23206301,1755982463000,4,524288,0
23206302,1755982475000,0,0,0
23206303,1755982487000,0,0,0
23206304,1755982499000,0,0,0
23206305,1755982511000,8,1048576,0
23206306,1755982523000,0,0,262144
23206307,1755982535000,9,1179648,0
23206308,1755982547000,6,786432,393216
23206309,1755982559000,6,786432,393216
23206310,1755982571000,7,917504,393216
23206311,1755982583000,0,0,524288
23206312,1755982595000,1,131072,0
23206313,1755982607000,3,393216,0
23206314,1755982619000,6,786432,0
23206315,1755982631000,3,393216,0
23206316,1755982643000,1,131072,0
23206317,1755982655000,3,393216,0
23206318,1755982667000,0,0,0
23206319,1755982679000,3,393216,0
23206320,1755982691000,0,0,0
23206321,1755982703000,3,393216,0
23206322,1755982715000,6,786432,0
23206323,1755982727000,4,524288,0
23206324,1755982739000,7,917504,0
23206325,1755982751000,0,0,131072
23206326,1755982763000,3,393216,0
23206327,1755982775000,1,131072,0
23206328,1755982787000,0,0,0
23206329,1755982799000,3,393216,0
23206330,1755982811000,0,0,0
23206331,1755982823000,3,393216,0
23206332,1755982835000,1,131072,0
23206333,1755982847000,6,786432,0
23206334,1755982859000,6,786432,0
23206335,1755982871000,3,393216,0
23206336,1755982883000,0,0,0
23206337,1755982895000,4,524288,0
23206338,1755982907000,6,786432,0
23206339,1755982919000,3,393216,0
23206340,1755982931000,0,0,0
23206341,1755982943000,3,393216,0
23206342,1755982955000,0,0,0
23206343,1755982967000,7,917504,0
23206344,1755982979000,9,1179648,131072
23206345,1755982991000,3,393216,524288
23206346,1755983003000,6,786432,131072
23206347,1755983015000,5,655360,131072
23206348,1755983027000,4,524288,0
23206349,1755983039000,0,0,0
23206350,1755983051000,0,0,0
23206351,1755983063000,6,786432,0
23206352,1755983075000,0,0,0
23206353,1755983087000,3,393216,0
23206354,1755983099000,7,917504,0
23206355,1755983111000,3,393216,131072
23206356,1755983123000,0,0,0
23206357,1755983135000,0,0,0
23206358,1755983147000,6,786432,0
23206359,1755983159000,7,917504,0
23206360,1755983171000,0,0,131072
23206361,1755983183000,9,1179648,0
23206362,1755983195000,0,0,393216
23206363,1755983207000,1,131072,0
23206364,1755983219000,4,524288,0
23206365,1755983231000,7,917504,0
23206366,1755983243000,9,1179648,131072
23206367,1755983255000,0,0,524288
23206368,1755983267000,3,393216,0
23206369,1755983279000,0,0,0
23206370,1755983291000,3,393216,0
23206371,1755983303000,3,393216,0
23206372,1755983315000,3,393216,0
23206373,1755983327000,0,0,0
23206374,1755983339000,3,393216,0
23206375,1755983351000,6,786432,0
23206376,1755983363000,0,0,0
23206377,1755983375000,3,393216,0
23206378,1755983387000,0,0,0
23206379,1755983399000,5,655360,0
23206380,1755983411000,1,131072,0
23206381,1755983423000,6,786432,0
23206382,1755983435000,7,917504,0
23206383,1755983447000,3,393216,131072
23206384,1755983459000,7,917504,0
23206385,1755983471000,0,0,131072
23206386,1755983483000,4,524288,0
23206387,1755983495000,0,0,0
23206388,1755983507000,3,393216,0
23206389,1755983519000,1,131072,0
23206390,1755983531000,7,917504,0
23206391,1755983543000,3,393216,131072
23206392,1755983555000,0,0,0
23206393,1755983567000,3,393216,0
23206394,1755983579000,0,0,0
23206395,1755983591000,6,786432,0
23206396,1755983603000,6,786432,0
23206397,1755983615000,0,0,0
23206398,1755983627000,3,393216,0
23206399,1755983639000,0,0,0
23206400,1755983651000,3,393216,0
23206401,1755983663000,1,131072,0
23206402,1755983675000,4,524288,0
23206403,1755983687000,3,393216,0
23206404,1755983699000,5,655360,0
23206405,1755983711000,9,1179648,0
23206406,1755983723000,0,0,393216
23206407,1755983735000,3,393216,0
23206408,1755983747000,0,0,0
23206409,1755983759000,0,0,0
23206410,1755983771000,3,393216,0
23206411,1755983783000,0,0,0
23206412,1755983795000,0,0,0
23206413,1755983807000,6,786432,0
23206414,1755983819000,6,786432,0
23206415,1755983831000,4,524288,0
23206416,1755983843000,0,0,0
23206417,1755983855000,0,0,0
23206418,1755983867000,9,1179648,0
23206419,1755983879000,3,393216,393216
23206420,1755983891000,0,0,0
23206421,1755983903000,4,524288,0
23206422,1755983915000,6,786432,0
23206423,1755983927000,9,1179648,0
23206424,1755983939000,3,393216,393216
23206425,1755983951000,4,524288,0
23206426,1755983963000,0,0,0
23206427,1755983975000,3,393216,0
23206428,1755983987000,1,131072,0
23206429,1755983999000,3,393216,0
23206430,1755984011000,0,0,0
23206431,1755984023000,3,393216,0
23206432,1755984035000,0,0,0
23206433,1755984047000,6,786432,0
23206434,1755984059000,6,786432,0
23206435,1755984071000,0,0,0
23206436,1755984083000,4,524288,0
23206437,1755984095000,2,262144,0
23206438,1755984107000,3,393216,0
23206439,1755984119000,0,0,0
23206440,1755984131000,5,655360,0
23206441,1755984143000,2,262144,0
23206442,1755984155000,0,0,0
23206443,1755984167000,9,1179648,0
23206444,1755984179000,0,0,393216
23206445,1755984191000,7,917504,0
23206446,1755984203000,8,1048576,131072
23206447,1755984215000,3,393216,393216
23206448,1755984227000,0,0,0
23206449,1755984239000,0,0,0
23206450,1755984251000,4,524288,0
23206451,1755984263000,7,917504,0
23206452,1755984275000,0,0,131072
23206453,1755984287000,3,393216,0
23206454,1755984299000,6,786432,0
23206455,1755984311000,6,786432,0
23206456,1755984323000,6,786432,0
23206457,1755984335000,0,0,0
23206458,1755984347000,3,393216,0
23206459,1755984359000,0,0,0
23206460,1755984371000,1,131072,0
23206461,1755984383000,9,1179648,0
23206462,1755984395000,0,0,393216
23206463,1755984407000,3,393216,0
23206464,1755984419000,0,0,0
23206465,1755984431000,6,786432,0
23206466,1755984443000,8,1048576,0
23206467,1755984455000,0,0,262144
23206468,1755984467000,3,393216,0
23206469,1755984479000,0,0,0
23206470,1755984491000,3,393216,0
23206471,1755984503000,7,917504,0
23206472,1755984515000,0,0,131072
23206473,1755984527000,3,393216,0
23206474,1755984539000,0,0,0
23206475,1755984551000,7,917504,0
23206476,1755984563000,3,393216,131072
23206477,1755984575000,0,0,0
23206478,1755984587000,3,393216,0
23206479,1755984599000,0,0,0
23206480,1755984611000,0,0,0
23206481,1755984623000,7,917504,0
23206482,1755984635000,4,524288,131072
23206483,1755984647000,1,131072,0
23206484,1755984659000,1,131072,0
23206485,1755984671000,9,1179648,0
23206486,1755984683000,0,0,393216
23206487,1755984695000,3,393216,0
23206488,1755984707000,0,0,0
23206489,1755984719000,9,1179648,0
23206490,1755984731000,0,0,393216
23206491,1755984743000,3,393216,0
23206492,1755984755000,1,131072,0
23206493,1755984767000,6,786432,0
23206494,1755984791000,9,1179648,0
23206495,1755984803000,0,0,393216
23206496,1755984815000,6,786432,0
23206497,1755984827000,1,131072,0
23206498,1755984839000,3,393216,0
23206499,1755984851000,0,0,0
23206500,1755984863000,6,786432,0
23206501,1755984875000,1,131072,0
23206502,1755984887000,3,393216,0
23206503,1755984899000,3,393216,0
23206504,1755984911000,0,0,0
23206505,1755984923000,9,1179648,0
23206506,1755984935000,0,0,393216
23206507,1755984947000,0,0,0
23206508,1755984959000,5,655360,0
23206509,1755984971000,3,393216,0
23206510,1755984983000,3,393216,0
23206511,1755984995000,0,0,0
23206512,1755985007000,4,524288,0
23206513,1755985019000,0,0,0
23206514,1755985031000,6,786432,0
23206515,1755985043000,9,1179648,0
23206516,1755985055000,3,393216,393216
23206517,1755985067000,3,393216,0
23206518,1755985079000,0,0,0
23206519,1755985091000,1,131072,0
23206520,1755985103000,4,524288,0
23206521,1755985115000,0,0,0
23206522,1755985127000,3,393216,0
23206523,1755985139000,6,786432,0
23206524,1755985151000,6,786432,0
23206525,1755985163000,6,786432,0
23206526,1755985175000,3,393216,0
23206527,1755985187000,0,0,0
23206528,1755985199000,7,917504,0
23206529,1755985211000,0,0,131072
23206530,1755985223000,9,1179648,0
23206531,1755985235000,9,1179648,393216
23206532,1755985247000,4,524288,786432
23206533,1755985259000,0,0,524288
23206534,1755985271000,9,1179648,0
23206535,1755985283000,7,917504,393216
23206536,1755985295000,4,524288,524288
23206537,1755985307000,5,655360,262144
23206538,1755985319000,0,0,131072
23206539,1755985331000,4,524288,0
23206540,1755985343000,7,917504,0
23206541,1755985355000,0,0,131072
23206542,1755985367000,3,393216,0
23206543,1755985379000,4,524288,0
23206544,1755985391000,1,131072,0
23206545,1755985403000,4,524288,0
23206546,1755985415000,6,786432,0
23206547,1755985427000,4,524288,0
23206548,1755985439000,6,786432,0
23206549,1755985451000,3,393216,0
23206550,1755985463000,3,393216,0
23206551,1755985475000,0,0,0
23206552,1755985487000,3,393216,0
23206553,1755985499000,3,393216,0
23206554,1755985511000,7,917504,0
23206555,1755985523000,9,1179648,131072
23206556,1755985535000,3,393216,524288
23206557,1755985547000,0,0,131072
23206558,1755985559000,3,393216,0
23206559,1755985571000,0,0,0
23206560,1755985583000,4,524288,0
23206561,1755985595000,4,524288,0
23206562,1755985607000,0,0,0
23206563,1755985619000,0,0,0
23206564,1755985631000,6,786432,0
23206565,1755985643000,6,786432,0
23206566,1755985655000,7,917504,0
23206567,1755985667000,9,1179648,131072
23206568,1755985679000,3,393216,524288
23206569,1755985691000,0,0,131072
23206570,1755985703000,3,393216,0
23206571,1755985715000,4,524288,0
23206572,1755985727000,0,0,0
23206573,1755985739000,3,393216,0
23206574,1755985751000,9,1179648,0
23206575,1755985763000,0,0,393216
23206576,1755985775000,6,786432,0
23206577,1755985787000,3,393216,0
23206578,1755985811000,3,393216,0
23206579,1755985823000,3,393216,0
23206580,1755985835000,4,524288,0
23206581,1755985847000,0,0,0
23206582,1755985859000,9,1179648,0
23206583,1755985871000,3,393216,393216
23206584,1755985883000,3,393216,0
23206585,1755985895000,1,131072,0
23206586,1755985907000,3,393216,0
23206587,1755985919000,0,0,0
23206588,1755985931000,3,393216,0
23206589,1755985943000,7,917504,0
23206590,1755985955000,3,393216,131072
23206591,1755985967000,6,786432,0
23206592,1755985979000,8,1048576,0
23206593,1755985991000,0,0,262144
23206594,1755986003000,4,524288,0
23206595,1755986015000,3,393216,0
23206596,1755986027000,4,524288,0
23206597,1755986039000,1,131072,0
23206598,1755986051000,0,0,0
23206599,1755986063000,9,1179648,0
23206600,1755986075000,7,917504,393216
23206601,1755986087000,6,786432,524288
23206602,1755986099000,3,393216,524288
23206603,1755986111000,0,0,131072
23206604,1755986123000,3,393216,0
23206605,1755986135000,0,0,0
23206606,1755986147000,3,393216,0
23206607,1755986159000,0,0,0
23206608,1755986171000,4,524288,0
23206609,1755986183000,4,524288,0
23206610,1755986195000,0,0,0
23206611,1755986207000,9,1179648,0
23206612,1755986219000,0,0,393216
23206613,1755986231000,6,786432,0
23206614,1755986243000,0,0,0
23206615,1755986255000,6,786432,0
23206616,1755986267000,0,0,0
23206617,1755986279000,0,0,0
23206618,1755986291000,3,393216,0
23206619,1755986303000,0,0,0
23206620,1755986315000,4,524288,0
23206621,1755986327000,6,786432,0
23206622,1755986339000,6,786432,0
23206623,1755986351000,0,0,0
23206624,1755986363000,0,0,0
23206625,1755986375000,5,655360,0
23206626,1755986387000,0,0,0
23206627,1755986399000,3,393216,0
23206628,1755986411000,6,786432,0
23206629,1755986423000,6,786432,0
23206630,1755986435000,6,786432,0
23206631,1755986447000,3,393216,0
23206632,1755986459000,0,0,0
23206633,1755986471000,4,524288,0
23206634,1755986483000,6,786432,0
23206635,1755986495000,0,0,0
23206636,1755986507000,6,786432,0
23206637,1755986519000,6,786432,0
23206638,1755986531000,3,393216,0
23206639,1755986543000,7,917504,0
23206640,1755986555000,4,524288,131072
23206641,1755986567000,0,0,0
23206642,1755986579000,0,0,0
23206643,1755986591000,6,786432,0
23206644,1755986603000,0,0,0
23206645,1755986615000,8,1048576,0
23206646,1755986627000,6,786432,262144
23206647,1755986639000,9,1179648,262144
23206648,1755986651000,3,393216,655360
23206649,1755986663000,3,393216,262144
23206650,1755986675000,3,393216,0
23206651,1755986687000,1,131072,0
23206652,1755986699000,8,1048576,0
23206653,1755986711000,0,0,262144
23206654,1755986723000,5,655360,0
23206655,1755986735000,6,786432,0
23206656,1755986747000,9,1179648,0
23206657,1755986759000,6,786432,393216
23206658,1755986771000,0,0,393216
23206659,1755986783000,8,1048576,0
23206660,1755986795000,1,131072,262144
23206661,1755986807000,6,786432,0
23206662,1755986819000,3,393216,0
23206663,1755986831000,1,131072,0
23206664,1755986843000,3,393216,0
23206665,1755986855000,9,1179648,0
23206666,1755986867000,4,524288,393216
23206667,1755986879000,3,393216,131072
23206668,1755986891000,4,524288,0
23206669,1755986903000,3,393216,0
23206670,1755986915000,3,393216,0
23206671,1755986927000,5,655360,0
23206672,1755986939000,9,1179648,0
23206673,1755986951000,0,0,393216
23206674,1755986963000,3,393216,0
23206675,1755986975000,6,786432,0
23206676,1755986987000,3,393216,0
23206677,1755986999000,7,917504,0
23206678,1755987011000,3,393216,131072
23206679,1755987023000,3,393216,0
23206680,1755987035000,4,524288,0
23206681,1755987047000,0,0,0
23206682,1755987059000,3,393216,0
23206683,1755987071000,9,1179648,0
23206684,1755987083000,7,917504,393216
23206685,1755987095000,3,393216,524288
23206686,1755987107000,3,393216,131072
23206687,1755987119000,4,524288,0
23206688,1755987131000,0,0,0
23206689,1755987143000,6,786432,0
23206690,1755987155000,6,786432,0
23206691,1755987167000,3,393216,0
23206692,1755987179000,6,786432,0
23206693,1755987191000,0,0,0
23206694,1755987203000,6,786432,0
23206695,1755987215000,7,917504,0
23206696,1755987227000,9,1179648,131072
23206697,1755987239000,7,917504,524288
23206698,1755987251000,8,1048576,655360
23206699,1755987263000,5,655360,917504
23206700,1755987275000,4,524288,786432
23206701,1755987287000,9,1179648,524288
23206702,1755987299000,0,0,917504
23206703,1755987311000,9,1179648,131072
23206704,1755987323000,0,0,524288
23206705,1755987335000,6,786432,0
23206706,1755987347000,4,524288,0
23206707,1755987359000,3,393216,0
23206708,1755987371000,0,0,0
23206709,1755987383000,6,786432,0
23206710,1755987395000,6,786432,0
23206711,1755987407000,6,786432,0
23206712,1755987419000,3,393216,0
23206713,1755987431000,3,393216,0
23206714,1755987443000,3,393216,0
23206715,1755987455000,6,786432,0
23206716,1755987467000,3,393216,0
23206717,1755987479000,3,393216,0
23206718,1755987491000,9,1179648,0
23206719,1755987503000,4,524288,393216
23206720,1755987515000,4,524288,131072
23206721,1755987527000,3,393216,0
23206722,1755987539000,3,393216,0
23206723,1755987551000,0,0,0
23206724,1755987563000,3,393216,0
23206725,1755987575000,3,393216,0
23206726,1755987587000,3,393216,0
23206727,1755987599000,6,786432,0
23206728,1755987611000,0,0,0
23206729,1755987623000,8,1048576,0
23206730,1755987635000,9,1179648,262144
23206731,1755987647000,3,393216,655360
23206732,1755987659000,3,393216,262144
23206733,1755987671000,6,786432,0
23206734,1755987683000,6,786432,0
23206735,1755987695000,3,393216,0
23206736,1755987707000,0,0,0
23206737,1755987719000,9,1179648,0
23206738,1755987731000,9,1179648,393216
23206739,1755987743000,3,393216,786432
23206740,1755987755000,1,131072,393216
23206741,1755987767000,6,786432,0
23206742,1755987779000,3,393216,0
23206743,1755987791000,6,786432,0
23206744,1755987803000,3,393216,0
23206745,1755987815000,3,393216,0
23206746,1755987827000,9,1179648,0
23206747,1755987839000,0,0,393216
23206748,1755987851000,3,393216,0
23206749,1755987863000,3,393216,0
23206750,1755987875000,1,131072,0
23206751,1755987887000,6,786432,0
23206752,1755987899000,9,1179648,0
23206753,1755987911000,6,786432,393216
23206754,1755987923000,3,393216,393216
23206755,1755987935000,3,393216,0
23206756,1755987947000,0,0,0
23206757,1755987959000,3,393216,0
23206758,1755987971000,6,786432,0
23206759,1755987983000,4,524288,0
23206760,1755987995000,1,131072,0
23206761,1755988007000,4,524288,0
23206762,1755988019000,7,917504,0
23206763,1755988031000,3,393216,131072
23206764,1755988043000,4,524288,0
23206765,1755988055000,0,0,0
23206766,1755988067000,3,393216,0
23206767,1755988079000,3,393216,0
23206768,1755988091000,1,131072,0
23206769,1755988103000,7,917504,0
23206770,1755988115000,9,1179648,131072
23206771,1755988127000,3,393216,524288
23206772,1755988139000,1,131072,131072
23206773,1755988151000,0,0,0
23206774,1755988163000,6,786432,0
23206775,1755988175000,9,1179648,0
23206776,1755988187000,3,393216,393216
23206777,1755988199000,0,0,0
23206778,1755988211000,8,1048576,0
23206779,1755988223000,9,1179648,262144
23206780,1755988235000,7,917504,655360
23206781,1755988247000,3,393216,786432
23206782,1755988259000,4,524288,393216
23206783,1755988271000,0,0,131072
23206784,1755988283000,4,524288,0
23206785,1755988295000,3,393216,0
23206786,1755988307000,6,786432,0
23206787,1755988319000,9,1179648,0
23206788,1755988331000,9,1179648,393216
23206789,1755988343000,3,393216,786432
23206790,1755988355000,0,0,393216
23206791,1755988367000,4,524288,0
23206792,1755988379000,4,524288,0
23206793,1755988391000,1,131072,0
23206794,1755988403000,3,393216,0
23206795,1755988415000,6,786432,0
23206796,1755988427000,6,786432,0
23206797,1755988439000,0,0,0
23206798,1755988451000,0,0,0
23206799,1755988463000,7,917504,0
23206800,1755988475000,4,524288,131072
23206801,1755988487000,9,1179648,0
23206802,1755988499000,6,786432,393216
23206803,1755988511000,0,0,393216
23206804,1755988523000,9,1179648,0
23206805,1755988535000,3,393216,393216
23206806,1755988547000,3,393216,0
23206807,1755988559000,0,0,0
23206808,1755988571000,3,393216,0
23206809,1755988583000,3,393216,0
23206810,1755988595000,6,786432,0
23206811,1755988607000,9,1179648,0
23206812,1755988619000,0,0,393216
23206813,1755988631000,9,1179648,0
23206814,1755988643000,3,393216,393216
23206815,1755988655000,0,0,0
23206816,1755988667000,4,524288,0
23206817,1755988679000,0,0,0
23206818,1755988691000,9,1179648,0
23206819,1755988703000,1,131072,393216
23206820,1755988715000,4,524288,0
23206821,1755988727000,3,393216,0
23206822,1755988739000,9,1179648,0
23206823,1755988751000,0,0,393216
23206824,1755988763000,6,786432,0
23206825,1755988775000,6,786432,0
23206826,1755988799000,6,786432,0
23206827,1755988811000,9,1179648,0
23206828,1755988823000,3,393216,393216
23206829,1755988835000,0,0,0
23206830,1755988847000,3,393216,0
23206831,1755988859000,6,786432,0
23206832,1755988871000,4,524288,0
23206833,1755988883000,9,1179648,0
23206834,1755988895000,5,655360,393216
23206835,1755988907000,9,1179648,262144
23206836,1755988919000,3,393216,655360
23206837,1755988931000,3,393216,262144
23206838,1755988955000,9,1179648,0
23206839,1755988967000,7,917504,393216
23206840,1755988979000,9,1179648,524288
23206841,1755988991000,3,393216,917504
23206842,1755989003000,3,393216,524288
23206843,1755989015000,9,1179648,131072
23206844,1755989027000,3,393216,524288
23206845,1755989039000,9,1179648,131072
23206846,1755989051000,3,393216,524288
23206847,1755989063000,3,393216,131072
23206848,1755989075000,8,1048576,0
23206849,1755989087000,3,393216,262144
23206850,1755989099000,3,393216,0
23206851,1755989111000,0,0,0
23206852,1755989123000,0,0,0
23206853,1755989135000,9,1179648,0
23206854,1755989147000,0,0,393216
23206855,1755989159000,9,1179648,0
23206856,1755989171000,5,655360,393216
23206857,1755989183000,3,393216,262144
23206858,1755989195000,0,0,0
23206859,1755989207000,6,786432,0
23206860,1755989219000,0,0,0
23206861,1755989231000,4,524288,0
23206862,1755989243000,6,786432,0
23206863,1755989255000,6,786432,0
23206864,1755989267000,6,786432,0
23206865,1755989279000,9,1179648,0
23206866,1755989291000,0,0,393216
23206867,1755989303000,7,917504,0
23206868,1755989315000,8,1048576,131072
23206869,1755989327000,4,524288,393216
23206870,1755989339000,9,1179648,131072
23206871,1755989351000,0,0,524288
23206872,1755989363000,3,393216,0
23206873,1755989375000,3,393216,0
23206874,1755989387000,6,786432,0
23206875,1755989399000,3,393216,0
23206876,1755989411000,0,0,0
23206877,1755989423000,0,0,0
23206878,1755989435000,0,0,0
23206879,1755989447000,9,1179648,0
23206880,1755989459000,0,0,393216
23206881,1755989471000,5,655360,0
23206882,1755989483000,6,786432,0
23206883,1755989495000,9,1179648,0
23206884,1755989507000,9,1179648,393216
23206885,1755989519000,9,1179648,786432
23206886,1755989531000,0,0,1179648
23206887,1755989543000,3,393216,393216
23206888,1755989555000,5,655360,0
23206889,1755989567000,0,0,0
23206890,1755989579000,9,1179648,0
23206891,1755989591000,9,1179648,393216
23206892,1755989603000,3,393216,786432
23206893,1755989615000,6,786432,393216
23206894,1755989627000,6,786432,393216
23206895,1755989639000,0,0,393216
23206896,1755989651000,7,917504,0
23206897,1755989663000,9,1179648,131072
23206898,1755989675000,1,131072,524288
23206899,1755989687000,3,393216,0
23206900,1755989699000,7,917504,0
23206901,1755989711000,6,786432,131072
23206902,1755989723000,5,655360,131072
23206903,1755989735000,4,524288,0
23206904,1755989747000,0,0,0
23206905,1755989759000,3,393216,0
23206906,1755989771000,0,0,0
23206907,1755989783000,0,0,0
23206908,1755989795000,7,917504,0
23206909,1755989819000,9,1179648,131072
23206910,1755989831000,6,786432,524288
23206911,1755989843000,4,524288,524288
23206912,1755989855000,3,393216,262144
23206913,1755989867000,6,786432,0
23206914,1755989879000,7,917504,0
23206915,1755989891000,6,786432,131072
23206916,1755989903000,6,786432,131072
23206917,1755989915000,0,0,131072
23206918,1755989927000,0,0,0
23206919,1755989939000,8,1048576,0
23206920,1755989951000,0,0,262144
23206921,1755989963000,9,1179648,0
23206922,1755989975000,8,1048576,393216
23206923,1755989987000,9,1179648,655360
23206924,1755989999000,3,393216,1048576
23206925,1755990011000,0,0,655360
23206926,1755990023000,7,917504,0
23206927,1755990035000,7,917504,131072
23206928,1755990047000,7,917504,262144
23206929,1755990059000,6,786432,393216
23206930,1755990071000,3,393216,393216
23206931,1755990083000,3,393216,0
23206932,1755990095000,0,0,0
23206933,1755990107000,9,1179648,0
23206934,1755990119000,3,393216,393216
23206935,1755990131000,3,393216,0
23206936,1755990143000,9,1179648,0
23206937,1755990155000,0,0,393216
23206938,1755990167000,5,655360,0
23206939,1755990179000,3,393216,0
23206940,1755990191000,1,131072,0
23206941,1755990203000,3,393216,0
23206942,1755990215000,9,1179648,0
23206943,1755990227000,9,1179648,393216
23206944,1755990239000,6,786432,786432
23206945,1755990251000,3,393216,786432
23206946,1755990263000,0,0,393216
23206947,1755990275000,0,0,0
23206948,1755990287000,6,786432,0
23206949,1755990299000,9,1179648,0
23206950,1755990311000,8,1048576,393216
23206951,1755990323000,6,786432,655360
23206952,1755990335000,8,1048576,655360
23206953,1755990347000,6,786432,917504
23206954,1755990359000,3,393216,917504
23206955,1755990371000,0,0,524288
23206956,1755990383000,3,393216,0
23206957,1755990395000,0,0,0
23206958,1755990407000,8,1048576,0
23206959,1755990419000,6,786432,262144
23206960,1755990431000,7,917504,262144
23206961,1755990443000,3,393216,393216
23206962,1755990455000,9,1179648,0
23206963,1755990467000,0,0,393216
23206964,1755990479000,3,393216,0
23206965,1755990491000,3,393216,0
23206966,1755990503000,6,786432,0
23206967,1755990515000,0,0,0
23206968,1755990527000,3,393216,0
23206969,1755990539000,3,393216,0
23206970,1755990551000,6,786432,0
23206971,1755990563000,6,786432,0
23206972,1755990575000,6,786432,0
23206973,1755990587000,4,524288,0
23206974,1755990599000,8,1048576,0
23206975,1755990611000,6,786432,262144
23206976,1755990623000,0,0,262144
23206977,1755990635000,9,1179648,0
23206978,1755990647000,3,393216,393216
23206979,1755990659000,3,393216,0
23206980,1755990671000,1,131072,0
23206981,1755990683000,9,1179648,0
23206982,1755990695000,2,262144,393216
23206983,1755990707000,4,524288,0
23206984,1755990719000,0,0,0
23206985,1755990731000,0,0,0
23206986,1755990743000,0,0,0
23206987,1755990755000,9,1179648,0
23206988,1755990767000,4,524288,393216
23206989,1755990779000,6,786432,131072
23206990,1755990791000,3,393216,131072
23206991,1755990803000,6,786432,0
23206992,1755990815000,0,0,0
23206993,1755990827000,4,524288,0
23206994,1755990839000,7,917504,0
23206995,1755990851000,4,524288,131072
23206996,1755990863000,7,917504,0
23206997,1755990875000,0,0,131072
23206998,1755990887000,3,393216,0
23206999,1755990899000,6,786432,0
23207000,1755990911000,1,131072,0
23207001,1755990923000,6,786432,0
23207002,1755990935000,0,0,0
23207003,1755990947000,9,1179648,0
23207004,1755990959000,6,786432,393216
23207005,1755990971000,2,262144,393216
23207006,1755990983000,4,524288,0
23207007,1755990995000,0,0,0
23207008,1755991007000,6,786432,0
23207009,1755991019000,0,0,0
23207010,1755991031000,0,0,0
23207011,1755991043000,6,786432,0
23207012,1755991055000,6,786432,0
23207013,1755991067000,9,1179648,0
23207014,1755991079000,2,262144,393216
23207015,1755991091000,5,655360,0
23207016,1755991103000,1,131072,0
23207017,1755991115000,6,786432,0
23207018,1755991127000,0,0,0
23207019,1755991139000,9,1179648,0
23207020,1755991151000,1,131072,393216
23207021,1755991163000,0,0,0
23207022,1755991187000,6,786432,0
23207023,1755991199000,0,0,0
23207024,1755991211000,6,786432,0
23207025,1755991223000,6,786432,0
23207026,1755991235000,5,655360,0
23207027,1755991247000,3,393216,0
23207028,1755991259000,0,0,0
23207029,1755991271000,0,0,0
23207030,1755991283000,4,524288,0
23207031,1755991295000,0,0,0
23207032,1755991307000,3,393216,0
23207033,1755991319000,9,1179648,0
23207034,1755991331000,0,0,393216
23207035,1755991343000,4,524288,0
23207036,1755991355000,0,0,0
23207037,1755991367000,4,524288,0
23207038,1755991379000,0,0,0
23207039,1755991391000,0,0,0
23207040,1755991403000,0,0,0
23207041,1755991415000,4,524288,0
23207042,1755991427000,7,917504,0
23207043,1755991439000,7,917504,131072
23207044,1755991451000,0,0,262144
23207045,1755991463000,6,786432,0
23207046,1755991475000,1,131072,0
23207047,1755991487000,3,393216,0
23207048,1755991499000,6,786432,0
23207049,1755991511000,4,524288,0
23207050,1755991523000,0,0,0
23207051,1755991535000,3,393216,0
23207052,1755991547000,3,393216,0
23207053,1755991559000,0,0,0
23207054,1755991571000,0,0,0
23207055,1755991583000,4,524288,0
23207056,1755991595000,6,786432,0
23207057,1755991607000,7,917504,0
23207058,1755991619000,6,786432,131072
23207059,1755991631000,0,0,131072
23207060,1755991643000,5,655360,0
23207061,1755991655000,9,1179648,0
23207062,1755991667000,0,0,393216
23207063,1755991691000,6,786432,0
23207064,1755991703000,7,917504,0
23207065,1755991727000,7,917504,131072
23207066,1755991739000,3,393216,262144
23207067,1755991751000,0,0,0
23207068,1755991763000,3,393216,0
23207069,1755991775000,6,786432,0
23207070,1755991787000,6,786432,0
23207071,1755991799000,3,393216,0
23207072,1755991811000,0,0,0
23207073,1755991823000,6,786432,0
23207074,1755991835000,6,786432,0
23207075,1755991847000,6,786432,0
23207076,1755991859000,7,917504,0
23207077,1755991871000,9,1179648,131072
23207078,1755991883000,7,917504,524288
23207079,1755991895000,0,0,655360
23207080,1755991907000,3,393216,0
23207081,1755991919000,5,655360,0
23207082,1755991931000,0,0,0
23207083,1755991943000,6,786432,0
23207084,1755991955000,6,786432,0
23207085,1755991967000,0,0,0
23207086,1755991979000,8,1048576,0
23207087,1755991991000,9,1179648,262144
23207088,1755992003000,0,0,655360
23207089,1755992015000,3,393216,0
23207090,1755992027000,0,0,0
23207091,1755992039000,7,917504,0
23207092,1755992051000,6,786432,131072
23207093,1755992063000,3,393216,131072
23207094,1755992075000,5,655360,0
23207095,1755992087000,0,0,0
23207096,1755992099000,3,393216,0
23207097,1755992111000,3,393216,0
23207098,1755992123000,6,786432,0
23207099,1755992135000,6,786432,0
23207100,1755992147000,1,131072,0
23207101,1755992159000,3,393216,0
23207102,1755992171000,0,0,0
23207103,1755992183000,6,786432,0
23207104,1755992195000,0,0,0
23207105,1755992207000,9,1179648,0
23207106,1755992219000,0,0,393216
23207107,1755992231000,9,1179648,0
23207108,1755992243000,2,262144,393216
23207109,1755992255000,3,393216,0
23207110,1755992267000,4,524288,0
23207111,1755992279000,3,393216,0
23207112,1755992291000,0,0,0
23207113,1755992303000,4,524288,0
23207114,1755992315000,6,786432,0
23207115,1755992327000,3,393216,0
23207116,1755992339000,0,0,0
23207117,1755992351000,0,0,0
23207118,1755992363000,3,393216,0
23207119,1755992375000,3,393216,0
23207120,1755992387000,5,655360,0
23207121,1755992399000,0,0,0
23207122,1755992411000,9,1179648,0
23207123,1755992423000,1,131072,393216
23207124,1755992435000,3,393216,0
23207125,1755992447000,0,0,0
23207126,1755992459000,6,786432,0
23207127,1755992471000,6,786432,0
23207128,1755992483000,0,0,0
23207129,1755992495000,9,1179648,0
23207130,1755992507000,3,393216,393216
23207131,1755992519000,1,131072,0
23207132,1755992531000,1,131072,0
23207133,1755992543000,9,1179648,0
23207134,1755992555000,4,524288,393216
23207135,1755992567000,4,524288,131072
23207136,1755992579000,7,917504,0
23207137,1755992591000,6,786432,131072
23207138,1755992603000,0,0,131072
23207139,1755992615000,3,393216,0
23207140,1755992627000,2,262144,0
23207141,1755992639000,6,786432,0
23207142,1755992651000,3,393216,0
23207143,1755992663000,6,786432,0
23207144,1755992675000,3,393216,0
23207145,1755992687000,0,0,0
23207146,1755992699000,0,0,0
23207147,1755992711000,0,0,0
23207148,1755992723000,9,1179648,0
23207149,1755992735000,6,786432,393216
23207150,1755992747000,6,786432,393216
23207151,1755992759000,6,786432,393216
23207152,1755992771000,3,393216,393216
23207153,1755992783000,3,393216,0
23207154,1755992795000,3,393216,0
23207155,1755992807000,0,0,0
23207156,1755992819000,0,0,0
23207157,1755992831000,3,393216,0
23207158,1755992843000,7,917504,0
23207159,1755992855000,6,786432,131072
23207160,1755992867000,4,524288,131072
23207161,1755992879000,0,0,0
23207162,1755992891000,3,393216,0
23207163,1755992903000,3,393216,0
23207164,1755992915000,0,0,0
23207165,1755992927000,9,1179648,0
23207166,1755992939000,0,0,393216
23207167,1755992951000,0,0,0
23207168,1755992963000,9,1179648,0
23207169,1755992975000,7,917504,393216
23207170,1755992987000,0,0,524288
23207171,1755992999000,1,131072,0
23207172,1755993011000,3,393216,0
23207173,1755993023000,0,0,0
23207174,1755993035000,9,1179648,0
23207175,1755993047000,6,786432,393216
23207176,1755993059000,6,786432,393216
23207177,1755993071000,3,393216,393216
23207178,1755993083000,0,0,0
23207179,1755993095000,0,0,0
23207180,1755993107000,4,524288,0
23207181,1755993119000,7,917504,0
23207182,1755993131000,3,393216,131072
23207183,1755993143000,0,0,0
23207184,1755993155000,6,786432,0
23207185,1755993167000,4,524288,0
23207186,1755993179000,0,0,0
23207187,1755993191000,3,393216,0
23207188,1755993203000,6,786432,0
23207189,1755993215000,3,393216,0
23207190,1755993227000,0,0,0
23207191,1755993239000,3,393216,0
23207192,1755993251000,4,524288,0
23207193,1755993263000,0,0,0
23207194,1755993275000,3,393216,0
23207195,1755993287000,0,0,0
23207196,1755993299000,9,1179648,0
23207197,1755993311000,0,0,393216
23207198,1755993323000,0,0,0
23207199,1755993335000,6,786432,0
23207200,1755993347000,1,131072,0
23207201,1755993359000,3,393216,0
23207202,1755993371000,0,0,0
23207203,1755993383000,7,917504,0
23207204,1755993395000,3,393216,131072
23207205,1755993407000,1,131072,0
23207206,1755993419000,7,917504,0
23207207,1755993431000,5,655360,131072
23207208,1755993443000,6,786432,0
23207209,1755993455000,3,393216,0
23207210,1755993467000,7,917504,0
23207211,1755993479000,0,0,131072
23207212,1755993491000,4,524288,0
23207213,1755993503000,3,393216,0
23207214,1755993515000,1,131072,0
23207215,1755993527000,3,393216,0
23207216,1755993539000,0,0,0
23207217,1755993551000,7,917504,0
23207218,1755993563000,0,0,131072
23207219,1755993575000,6,786432,0
23207220,1755993587000,7,917504,0
23207221,1755993599000,6,786432,131072
